"","暧昧对象之间","暗恋对象-暗恋者","报案人-受害者","报案人-罪犯","编辑-作者","表兄弟姐妹之间","厨师-顾客","敌人之间","恩人-受助者","青梅竹马之间","情敌之间","人 - 上帝","认识但不熟的人之间","商家-客户","上级-下级","生意伙伴之间","生意竞争对手之间","师父-徒弟","收银员-顾客","首领-反贼","叔叔婶婶-侄子侄女","双胞胎之间","谈判中对立的双方","堂兄弟姐妹之间","同父异母(或同母异父)的子女之间","继子女之间","同事之间","同学之间","搭讪的人-被搭讪的人","施害者-受害者","受害者-旁观者","房东-租户","夫妻之间","服务员-顾客","子女-父母","义父义母-义子义女","公公婆婆-媳妇","雇主-保镖","雇主-雇员","官员-行贿者","冠军-亚军","黑帮老大-小弟","继父继母-儿女","继祖父母 - 继孙","寄养父母 - 寄养子女","老师-学生","家教-学生","假朋友之间（表面朋友，实则讨厌对方）","教徒之间","童年玩伴之间","外地人-本地人","外公外婆-外孙/外孙女","未婚夫-未婚妻","校友之间","校长-老师","亲兄弟姐妹之间","演员-编剧","演员-观众","演奏家 - 听众","爷爷奶奶-孙子女","主治医生-病人","姨父姨妈-侄子侄女","见义勇为者-受助者","金主 - 援交男/女","经理-老板","经理-员工","捐款人-受惠者","军官-部下","考官-考生","老师-家长","老乡之间","邻居之间","旅伴之间","卖家-买家","陌生人之间","玩伴之间","朋友之间","老朋友之间","挚友之间","知己之间","乞丐-路人","前任官员-现任官员","狱警-囚犯","原告-被告","原配-第三者","出轨者-小三","远房亲戚之间","岳父岳母-女婿","战友之间","政府官员-老百姓","政治对手之间","政治盟友之间","中介-客户","忠臣-反贼","主人-客人","主人-仆人","保姆-雇主","保姆-小孩","主职-副职","宗教领袖 - 信徒","祖先-后代","居委会-居民","远房表兄弟姐妹之间","君臣之间","债主-欠债人","亲家之间","律师-法官","律师-委托人","警察-老百姓","嫌疑人-警察","罪犯 - 人质","罪犯-被害人亲属","罪犯-旁观者","小偷-失主","罪犯-受害人","法官-检察官","犯罪同伙之间","赌徒之间","作家-读者","作家-评论家"
"暧昧对象之间",1,0.619259133303552,-0.220994055550987,-0.404580637931245,-0.37919942721359,0.588350552741125,-0.455340270112113,-0.180941918513001,0.366291894091925,0.773337793923983,0.0485346114622629,0.0870699593838422,-0.0642535910546384,-0.579201616054234,-0.515888372028832,-0.294971619481184,-0.399215472969459,0.254748947385579,-0.584790446911739,-0.379676724795926,0.569430215935893,0.717898828864827,-0.494266040852803,0.684548819354433,0.688235609194246,0.648094301207151,0.0594035171415661,0.534785854122937,0.142793546301265,-0.164577881709466,-0.207165937748992,-0.458195998314374,0.727380788926597,-0.518495651343472,0.565682153378508,0.503347091035146,0.450901740593167,-0.186270187951929,-0.516288464265306,-0.0261936860241483,-0.509796829420486,-0.0106907692371779,0.452666249729835,0.434016937322661,0.482523307661209,-0.136541852811957,-0.229809810611913,-0.0729110688911903,0.343220994950193,0.694297282241407,-0.313550731202334,0.518641082840845,0.843837801371671,0.347513234212313,-0.385570741507763,0.705670021324976,-0.35814080171728,-0.508313359007506,-0.192954893276678,0.530443413134417,-0.309307769181767,0.506361457251588,0.0742679294450507,0.119101498944635,-0.474241343144822,-0.490333103542521,0.0369470501189683,-0.205383960900854,-0.597726215111396,-0.188931708263625,0.551953299767969,0.35744902252942,0.820899616172232,-0.435509320030799,-0.260543559262043,0.724944411579602,0.732492108490536,0.649019918566903,0.662106475924729,0.759728315883977,-0.203565370246324,-0.559119053521947,-0.520148549671679,-0.429558425091773,0.0999698426422774,0.667613842594633,0.241027167356889,0.424829722307625,0.512153791764286,-0.434045548538033,-0.351923842688964,-0.18191754385761,-0.503367862874739,-0.327931744406493,0.487976801504232,-0.131733577002981,-0.375477341038787,-0.141711702230677,-0.677020656286624,0.0927251755711663,0.384561281772209,-0.344213326625029,0.54887094531439,-0.332293634661671,-0.311066279540898,0.668976229791262,-0.765785364782902,-0.350866613455073,-0.301151552738388,-0.552331151608091,-0.304288056229673,-0.281855330111896,-0.28177403380866,-0.264193900864411,-0.203540324537542,-0.512931732629928,0.242172409497686,-0.0948183028425256,-0.277029758456944,-0.508399975978745
"暗恋对象-暗恋者",0.619259133303552,1,0.356017550160351,0.196429243191192,-0.59382872532566,0.386238136725565,-0.393856756105201,0.301092311067256,0.238172959684586,0.40114520566214,0.508874276991308,0.595203494306748,0.439650760623541,-0.575822168890882,-0.641284788721035,-0.648749288680811,-0.0378488104991318,-0.0801456466437127,-0.398302806119469,0.173548179474166,0.404227600563839,0.308027993614291,-0.344609720231868,0.467936030839692,0.617468151923145,0.540333903743752,-0.461902824939649,0.0317112389687272,0.580433524597056,0.357693528633383,0.413543481422581,-0.428523352937067,0.239044905993586,-0.438750568745221,0.283157172108828,0.30417711178158,0.190899894814985,-0.405620039114654,-0.674950999658703,0.00913379211236515,-0.0162393274327764,0.0309838461801619,0.303740876196149,0.373114641928026,0.342142446775659,-0.410214877678337,-0.601247164109517,0.34735944540292,0.172354528769007,0.327345039045831,0.180675471986261,0.286039032980004,0.394237152391214,0.191216579860623,-0.630801235100321,0.329378998346482,-0.731560902700683,-0.155505334075889,-0.193142562545476,0.252084173536322,-0.552638697437608,0.508121724350723,0.324015690737099,0.256448466650232,-0.762822420527767,-0.715844082395217,0.251723218107975,-0.268265603279847,-0.0690198888693341,-0.473307299081312,0.397841755582484,0.0847877079832787,0.274739549582216,-0.470564435940911,0.297728745913508,0.263051494215513,0.296010151503638,0.244080049426545,0.257433024618967,0.351540752469066,0.34924429515746,-0.0145636200530939,0.0839649922250941,-0.116853538860973,0.55519223205655,0.591665575360598,0.472253301482799,0.215776466386169,0.0925928504003933,-0.310653455990494,-0.00482663594284615,-0.567652823013082,-0.599556943888869,0.227360035662744,0.137015739083162,-0.110223063315864,-0.583918850151999,-0.284396592244383,-0.665805023418452,0.18413563762626,0.477836971150041,-0.53232985375661,0.618201625873638,-0.527577905444912,-0.0495930456574647,0.325741562525145,-0.506834063251259,-0.655722905201864,-0.0987637683416895,-0.00610926400146647,0.172679009614308,0.308994513370023,0.354334508784923,0.241829465444059,0.281484585455996,-0.439982129476542,-0.00658392972193337,0.184037756458175,0.0529007556312637,-0.0508203158593388
"报案人-受害者",-0.220994055550987,0.356017550160351,1,0.917985539619553,-0.492512752834247,-0.303330773410987,-0.159138048416515,0.786106338893905,-0.309519634075002,-0.349750365145228,0.772120898066926,0.345469849153936,0.5139294410491,-0.189613068917556,-0.295384774350186,-0.443286507755216,0.633568805533065,-0.541193274368662,0.0522720272068314,0.797930482642414,-0.247202413350122,-0.409002918337406,0.39788829276461,-0.278304447882092,0.0087719194892554,0.0338901520396603,-0.519177067439744,-0.53846324443446,0.585168681188909,0.884809180932009,0.865247838912185,-0.075590131042099,-0.40450290347079,-0.066444319245847,-0.26372334626216,-0.255518988014734,-0.189346796036011,-0.438714868751946,-0.291168770020211,0.228164028279448,0.544405494612776,0.185458301054763,-0.158653983566885,-0.156466948630953,-0.221980102598201,-0.478055044045689,-0.630973358090203,0.658033323110639,-0.23015173626784,-0.413289086669462,0.587889178062696,-0.316882774029524,-0.392761407232513,-0.233623317523975,-0.519077472538158,-0.372518251891733,-0.490746059906652,0.0460164226456976,-0.24008466275268,-0.319714212586669,-0.413359294661158,-0.114541364955931,0.249451850578047,0.253359381678283,-0.426898863694587,-0.396615038269708,0.0522360018353746,-0.265000315603996,0.476125502959595,-0.514626977680472,-0.323578727171428,-0.330735759724972,-0.379097978269134,-0.0473864298882977,0.627844610179986,-0.438497203446245,-0.463143123778587,-0.439863773915236,-0.451213384659716,-0.445677454590673,0.498122572332155,0.58570645435703,0.795252239774573,0.710500044848114,0.760591653129491,0.271942224336095,0.113894406810445,-0.309395730631647,-0.463834328102326,-0.224337323386408,0.645522346031155,-0.382515846846432,-0.21750206188524,0.808970628792709,-0.430234774131968,-0.0879248358176668,-0.396468847166207,-0.423592185833827,-0.118286630921112,-0.123635572852566,-0.0192244183147099,-0.445364975182673,-0.00907020779580474,-0.309911041539315,0.495859000823098,-0.35621718504927,0.219027394874951,-0.415052161809575,-0.138315901446888,0.769430984601259,0.82085859938188,0.899028918766516,0.827012553798422,0.832149188975914,0.883436202739076,-0.108591030321725,0.0849874264781588,0.596712200733831,0.000580692310833546,0.377874411278527
"报案人-罪犯",-0.404580637931245,0.196429243191192,0.917985539619553,1,-0.398095994427751,-0.420258024770018,-0.0676899576859612,0.865303148588299,-0.465599568086081,-0.508957240103579,0.788725485119803,0.270232322098849,0.509146865952393,-0.0486086061048555,-0.139672472526836,-0.326061202787767,0.744020554935754,-0.606011160315909,0.182314183024086,0.880832553094141,-0.394261461614742,-0.538530716855787,0.54718345386791,-0.408521118491363,-0.136016377851106,-0.108723487250354,-0.412851247275162,-0.593276691800146,0.583816015865312,0.903441892388686,0.849616964575465,0.0495607928278326,-0.567679000106685,0.0596471096025781,-0.420929302149513,-0.414870869090334,-0.316653335666044,-0.385802625971602,-0.140610926115228,0.227180190756267,0.711690712550788,0.223597007583501,-0.296642811179114,-0.315100657042552,-0.396070847856826,-0.510957573359799,-0.592908390576395,0.702973596811704,-0.30546306739206,-0.5271798939731,0.648149768301493,-0.46564406365575,-0.545082277080042,-0.231062373649123,-0.460358311988658,-0.530505807388071,-0.392480568163328,0.168378955120066,-0.189889043912888,-0.460510307776291,-0.381263606792151,-0.259775738368686,0.127348011026362,0.229647821944776,-0.257151981415971,-0.224708889105694,-0.116960216734581,-0.231888653961386,0.562039826941262,-0.493815232296203,-0.40030483988674,-0.361420761568737,-0.552766124060121,0.00557479601257127,0.657951932632028,-0.566887899655472,-0.585963307540117,-0.577605170706776,-0.568012251812571,-0.60591553478688,0.557608460800144,0.630684817664688,0.886093388299019,0.820615243486914,0.725313609905523,0.119995740834654,0.0474927003223774,-0.440746282900571,-0.593780817986359,-0.233224052957237,0.78705517653823,-0.318448676088639,-0.0730377200252916,0.894848899257524,-0.521568437569589,-0.0462704401542824,-0.288543947427095,-0.434211497142255,0.0626428485481351,-0.176664634536391,-0.171104827651981,-0.3648203672549,-0.150021458984095,-0.22659693583957,0.580888816533099,-0.522544941281713,0.351848661902946,-0.345464973599437,-0.150659526960627,0.89571197614785,0.874397622921275,0.937028663623275,0.873480148805642,0.874590932420868,0.913115401343294,-0.0534559411534301,0.0626538330237605,0.660737958744512,0.0111464872811724,0.475182667601689
"编辑-作者",-0.37919942721359,-0.59382872532566,-0.492512752834247,-0.398095994427751,1,-0.352140527336567,0.613917524072484,-0.350725028155507,-0.135425115241278,-0.419614809389996,-0.509711966417691,-0.444497188726137,-0.267186476539429,0.725050215181722,0.559175829002253,0.819962698599214,0.0385129948063804,-0.0329687121359152,0.456820936901539,-0.250558055508649,-0.4343961969397,-0.356101719449301,0.222198883564493,-0.32756613496594,-0.527735223856286,-0.619243288998704,0.291049796231769,-0.156201393948487,-0.471924228352586,-0.476471839351373,-0.496025486157777,0.627792458371556,-0.230292345585592,0.462555752121904,-0.412483617330983,-0.420762530352568,-0.409369807311712,0.575624374066697,0.671109148669116,0.247755573366828,-0.207453432261648,0.0097938455147989,-0.41055818359467,-0.496190777522624,-0.427182519536735,0.155945890918164,0.60520801612544,-0.252863431469445,-0.174815904540793,-0.283313615458096,-0.128157797741345,-0.383063057839748,-0.326458637425608,-0.192141476613844,0.494754085448849,-0.304336515412322,0.749657752334292,0.471423068239714,0.208519834298651,-0.400563395790101,0.616817232914853,-0.478612689864533,-0.398128748359615,0.0619775626086042,0.726103486874387,0.721727582463136,-0.0124789718032094,0.0807103341340774,-0.198076609731906,0.408261317588504,-0.235418949506958,-0.215749552550048,-0.215363885521522,0.683543465293969,-0.203066544730302,-0.321143311539963,-0.264680970405706,-0.247547752420008,-0.302246000076961,-0.202574108449296,-0.364569101057794,0.0557632529652682,-0.300958288388974,-0.16981904893958,-0.465622200388139,-0.391327041228714,-0.269989862906858,-0.303695760884531,-0.21563924427861,0.354957106431945,-0.0765541840009727,0.804792769106089,0.768185474832648,-0.241733931600837,-0.178795197700278,0.243217693074984,0.741701113835057,0.267231777412058,0.570678313285019,-0.0995127462239007,-0.432615619424218,0.388311436679898,-0.409254647408704,0.467940759910696,0.0791896483753623,-0.226759287222713,0.309449254249781,0.750596346631381,0.040191901777185,-0.228690149754733,-0.309679163535685,-0.398375027437749,-0.451022451959913,-0.356929200570206,-0.432546857117362,0.393770589400044,0.177525649128556,-0.206183817318978,0.387638430955933,0.204056341094554
"表兄弟姐妹之间",0.588350552741125,0.386238136725565,-0.303330773410987,-0.420258024770018,-0.352140527336567,1,-0.615783915411544,-0.357665808394994,0.59964838142943,0.861767780439401,-0.19091957817583,0.293490275604134,-0.0751587214711667,-0.677630349360189,-0.497077536727916,-0.380562944965076,-0.620206083210566,0.526431819827463,-0.705167985231448,-0.487535821858784,0.781277222621817,0.900293019110932,-0.587969059947258,0.957672790173684,0.865665946205766,0.780836427857991,0.118630207980806,0.741407034145429,-0.153591260581575,-0.405492393965068,-0.218254402920173,-0.642370132536747,0.760814528463798,-0.716607050983571,0.715605050143664,0.725045908335623,0.621496157288838,-0.484557939948778,-0.617913942770973,-0.590352982122736,-0.40673561440415,-0.429873910877597,0.615206104784642,0.709788221182749,0.685285906084878,0.234904832652008,-0.265013193116308,-0.395628464912256,0.392051586507843,0.90145896012052,-0.356836905285638,0.770778232314969,0.813025394481485,0.597433522739901,0.0533124112091829,0.906659585399955,-0.433762576540118,-0.429460224744963,-0.302747526431803,0.723912656719306,-0.314168309346434,0.754005935874131,0.370402801817845,-0.607227206944785,-0.476528816524321,-0.5187274233766,0.214028549055883,0.191543347050338,-0.473701460633381,0.195550568668702,0.790299721924094,0.691050073595036,0.64283810933638,-0.669082868155999,-0.343886016645906,0.852147570840095,0.869030745136416,0.921291248967713,0.891460329838922,0.875355471243808,-0.276279377480186,-0.348578907151696,-0.491690669563018,-0.504294747369747,-0.23518796451307,-0.0110795076489942,0.459145623588382,0.74679643637937,0.80637476974853,0.0605020168747026,-0.503126371867914,-0.168571586625712,-0.702160788110351,-0.472332633273032,0.35763204180742,-0.472739135472708,-0.556412333783255,-0.195860172876342,-0.627487310683472,0.305301254033476,0.623299844184346,0.033906369360192,0.788009645052144,-0.268428085038975,-0.619930453493127,0.936047431767993,-0.503024887350402,-0.436899925596477,0.280958924602357,-0.580235145596155,-0.595327669463737,-0.355561762450581,-0.385985146075633,-0.533108665460957,-0.425645421173036,-0.106859507701824,-0.393507063373582,-0.579022380442853,-0.0447203328531181,-0.24546660568141
"厨师-顾客",-0.455340270112113,-0.393856756105201,-0.159138048416515,-0.0676899576859612,0.613917524072484,-0.615783915411544,1,-0.11773533157883,-0.230037649556646,-0.528635918726093,-0.244158933019205,-0.445440618825896,0.0244638959720692,0.888346285118731,0.343700808705482,0.660872594694705,0.267191788956472,-0.44027352266805,0.906715083927352,-0.0613272056111011,-0.679080498429414,-0.518556928666436,0.336208051983608,-0.614545381406861,-0.719956766498026,-0.763253814672768,0.0345726110949919,-0.383628329569014,-0.0726600155468864,-0.126561887503018,-0.146577684838978,0.832320841930435,-0.470710265054579,0.916988910452818,-0.638767534288048,-0.704118822830232,-0.705179738949535,0.568335512674065,0.675943200970474,0.282848311189859,-0.00277206924284291,-0.00312331519250017,-0.639978317951885,-0.668281089315426,-0.600617012688334,-0.136344634100647,0.504437247943628,0.0366354686930992,-0.540219345185577,-0.534545549173048,0.215004664295839,-0.617786810495183,-0.496428800609824,-0.365067522110727,0.0794209778217831,-0.553837216929712,0.545332124329225,0.715940914282107,0.608987205791398,-0.549728479386982,0.64594445360735,-0.70444336753779,-0.201354208619812,0.320620041353864,0.523519426362225,0.504245374619575,0.123412179145604,-0.335711101600303,0.215253367956685,0.101958701787028,-0.375339606419738,-0.293171042871783,-0.33668562138438,0.868412570943772,0.179790392165265,-0.539404461191957,-0.512328704353225,-0.496227768848346,-0.52365345590767,-0.515650763443174,0.186296621793468,-0.0135409873540136,-0.0449803865559958,0.141968054002671,-0.249177725698326,-0.24791311785736,-0.342915453737345,-0.624032049398096,-0.460924118392923,0.0930180743996053,-0.0294238971716309,0.29001119567804,0.864877519650569,-0.0567251571720931,-0.0932847215691518,0.371858461773641,0.673970330912626,0.498869269890188,0.38365813018836,-0.442631638242826,-0.635362303165666,0.287395191149353,-0.551101755202421,0.0551544042779776,0.335108067215248,-0.575194378842479,0.344158186853548,0.750710551466816,-0.0435082996592812,-0.0267070199827545,0.0630191953640179,-0.143234643937304,-0.0338974389608959,0.0655526875405536,-0.141449137173313,0.103526522020942,0.142038294408288,0.228325782951907,0.318674995914356,0.103180929788125
"敌人之间",-0.180941918513001,0.301092311067256,0.786106338893905,0.865303148588299,-0.350725028155507,-0.357665808394994,-0.11773533157883,1,-0.567462628566268,-0.440416972869806,0.917968419409428,0.348582485483003,0.650044955537996,-0.143114615223547,-0.260612089864436,-0.247058010996129,0.792314828038899,-0.591706143291756,0.0351512078962756,0.919304269722102,-0.365151759767878,-0.47789209537321,0.567327162761777,-0.27121338926673,-0.0562603286078334,-0.0569359937713139,-0.300923311475288,-0.540361475482098,0.693690338281878,0.927896675565959,0.824279543278408,0.0199478752940609,-0.560828993056743,-0.0361991078759168,-0.466384702442025,-0.373710777774623,-0.323557305061911,-0.367656755702146,-0.235429309327683,0.390372712863988,0.575135372214717,0.40772392900394,-0.271718485232752,-0.324239566052222,-0.434964708284015,-0.695007409660275,-0.655964738588341,0.893124820791464,-0.169926342501051,-0.400200724089713,0.661325326205674,-0.496530069826826,-0.455367856588384,-0.15970878284353,-0.649105795577863,-0.489420859190946,-0.42887952545059,0.137928123977847,-0.287756950219882,-0.506040625267714,-0.581926155419269,-0.241042043116839,-0.0456585065972016,0.418445602284619,-0.340446843252244,-0.294468534149539,-0.244058196080562,-0.39700989187981,0.30102570537603,-0.623247788716398,-0.18366161856573,-0.23256679949759,-0.388353424159381,-0.0145560637539741,0.740655600630294,-0.466531982140617,-0.486505224082876,-0.471277635694462,-0.484428905593329,-0.497819478391218,0.592927479233339,0.558770185015291,0.734938667012897,0.78469655016358,0.867416635256369,0.350155364004209,0.208697919533614,-0.441678721328738,-0.597704690814217,-0.436022776447504,0.848964429784849,-0.252098037370453,-0.0841760323321879,0.929401928594569,-0.471801299331663,0.0688134939596159,-0.317710849099862,-0.498108492100795,-0.0559176665342402,-0.13256651315382,-0.226491461820859,-0.55060646342253,-0.0429268345035647,-0.296267321099281,0.656266436730659,-0.402327107166373,0.0556255042430669,-0.44928635631823,-0.440654895026615,0.720708225946576,0.854694385208095,0.93475523042694,0.870516338333267,0.886520988742492,0.899626226453134,-0.324394767224706,0.288788692340216,0.802046391998704,0.0356149640611129,0.430909863215623
"恩人-受助者",0.366291894091925,0.238172959684586,-0.309519634075002,-0.465599568086081,-0.135425115241278,0.59964838142943,-0.230037649556646,-0.567462628566268,1,0.579649253238322,-0.435171274741281,0.14463061319565,-0.284300707821467,-0.283885152535779,-0.218876129672978,-0.162751386286162,-0.606665116986364,0.547885966288611,-0.352993376037977,-0.520970195767261,0.622891220857601,0.630998222332297,-0.674748557849926,0.538032572786922,0.437932952236026,0.497228895837237,-0.255040351379375,0.439519281755703,-0.338708654570962,-0.436948603399153,-0.366260056308872,-0.209788540018817,0.527283059384219,-0.353523598526365,0.661557657638721,0.670231667860161,0.564759147673545,-0.0367803221478253,-0.165775724739241,-0.31000054832278,-0.463525215144673,-0.337435659921915,0.668373008213982,0.66870400161838,0.702716575387928,0.405246146302776,0.145853851691883,-0.556780521415502,0.00805777775735034,0.576484311287834,-0.384981578621555,0.674465520502473,0.552021681843655,0.12578042098757,0.150473119780132,0.717577440812877,-0.257656332782607,-0.242443841846958,0.039700181226563,0.712761633859113,0.113392031879797,0.59876793913328,0.387261586014925,-0.348854288307275,-0.16216568713807,-0.248167986565724,0.737762867258211,0.200787742369716,-0.311418410593449,0.0569423011806529,0.403750517375574,0.312577720998054,0.432178523271348,-0.310319914657808,-0.445505052737868,0.553681906191168,0.585542035096503,0.629196806824552,0.587552191419562,0.625353179576466,-0.224876037879902,-0.471282597124866,-0.505440794846534,-0.544683339585276,-0.372892427158705,-0.0283322019744836,0.250111357240411,0.710109492897882,0.58744254465184,0.191958110397891,-0.665385653961785,-0.136710394024356,-0.373878786426633,-0.574809950509691,0.52708082575198,-0.118956731033042,-0.109267021705272,0.289501392294221,-0.373972328611143,0.204163036509137,0.595106169435228,0.130208205296074,0.504669540497695,-0.0219295615194502,-0.374195370433649,0.597493615703026,-0.457176802146858,-0.100226838002642,0.265033876679117,-0.5357592166566,-0.454712656383807,-0.40979655996461,-0.48996651220842,-0.419227691870486,-0.428773616169269,-0.137086586901738,-0.267495909134465,-0.522662275491599,-0.0540324006903968,-0.424653996515004
"青梅竹马之间",0.773337793923983,0.40114520566214,-0.349750365145228,-0.508957240103579,-0.419614809389996,0.861767780439401,-0.528635918726093,-0.440416972869806,0.579649253238322,1,-0.212197809818598,0.0877093832974619,-0.258422569531901,-0.658927044669849,-0.5220296648949,-0.356372700055968,-0.597514331922124,0.488879291875897,-0.599648562737394,-0.602615281757817,0.733753734275814,0.95811883351649,-0.613887538047971,0.846017056376812,0.790092185275878,0.739253052018704,0.167067609390653,0.785303707056611,-0.143498763649932,-0.416636088449741,-0.359853552601779,-0.610266043893955,0.896519200342641,-0.576384642719399,0.775548472135627,0.691392480629584,0.611690703419076,-0.341733954530098,-0.562091296015693,-0.532569042095421,-0.477148828734217,-0.389085141183491,0.562026190531642,0.633964238202307,0.669718908671981,0.270425279835269,-0.149772836253278,-0.446916231703203,0.337504995498516,0.898329377962962,-0.485961205246288,0.75665497025421,0.949799459240292,0.464011206467789,-0.0661861959364076,0.914348892118866,-0.391510058858862,-0.555179272262051,-0.157669080954358,0.76908077422216,-0.214456182185906,0.660544680284488,0.295812297393421,-0.429030157884171,-0.468806720385767,-0.519436436699953,0.174232962951942,0.0771888042882632,-0.50922256741512,0.192371000762401,0.635355318345217,0.544770498704308,0.789137101281877,-0.572392899548074,-0.480669819581436,0.932936014474271,0.887396169966307,0.900076399581798,0.925161750046192,0.891190266236961,-0.353517348065294,-0.57283932536357,-0.568086939008472,-0.49443991649043,-0.257026161376327,0.187805683243443,0.232232417698977,0.647542110969098,0.870432448731548,-0.0798470762752793,-0.555159417668727,-0.235850865783379,-0.636420743824611,-0.546481780073928,0.536036046132755,-0.438293728037074,-0.479589419985553,-0.0994624533299608,-0.659718408617764,0.188519704283877,0.50778815965561,-0.010106098801315,0.688693192442519,-0.293905737133046,-0.600263463829783,0.869064067162858,-0.537640695738823,-0.355726572145956,0.135236821574915,-0.61114210836836,-0.572806674385759,-0.462372002686613,-0.489890522751584,-0.513548710991547,-0.445075311740186,-0.190424200275593,-0.22243880593604,-0.473687358834997,-0.285957766552526,-0.511399545424829
"情敌之间",0.0485346114622629,0.508874276991308,0.772120898066926,0.788725485119803,-0.509711966417691,-0.19091957817583,-0.244158933019205,0.917968419409428,-0.435171274741281,-0.212197809818598,1,0.422047714114204,0.691976905665092,-0.30366059367298,-0.519381608172899,-0.447860069280308,0.613316477908951,-0.59781808370625,-0.0737373160617406,0.777873566586589,-0.23631381013792,-0.27957031712739,0.427552194515944,-0.0854191873394525,0.15506883343531,0.146432102849801,-0.310650078546971,-0.345862814041236,0.821342535164171,0.870521607918723,0.806236650179846,-0.180577428841646,-0.359602672308419,-0.150894290979067,-0.3294526652755,-0.244013901573543,-0.223427509298294,-0.508124582876143,-0.482812937364792,0.247685298045508,0.588988240113129,0.239667154130154,-0.197050972697933,-0.19550702397045,-0.320680427109963,-0.768827843685671,-0.796223585911874,0.872103241412306,-0.0352375718977338,-0.194772343560445,0.665824586112374,-0.358940627122852,-0.221192288780594,0.0359974075095799,-0.786752774988275,-0.319529222156942,-0.588551281763537,0.05434973917066,-0.251895275297055,-0.378788476961717,-0.702182386049456,-0.104852960169884,0.131560189790471,0.385309675346898,-0.593968710184266,-0.521209383380738,-0.173106619006533,-0.511015706936155,0.242427959284884,-0.663263559123154,-0.0555741507982382,-0.157275051054088,-0.123987717954546,-0.144278928310804,0.724330565488047,-0.263028545294196,-0.310398497389561,-0.309670743071149,-0.284788683369622,-0.289636308471278,0.602859845236091,0.495340505590147,0.581622152772799,0.675649292026533,0.903036234951871,0.478370643856591,0.31932579902976,-0.342686371073034,-0.437173226346912,-0.500845616817584,0.721496291212976,-0.383605785420157,-0.270848157149272,0.819682716007538,-0.287706352430328,-0.138581148395247,-0.532173255269314,-0.616972947616768,-0.233083543058033,-0.106817935975504,-0.106699929063908,-0.678588501924498,0.178183095313707,-0.510197721423869,0.45896474566519,-0.206053462482461,-0.055282946045044,-0.587456402573512,-0.468889664139046,0.618738629659388,0.764046500568317,0.86199495868877,0.848558277017258,0.806010290151905,0.854954806031471,-0.368880148229643,0.243855614475226,0.752398480053015,0.0133077797925095,0.384226298204184
"人 - 上帝",0.0870699593838422,0.595203494306748,0.345469849153936,0.270232322098849,-0.444497188726137,0.293490275604134,-0.445440618825896,0.348582485483003,0.14463061319565,0.0877093832974619,0.422047714114204,1,0.579678670507163,-0.505473462057114,-0.474872757201928,-0.645419317858092,-0.0608847368271171,0.0813591504894235,-0.372805007145921,0.317290589109258,0.467371238737714,0.0141923994799076,-0.28879453447957,0.317603322408905,0.37549098586207,0.357442886757969,-0.571039383912873,-0.151995256833498,0.414215537164505,0.290817531888345,0.560243926676253,-0.415956239069375,-0.116472332039397,-0.482339608310359,0.257734666810453,0.442893547741447,0.288210220888853,-0.520270336678433,-0.621314354567274,-0.136928780145372,0.194305829059026,0.0148304483840692,0.406084934853267,0.524725023553325,0.355914415664459,-0.159989102661682,-0.568782550354788,0.295360811125373,0.327536125896128,0.168868033357943,0.326888811274352,0.340861872939391,0.014721743189372,0.145422503806362,-0.274313533598868,0.0795338507132275,-0.649357664861343,0.0236565701303826,-0.194082821897352,0.259716313548342,-0.641025407921221,0.598850449670373,0.419800009379871,-0.0146519932202508,-0.66594568885764,-0.595905464725549,0.33020747941198,0.0412398178668298,0.215648466386276,-0.260442114770989,0.363300030115828,0.0832393854782502,-0.122884970387006,-0.511251281921417,0.461328066544305,-0.0123839423090965,0.04306278193825,0.0432030114271598,0.0677368436594516,0.0599986600142287,0.50697607044167,0.386086191458158,0.173826278390151,-0.0723421512312985,0.438975745780014,0.131497036331059,0.731384581005274,0.377179831913763,-0.0599902318053049,0.109819107381629,0.0290511776234174,-0.486169346505717,-0.594933727498864,0.273719757338512,-0.126548762056925,-0.206413241470994,-0.583961895101182,-0.313822533950008,-0.359805965763107,0.570998251684502,0.652124205788614,-0.376565666482072,0.571348033261335,-0.286962331677568,-0.107157840881938,0.168826094725662,-0.264641371354345,-0.760380023923097,0.156307931669644,0.133138173499997,0.128321688060074,0.383911503095245,0.480737428396209,0.249089160658032,0.25889827270836,-0.160909648065051,-0.349219458374199,0.051179113671185,0.335580848546688,0.273009754084486
"认识但不熟的人之间",-0.0642535910546384,0.439650760623541,0.5139294410491,0.509146865952393,-0.267186476539429,-0.0751587214711667,0.0244638959720692,0.650044955537996,-0.284300707821467,-0.258422569531901,0.691976905665092,0.579678670507163,1,-0.036312017482786,-0.544346770151071,-0.337287033431113,0.388041302539305,-0.650780048624172,0.091681099607493,0.519730205689787,-0.194251316246769,-0.305501977176194,0.283288569600784,0.0128146011277927,0.0930808404109484,0.0325303043661876,-0.281712805662273,-0.27129331738673,0.766812878606508,0.541962274334277,0.797070393937247,0.0452048970486071,-0.448411246360832,-0.00505873719901434,-0.411097118773798,-0.246685650931652,-0.357482894501762,-0.483327945092332,-0.445786768522997,0.152992270262217,0.362226228576321,-0.0605547131825677,-0.27493041801016,-0.150360068741128,-0.326890841580528,-0.730412964646496,-0.681862668689254,0.770345741157993,-0.0607836264552135,-0.123321600405305,0.824309360988957,-0.32076525273816,-0.295825709821629,0.247298052309881,-0.630912273734515,-0.292960650350153,-0.529952133921353,0.437010145150762,-0.0510076225253499,-0.375707046318221,-0.55102798247339,-0.0614915048164171,0.248535003816848,0.293832043137729,-0.578282592194733,-0.5227964474979,0.130599210476181,-0.611205307447738,0.219992758332642,-0.370097434342497,0.309893518378155,0.19624995215424,-0.15122606170693,0.0624972206258219,0.94082574069463,-0.283626210927096,-0.2123898407134,-0.226520937666142,-0.261957024811206,-0.27266577267546,0.818456128216803,0.577954782371185,0.307437428674118,0.368578877918206,0.649774688597677,0.257031234710256,0.613577952779942,-0.246784016571176,-0.438482325897054,-0.234934940018908,0.342611266418186,-0.32087763782112,-0.0915332563731407,0.540548257383105,-0.110115536734038,-0.164854196325586,-0.420119106259786,-0.390461905752168,-0.341162643327073,-0.141815243397487,-0.0103335034426095,-0.427593937225009,0.327405512680332,-0.698128463262352,0.252481956955799,-0.109476155250957,-0.137984167324035,-0.460624993325997,-0.199239995708634,0.253515267121482,0.439680073116787,0.597857519315407,0.777134323303201,0.551944414055324,0.479288887817947,-0.323036752774642,-0.0183988123277848,0.559445186107774,0.42440632017532,0.530703066128204
"商家-客户",-0.579201616054234,-0.575822168890882,-0.189613068917556,-0.0486086061048555,0.725050215181722,-0.677630349360189,0.888346285118731,-0.143114615223547,-0.283885152535779,-0.658927044669849,-0.30366059367298,-0.505473462057114,-0.036312017482786,1,0.527578864039861,0.732739664105614,0.291608274077772,-0.388990640464822,0.826406426725813,-0.0270507880676449,-0.69603382534246,-0.620384472967362,0.463931393176647,-0.674448429716118,-0.756772288025416,-0.791230033739106,0.113743719051694,-0.392625718002872,-0.193374951082452,-0.170257145187426,-0.180113859967957,0.878004237796572,-0.489921878391878,0.852475196696524,-0.637016524660946,-0.695122816209384,-0.638801182642639,0.551682990165029,0.771473983343312,0.3320176697073,0.0353267899279784,-0.0283574695798559,-0.628110749469939,-0.685198314663839,-0.638364368179148,-0.0651997094078794,0.548916376523873,0.019831850533051,-0.523713913990687,-0.608613236668517,0.210398003477225,-0.614974653664548,-0.586586351543052,-0.326519852131701,0.236508408488055,-0.622090631255047,0.61414063259194,0.664546818745804,0.499443054292414,-0.576068137334628,0.666909709925009,-0.721456489984144,-0.324144991102654,0.280782467147015,0.686254656817502,0.669058906937331,-0.0288705907083774,-0.225580204751701,0.148953534168975,0.210718816736575,-0.447318539355305,-0.268046934276676,-0.451993587144846,0.883423676005628,0.118925378584093,-0.608060215575296,-0.546884748082114,-0.570855246717198,-0.594172134695378,-0.579699129532604,0.0570075506456116,0.0920615706839513,-0.0206534855578474,0.163116410976445,-0.269601448111255,-0.321311080054981,-0.364561883886888,-0.568611592248159,-0.525312527994175,0.216525318509951,0.058284151869977,0.490884861281825,0.947323376395804,-0.023113176271604,-0.149907175186685,0.318470914622281,0.763811469231134,0.409946838064622,0.557309275323448,-0.446741958140475,-0.633310830782816,0.373938890672738,-0.65054237636736,0.24957752264852,0.336355547119463,-0.602856163396793,0.474164713666681,0.791753295485251,-0.0343405983586412,0.0446282221761982,0.0527861200000073,-0.147129785048667,-0.0790028012845993,0.00588179673507257,-0.140280354665737,0.228707038144884,0.12147518258812,0.147008843990254,0.304628614717344,0.169397049203636
"上级-下级",-0.515888372028832,-0.641284788721035,-0.295384774350186,-0.139672472526836,0.559175829002253,-0.497077536727916,0.343700808705482,-0.260612089864436,-0.218876129672978,-0.5220296648949,-0.519381608172899,-0.474872757201928,-0.544346770151071,0.527578864039861,1,0.534346109534578,0.0716366645388357,0.212865729334341,0.295826961161543,-0.0211351326550162,-0.310222249560741,-0.456846391160585,0.160544458383167,-0.594577533949189,-0.636095411048987,-0.545344487423712,0.218193161760986,-0.317942861057513,-0.525240288625115,-0.215146409044252,-0.390277329450279,0.449620473161611,-0.291121800692996,0.409552808095686,-0.226604385180751,-0.278807563865687,-0.141994299044516,0.660762748717532,0.827552589086226,0.275269307357131,-0.109321340613924,0.392587485584237,-0.167093420008157,-0.308293219863321,-0.196405181538546,0.450054359473028,0.70197011023453,-0.330339524560909,-0.0786483006607807,-0.543584625455363,-0.352856857160668,-0.241717377467689,-0.465297769817108,-0.424951080949063,0.655606972551715,-0.423946314047741,0.741180984073933,0.0995904796807262,0.0733306017150393,-0.248748411412969,0.591334744111752,-0.37866513324273,-0.526593470399443,0.0809706014960149,0.887051564880419,0.894884696537756,-0.278650009123664,0.498470592574612,0.14635886819875,0.278711120876434,-0.569020123229955,-0.381149457396078,-0.524608526637878,0.317612703243717,-0.393873147324771,-0.425807456707144,-0.406730952103989,-0.445287451679432,-0.453423990125877,-0.432289831858821,-0.37017694538122,-0.0935788594596713,0.133864100895904,-0.0698786179290022,-0.392940809718588,-0.40910228394505,-0.584152066478848,-0.196931335149609,-0.290422767115044,0.365373850136664,0.0355006255687304,0.397940007180456,0.539399150153697,-0.10373889525302,-0.244325219362512,0.532532507237726,0.70086604170688,0.422427040593902,0.738160237569546,0.0311492247338527,-0.301299833601337,0.51839515148721,-0.736877570041533,0.830267001825769,0.171650652790123,-0.521427037794228,0.434293450642917,0.622960236445043,0.168379767472252,0.13163677086753,-0.0368368476830875,-0.224701894769411,-0.300944558296515,-0.182580016891897,-0.192565656298572,0.413160856112275,0.13870151469512,-0.178657314640005,-0.136343249816372,-0.117958802292928
"生意伙伴之间",-0.294971619481184,-0.648749288680811,-0.443286507755216,-0.326061202787767,0.819962698599214,-0.380562944965076,0.660872594694705,-0.247058010996129,-0.162751386286162,-0.356372700055968,-0.447860069280308,-0.645419317858092,-0.337287033431113,0.732739664105614,0.534346109534578,1,0.185979436573228,-0.065092414848911,0.483372441839926,-0.193082929240497,-0.47974183247425,-0.256928334092003,0.319511106332342,-0.366058260773858,-0.520543970922466,-0.551145270954423,0.381159551781991,-0.101123584654363,-0.49423665362029,-0.332496518072289,-0.511963795517318,0.710731785356081,-0.16760752155653,0.568389582832156,-0.399268292564647,-0.476322892617687,-0.381822902902076,0.602907144075015,0.797520399518812,0.347593983343693,-0.294739705561379,0.114025583320883,-0.370654541243924,-0.545065428243993,-0.45409085255698,0.0690156891383787,0.619995766715297,-0.159473533316035,-0.380677684192636,-0.276267738374078,-0.167792007727496,-0.417501429217314,-0.25264612511043,-0.295211757840427,0.337970587089617,-0.244684066084043,0.73556196684773,0.283573940830663,0.184288228586003,-0.355521214950384,0.61744529641851,-0.586926654498217,-0.545054665368391,0.147184906038408,0.769607568947618,0.732090960745982,-0.144159144521401,-0.0688282890193963,-0.288193234248012,0.214950677413231,-0.249803966587203,-0.11800537119582,-0.155190670875163,0.718694421122351,-0.236885441773489,-0.259531358506842,-0.224787855704738,-0.201951874638846,-0.268456809788611,-0.200988562419251,-0.358077775226015,-0.192294383920316,-0.269287439742065,0.00207172712885443,-0.403799763823105,-0.263161064458291,-0.357401781724482,-0.359199440168676,-0.189957183547734,0.0963585023683392,0.00371327796069617,0.757457985481485,0.78274267702025,-0.18920986019331,-0.16301225934317,0.396069874040345,0.760548440008499,0.35912813897593,0.479652053742229,-0.356708449441819,-0.558782388215191,0.411983067951384,-0.50533960971983,0.435586909287721,0.265473714086479,-0.242598719204395,0.183044253723334,0.775195398063091,-0.175128523432162,-0.223362678915947,-0.151436208779776,-0.329836822490532,-0.43808825029181,-0.216178083863556,-0.300215268867188,0.0929036932038846,0.345346506997218,-0.00243327922446121,0.106555971432237,-0.0942676746939536
"生意竞争对手之间",-0.399215472969459,-0.0378488104991318,0.633568805533065,0.744020554935754,0.0385129948063804,-0.620206083210566,0.267191788956472,0.792314828038899,-0.606665116986364,-0.597514331922124,0.613316477908951,-0.0608847368271171,0.388041302539305,0.291608274077772,0.0716366645388357,0.185979436573228,1,-0.645623506926803,0.376607168653612,0.796877150899437,-0.644201922069105,-0.638504327390168,0.796852969923164,-0.560315671490732,-0.348786514195881,-0.366725886977927,-0.135645918906518,-0.640969178534132,0.373223999191292,0.733416268445757,0.538654585777634,0.407482267700594,-0.582179520492417,0.334600771272599,-0.620734862076409,-0.639040094292131,-0.521813531200286,-0.0612652958545902,0.191464060376073,0.439006709274254,0.506850032228906,0.300490297951616,-0.511620576247928,-0.616874595717877,-0.638659220533209,-0.505829319604321,-0.250379440080709,0.707808194402485,-0.49892380469758,-0.598438055278565,0.533195868660742,-0.69874373671719,-0.586511622504248,-0.383750455271508,-0.407988019667665,-0.643576157434933,-0.070886096688522,0.279557815295043,-0.127079519076286,-0.663611472382915,-0.127320668312121,-0.570524625600982,-0.272616834101841,0.442666202998662,0.0723965688991388,0.120567267330336,-0.21863675970709,-0.39192728831851,0.270252133869558,-0.387322720958626,-0.484173354335522,-0.422339200963401,-0.573235922901655,0.420619901605784,0.553135971132895,-0.625814876997759,-0.645642576840563,-0.630006096081051,-0.653761424347186,-0.677446161836641,0.391245844233498,0.490212983484351,0.693318186508568,0.862070112298751,0.600297663685598,0.177460401666783,-0.138309450778068,-0.663663497505385,-0.658412569957305,-0.271507521392436,0.859734454437024,0.0844363284355042,0.346500742694486,0.843696906878323,-0.570415048081883,0.160530523774115,0.101487438037925,-0.251429226390211,0.232625870356204,-0.395367894939574,-0.532521810737091,-0.280459894283764,-0.39888420392565,-0.0734643726301163,0.784694217883501,-0.608277375264716,0.299654696410742,0.00289325843067821,-0.393131155613071,0.711581398185171,0.77522888361353,0.738791557106393,0.600670495966334,0.77552497201863,0.727007555136193,-0.150577384341993,0.343232758196944,0.764905336251366,0.0734011779869626,0.360314522808169
