Country,Hong Kong,Australia,Germany,United Kingdom,Japan,United States,Israel,Spain,France,Portugal,Chile,Qatar,Russia,China,Mexico,Brazil,Egypt,South Africa,India
Hong Kong,0.0,0.0009999999999588667,0.009999999999999449,0.023000000000000038,0.026999999999997568,0.030999999999998043,0.0330000000000001,0.046999999999998994,0.04899999999999986,0.08599999999999976,0.097,0.097,0.1300000000000001,0.1839999999999997,0.194,0.19799999999999976,0.2209999999999998,0.23899999999999996,0.31900000000000006
Australia,0.0009999999999588667,0.0,0.008999999999999874,0.021999999999998385,0.02600000000000019,0.030000000000000197,0.03200000000000039,0.046000000000000076,0.047999999999999717,0.08500000000000021,0.09599999999999943,0.09599999999999943,0.12900000000000006,0.18299999999999966,0.19299999999999964,0.19699999999999995,0.22,0.23799999999999982,0.31800000000000006
Germany,0.009999999999999449,0.008999999999999874,0.0,0.013000000000003299,0.017000000000002787,0.021000000000000588,0.02300000000000245,0.036999999999999374,0.03899999999999993,0.07600000000000003,0.08699999999999963,0.08699999999999963,0.12000000000000033,0.1739999999999999,0.1839999999999997,0.1879999999999998,0.21100000000000008,0.22899999999999993,0.309
United Kingdom,0.023000000000000038,0.021999999999998385,0.013000000000003299,0.0,0.003999999999988122,0.007999999999997062,0.010000000000005,0.023999999999998124,0.02600000000000019,0.06299999999999913,0.07400000000000025,0.07400000000000025,0.10699999999999968,0.16099999999999956,0.17099999999999957,0.17500000000000004,0.19800000000000004,0.21600000000000008,0.29599999999999993
Japan,0.026999999999997568,0.02600000000000019,0.017000000000002787,0.003999999999988122,0.0,0.004000000000002,0.0060000000000122525,0.01999999999999612,0.021999999999998385,0.05899999999999963,0.0700000000000001,0.0700000000000001,0.10300000000000044,0.1570000000000001,0.16699999999999982,0.1710000000000002,0.19400000000000028,0.21199999999999997,0.2919999999999999
United States,0.030999999999998043,0.030000000000000197,0.021000000000000588,0.007999999999997062,0.004000000000002,0.0,0.0019999999999732445,0.015999999999997593,0.01799999999999975,0.054999999999999494,0.06599999999999936,0.06599999999999936,0.09899999999999974,0.1529999999999997,0.16299999999999987,0.16700000000000015,0.18999999999999975,0.20800000000000018,0.28800000000000014
Israel,0.0330000000000001,0.03200000000000039,0.02300000000000245,0.010000000000005,0.0060000000000122525,0.0019999999999732445,0.0,0.01399999999999907,0.016000000000001062,0.052999999999999534,0.0639999999999999,0.0639999999999999,0.097,0.15099999999999986,0.16099999999999992,0.16500000000000017,0.18800000000000042,0.20600000000000007,0.28600000000000025
Spain,0.046999999999998994,0.046000000000000076,0.036999999999999374,0.023999999999998124,0.01999999999999612,0.015999999999997593,0.01399999999999907,0.0,0.002000000000001,0.03899999999999851,0.04999999999999947,0.04999999999999947,0.0830000000000002,0.13700000000000012,0.14699999999999996,0.15099999999999986,0.1739999999999999,0.19200000000000003,0.2719999999999998
France,0.04899999999999986,0.047999999999999717,0.03899999999999993,0.02600000000000019,0.021999999999998385,0.01799999999999975,0.016000000000001062,0.002000000000001,0.0,0.03700000000000087,0.047999999999999717,0.047999999999999717,0.08100000000000024,0.13500000000000018,0.14499999999999985,0.14900000000000047,0.17199999999999985,0.19000000000000034,0.27000000000000024
Portugal,0.08599999999999976,0.08500000000000021,0.07600000000000003,0.06299999999999913,0.05899999999999963,0.054999999999999494,0.052999999999999534,0.03899999999999851,0.03700000000000087,0.0,0.010999999999991622,0.010999999999991622,0.04400000000000055,0.09799999999999973,0.10799999999999953,0.112,0.13499999999999976,0.15300000000000005,0.2329999999999997
Chile,0.097,0.09599999999999943,0.08699999999999963,0.07400000000000025,0.0700000000000001,0.06599999999999936,0.0639999999999999,0.04999999999999947,0.047999999999999717,0.010999999999991622,0.0,0.0,0.0330000000000001,0.08699999999999963,0.097,0.10100000000000008,0.12400000000000022,0.14200000000000024,0.22199999999999986
Qatar,0.097,0.09599999999999943,0.08699999999999963,0.07400000000000025,0.0700000000000001,0.06599999999999936,0.0639999999999999,0.04999999999999947,0.047999999999999717,0.010999999999991622,0.0,0.0,0.0330000000000001,0.08699999999999963,0.097,0.10100000000000008,0.12400000000000022,0.14200000000000024,0.22199999999999986
Russia,0.1300000000000001,0.12900000000000006,0.12000000000000033,0.10699999999999968,0.10300000000000044,0.09899999999999974,0.097,0.0830000000000002,0.08100000000000024,0.04400000000000055,0.0330000000000001,0.0330000000000001,0.0,0.05400000000000028,0.0639999999999999,0.06799999999999971,0.09100000000000051,0.10900000000000065,0.18900000000000017
China,0.1839999999999997,0.18299999999999966,0.1739999999999999,0.16099999999999956,0.1570000000000001,0.1529999999999997,0.15099999999999986,0.13700000000000012,0.13500000000000018,0.09799999999999973,0.08699999999999963,0.08699999999999963,0.05400000000000028,0.0,0.009999999999999449,0.01399999999999907,0.036999999999999374,0.05500000000000051,0.13499999999999998
Mexico,0.194,0.19299999999999964,0.1839999999999997,0.17099999999999957,0.16699999999999982,0.16299999999999987,0.16099999999999992,0.14699999999999996,0.14499999999999985,0.10799999999999953,0.097,0.097,0.0639999999999999,0.009999999999999449,0.0,0.003999999999988122,0.026999999999999625,0.044999999999999374,0.12499999999999978
Brazil,0.19799999999999976,0.19699999999999995,0.1879999999999998,0.17500000000000004,0.1710000000000002,0.16700000000000015,0.16500000000000017,0.15099999999999986,0.14900000000000047,0.112,0.10100000000000008,0.10100000000000008,0.06799999999999971,0.01399999999999907,0.003999999999988122,0.0,0.02300000000000245,0.040999999999999176,0.12100000000000029
Egypt,0.2209999999999998,0.22,0.21100000000000008,0.19800000000000004,0.19400000000000028,0.18999999999999975,0.18800000000000042,0.1739999999999999,0.17199999999999985,0.13499999999999976,0.12400000000000022,0.12400000000000022,0.09100000000000051,0.036999999999999374,0.026999999999999625,0.02300000000000245,0.0,0.01799999999999975,0.098
South Africa,0.23899999999999996,0.23799999999999982,0.22899999999999993,0.21600000000000008,0.21199999999999997,0.20800000000000018,0.20600000000000007,0.19200000000000003,0.19000000000000034,0.15300000000000005,0.14200000000000024,0.14200000000000024,0.10900000000000065,0.05500000000000051,0.044999999999999374,0.040999999999999176,0.01799999999999975,0.0,0.0800000000000001
India,0.3190000000000002,0.31800000000000017,0.30900000000000005,0.29600000000000004,0.29200000000000004,0.2880000000000002,0.28600000000000037,0.2719999999999999,0.27000000000000035,0.23299999999999982,0.22199999999999998,0.22199999999999998,0.1890000000000003,0.13500000000000018,0.12499999999999956,0.12100000000000052,0.0980000000000003,0.08000000000000045,0.0
