,Afghanistan,Albania,Argentina,Armenia,Australia,Austria,Benin,Bolivia,Bosnia and Herzegovina,Brazil,Bulgaria,Burkina Faso,Cameroon,Canada,Chile,Colombia,Congo (Brazzaville),Costa Rica,Croatia,Cyprus,Czechia,Denmark,Dominican Republic,Ecuador,Egypt,El Salvador,Estonia,Finland,France,Gabon,Georgia,Germany,Ghana,Greece,Honduras,Hong Kong,Hungary,Iceland,India,Indonesia,Iran,Iraq,Ireland,Israel,Italy,Ivory Coast,Jamaica,Japan,Jordan,Kazakhstan,Kenya,Kosovo,Kyrgyzstan,Latvia,Lebanon,Lithuania,Malawi,Mali,Malta,Mauritius,Mexico,Moldova,Mongolia,Mozambique,Myanmar,Namibia,Nepal,Netherlands,New Zealand,Nicaragua,Nigeria,North Macedonia,Norway,Panama,Paraguay,Peru,Philippines,Poland,Portugal,Romania,Russia,Senegal,Serbia,Sierra Leone,Singapore,Slovakia,Slovenia,South Africa,South Korea,Spain,Sri Lanka,Sweden,Switzerland,Taiwan Province of China,Tanzania,Thailand,Togo,Tunisia,Turkey,Uganda,Ukraine,United Kingdom,United States,Uruguay,Uzbekistan,Venezuela,Zambia,Zimbabwe
Afghanistan,0.0,0.2173040211200714,0.07095411419868469,0.041525840759277344,0.26360636949539185,0.3548389673233032,0.5067958831787109,0.1302555799484253,0.029767170548439026,0.07147929072380066,0.03109380602836609,0.36523157358169556,0.30758845806121826,0.35479116439819336,0.023475199937820435,0.0335288941860199,0.26650214195251465,0.05968832969665527,0.004332065582275391,0.06632000207901001,0.02885541319847107,0.39608973264694214,0.31933802366256714,0.15687325596809387,0.5084245204925537,0.4467611312866211,0.2636439800262451,0.4581112265586853,0.177900493144989,0.19271111488342285,0.18740051984786987,0.349139928817749,0.26545339822769165,0.14611640572547913,0.029123455286026,0.23965373635292053,0.16094613075256348,0.37826675176620483,0.5298553705215454,0.5847191214561462,0.36202943325042725,0.16817426681518555,0.36776942014694214,0.18397468328475952,0.09867390990257263,0.41266846656799316,0.07018041610717773,0.03516566753387451,0.5355584025382996,0.2795497179031372,0.25913816690444946,0.3215787410736084,0.32649528980255127,0.038982391357421875,0.14892563968896866,0.04821044206619263,0.25838327407836914,0.2433982789516449,0.4064045548439026,0.27152562141418457,0.22770610451698303,0.1081676185131073,0.0013819634914398193,0.47635167837142944,0.050092875957489014,0.27379947900772095,0.36192166805267334,0.3291187882423401,0.3792778253555298,0.3338814377784729,0.0032854676246643066,0.1035015881061554,0.517903208732605,0.07918795943260193,0.03454640507698059,0.044702887535095215,0.5075886845588684,0.0036316514015197754,0.32056641578674316,0.0633263885974884,0.20137208700180054,0.19860175251960754,0.3498347997665405,0.49741220474243164,0.6420018076896667,0.03981241583824158,0.08361580967903137,0.2533414959907532,0.17820918560028076,0.11608380079269409,0.24930334091186523,0.3779160976409912,0.5822280645370483,0.18152785301208496,0.6357709169387817,0.016186833381652832,0.2921857237815857,0.06156989932060242,0.17039436101913452,0.30313992500305176,0.041854485869407654,0.1391339898109436,0.1490052044391632,0.23021087050437927,0.6570533514022827,0.07970790565013885,0.4420577883720398,0.41008317470550537
Albania,0.2173040211200714,0.0,0.14634990692138672,0.17577818036079407,0.046302348375320435,0.1375349462032318,0.2894918620586395,0.08704844117164612,0.24707119166851044,0.14582473039627075,0.2483978271484375,0.14792755246162415,0.09028443694114685,0.13748714327812195,0.24077922105789185,0.1837751269340515,0.04919812083244324,0.15761569142341614,0.2216360867023468,0.1509840190410614,0.18844860792160034,0.17878571152687073,0.10203400254249573,0.06043076515197754,0.2911204993724823,0.22945711016654968,0.046339958906173706,0.2408072054386139,0.0394035279750824,0.02459290623664856,0.029903501272201538,0.1318359076976776,0.04814937710762024,0.07118761539459229,0.2464274764060974,0.02234971523284912,0.056357890367507935,0.16096273064613342,0.312551349401474,0.36741510033607483,0.14472541213035583,0.049129754304885864,0.15046539902687073,0.03332933783531189,0.11863011121749878,0.19536444544792175,0.14712360501289368,0.1821383535861969,0.31825438141822815,0.062245696783065796,0.04183414578437805,0.10427471995353699,0.10919126868247986,0.17832162976264954,0.36622966080904007,0.16909357905387878,0.04107925295829773,0.026094257831573486,0.18910053372383118,0.05422160029411316,0.010402083396911621,0.10913640260696411,0.2159220576286316,0.25904765725135803,0.1672111451625824,0.056495457887649536,0.14461764693260193,0.11181476712226868,0.16197380423545837,0.11657741665840149,0.22058948874473572,0.11380243301391602,0.30059918761253357,0.13811606168746948,0.18275761604309082,0.1726011335849762,0.290284663438797,0.21367236971855164,0.10326239466667175,0.2806304097175598,0.015931934118270874,0.018702268600463867,0.13253077864646912,0.28010818362236023,0.42469778656959534,0.257116436958313,0.13368821144104004,0.03603747487068176,0.03909483551979065,0.10122022032737732,0.03199931979179382,0.1606120765209198,0.36492404341697693,0.03577616810798645,0.4184668958187103,0.23349085450172424,0.07488170266151428,0.155734121799469,0.04690966010093689,0.08583590388298035,0.25915850698947906,0.07817003130912781,0.0682988166809082,0.012906849384307861,0.4397493302822113,0.29701192677021027,0.22475376725196838,0.19277915358543396
Argentina,0.07095411419868469,0.14634990692138672,0.0,0.02942827343940735,0.19265225529670715,0.28388485312461853,0.43584176898002625,0.0593014657497406,0.10072128474712372,0.0005251765251159668,0.10204792022705078,0.29427745938301086,0.23663434386253357,0.28383705019950867,0.09442931413650513,0.037425220012664795,0.19554802775382996,0.011265784502029419,0.07528617978096008,0.004634112119674683,0.04209870100021362,0.32513561844825745,0.24838390946388245,0.08591914176940918,0.437470406293869,0.3758070170879364,0.19268986582756042,0.3871571123600006,0.10694637894630432,0.12175700068473816,0.11644640564918518,0.27818581461906433,0.19449928402900696,0.07516229152679443,0.1000775694847107,0.16869962215423584,0.08999201655387878,0.30731263756752014,0.4589012563228607,0.5137650072574615,0.29107531905174255,0.09722015261650085,0.29681530594825745,0.11302056908607483,0.02771979570388794,0.34171435236930847,0.000773698091506958,0.03578844666481018,0.46460428833961487,0.20859560370445251,0.18818405270576477,0.2506246268749237,0.2555411756038666,0.03197172284126282,0.21987975388765335,0.022743672132492065,0.18742915987968445,0.1724441647529602,0.3354504406452179,0.20057150721549988,0.15675199031829834,0.03721350431442261,0.06957215070724487,0.40539756417274475,0.02086123824119568,0.20284536480903625,0.29096755385398865,0.2581646740436554,0.3083237111568451,0.2629273235797882,0.074239581823349,0.0325474739074707,0.4469490945339203,0.008233845233917236,0.0364077091217041,0.026251226663589478,0.4366345703601837,0.06732246279716492,0.24961230158805847,0.1342805027961731,0.13041797280311584,0.12764763832092285,0.27888068556785583,0.42645809054374695,0.5710476934909821,0.11076653003692627,0.01266169548034668,0.18238738179206848,0.10725507140159607,0.0451296865940094,0.17834922671318054,0.3069619834423065,0.5112739503383636,0.11057373881340027,0.564816802740097,0.08714094758033752,0.221231609582901,0.009384214878082275,0.09944024682044983,0.23218581080436707,0.11280860006809235,0.06817987561225891,0.07805109024047852,0.15925675630569458,0.586099237203598,0.15066201984882355,0.3711036741733551,0.3391290605068207
Armenia,0.041525840759277344,0.17577818036079407,0.02942827343940735,0.0,0.2220805287361145,0.3133131265640259,0.4652700424194336,0.08872973918914795,0.07129301130771637,0.029953449964523315,0.07261964678764343,0.3237057328224182,0.2660626173019409,0.313265323638916,0.06500104069709778,0.007996946573257446,0.2249763011932373,0.01816248893737793,0.045857906341552734,0.024794161319732666,0.012670427560806274,0.3545638918876648,0.2778121829032898,0.11534741520881653,0.46689867973327637,0.40523529052734375,0.22211813926696777,0.41658538579940796,0.13637465238571167,0.1511852741241455,0.14587467908859253,0.3076140880584717,0.2239275574684143,0.10459056496620178,0.07064929604530334,0.1981278955936432,0.11942028999328613,0.3367409110069275,0.48832952976226807,0.5431932806968689,0.3205035924911499,0.1266484260559082,0.3262435793876648,0.14244884252548218,0.05714806914329529,0.3711426258087158,0.02865457534790039,0.006360173225402832,0.4940325617790222,0.23802387714385986,0.21761232614517212,0.28005290031433105,0.2849694490432739,0.0025434494018554688,0.190451480448246,0.006684601306915283,0.2168574333190918,0.20187243819236755,0.36487871408462524,0.22999978065490723,0.1861802637577057,0.06664177775382996,0.040143877267837524,0.4348258376121521,0.00856703519821167,0.2322736382484436,0.320395827293396,0.28759294748306274,0.33775198459625244,0.29235559701919556,0.04481130838394165,0.06197574734687805,0.47637736797332764,0.037662118673324585,0.006979435682296753,0.003177046775817871,0.46606284379959106,0.03789418935775757,0.2790405750274658,0.10485222935676575,0.1598462462425232,0.1570759117603302,0.3083089590072632,0.4558863639831543,0.6004759669303894,0.08133825659751892,0.04208996891975403,0.21181565523147583,0.13668334484100342,0.07455796003341675,0.2077775001525879,0.33639025688171387,0.540702223777771,0.14000201225280762,0.5942450761795044,0.057712674140930176,0.25065988302230835,0.020044058561325073,0.12886852025985718,0.2616140842437744,0.083380326628685,0.09760814905166626,0.10747936367988586,0.18868502974510193,0.6155275106430054,0.1212337464094162,0.40053194761276245,0.368557333946228
Australia,0.26360636949539185,0.046302348375320435,0.19265225529670715,0.2220805287361145,0.0,0.09123259782791138,0.2431895136833191,0.13335078954696655,0.29337354004383087,0.1921270787715912,0.29470017552375793,0.10162520408630371,0.043982088565826416,0.09118479490280151,0.2870815694332123,0.23007747530937195,0.0028957724571228027,0.20391803979873657,0.26793843507766724,0.19728636741638184,0.23475095629692078,0.1324833631515503,0.05573165416717529,0.10673311352729797,0.24481815099716187,0.18315476179122925,3.7610530853271484e-05,0.19450485706329346,0.08570587635040283,0.070895254611969,0.07620584964752197,0.08553355932235718,0.0018470287322998047,0.11748996376991272,0.29272982478141785,0.023952633142471313,0.10266023874282837,0.11466038227081299,0.26624900102615356,0.3211127519607544,0.0984230637550354,0.0954321026802063,0.10416305065155029,0.07963168621063232,0.1649324595928192,0.14906209707260132,0.1934259533882141,0.22844070196151733,0.2719520330429077,0.01594334840774536,0.004468202590942383,0.05797237157821655,0.06288892030715942,0.22462397813796997,0.4125320091843605,0.21539592742919922,0.005223095417022705,0.020208090543746948,0.14279818534851074,0.007919251918792725,0.035900264978408813,0.15543875098228455,0.262224406003952,0.2127453088760376,0.21351349353790283,0.010193109512329102,0.0983152985572815,0.06551241874694824,0.11567145586013794,0.07027506828308105,0.26689183712005615,0.16010478138923645,0.25429683923721313,0.18441841006278992,0.22905996441841125,0.21890348196029663,0.24398231506347656,0.25997471809387207,0.05696004629135132,0.32693275809288025,0.06223428249359131,0.0650046169757843,0.08622843027114868,0.2338058352470398,0.3783954381942749,0.3034187853336334,0.17999055981636047,0.010264873504638672,0.08539718389511108,0.14752256870269775,0.014303028583526611,0.11430972814559937,0.3186216950416565,0.08207851648330688,0.3721645474433899,0.2797932028770447,0.028579354286193848,0.20203647017478943,0.09321200847625732,0.03953355550765991,0.3054608553647995,0.12447237968444824,0.11460116505622864,0.03339549899101257,0.39344698190689087,0.3433142751455307,0.17845141887664795,0.14647680521011353
Austria,0.3548389673233032,0.1375349462032318,0.28388485312461853,0.3133131265640259,0.09123259782791138,0.0,0.15195691585540771,0.22458338737487793,0.38460613787174225,0.28335967659950256,0.3859327733516693,0.010392606258392334,0.04725050926208496,4.780292510986328e-05,0.37831416726112366,0.3213100731372833,0.08833682537078857,0.29515063762664795,0.3591710329055786,0.2885189652442932,0.32598355412483215,0.041250765323638916,0.035500943660736084,0.19796571135520935,0.1535855531692505,0.09192216396331787,0.0911949872970581,0.10327225923538208,0.1769384741783142,0.16212785243988037,0.16743844747543335,0.005699038505554199,0.08938556909561157,0.2087225615978241,0.3839624226093292,0.11518523097038269,0.19389283657073975,0.02342778444290161,0.1750164031982422,0.22988015413284302,0.0071904659271240234,0.18666470050811768,0.012930452823638916,0.1708642840385437,0.2561650574207306,0.05782949924468994,0.2846585512161255,0.3196732997894287,0.18071943521499634,0.07528924942016602,0.09570080041885376,0.033260226249694824,0.028343677520751953,0.31585657596588135,0.5037646070122719,0.3066285252571106,0.09645569324493408,0.11144068837165833,0.051565587520599365,0.08331334590911865,0.1271328628063202,0.24667134881019592,0.3534570038318634,0.12151271104812622,0.3047460913658142,0.08103948831558228,0.007082700729370117,0.025720179080963135,0.024438858032226562,0.020957529544830322,0.35812443494796753,0.2513373792171478,0.16306424140930176,0.2756510078907013,0.32029256224632263,0.310136079788208,0.15274971723556519,0.35120731592178345,0.03427255153656006,0.4181653559207916,0.15346688032150269,0.15623721480369568,0.005004167556762695,0.14257323741912842,0.2871628403663635,0.3946513831615448,0.27122315764427185,0.10149747133255005,0.17662978172302246,0.23875516653060913,0.10553562641143799,0.02307713031768799,0.22738909721374512,0.17331111431121826,0.2809319496154785,0.37102580070495605,0.06265324354171753,0.2932690680027008,0.1844446063041687,0.051699042320251465,0.3966934531927109,0.21570497751235962,0.20583376288414001,0.12462809681892395,0.3022143840789795,0.4345468729734421,0.08721882104873657,0.05524420738220215
Benin,0.5067958831787109,0.2894918620586395,0.43584176898002625,0.4652700424194336,0.2431895136833191,0.15195691585540771,0.0,0.37654030323028564,0.53656305372715,0.4353165924549103,0.537889689207077,0.14156430959701538,0.19920742511749268,0.15200471878051758,0.5302710831165314,0.47326698899269104,0.2402937412261963,0.44710755348205566,0.5111279487609863,0.4404758810997009,0.47794046998023987,0.1107061505317688,0.1874578595161438,0.34992262721061707,0.0016286373138427734,0.060034751892089844,0.24315190315246582,0.048684656620025635,0.3288953900337219,0.3140847682952881,0.31939536333084106,0.15765595436096191,0.2413424849510193,0.3606794774532318,0.5359193384647369,0.2671421468257904,0.34584975242614746,0.1285291314125061,0.023059487342834473,0.0779232382774353,0.1447664499282837,0.3386216163635254,0.1390264630317688,0.3228211998939514,0.4081219732761383,0.09412741661071777,0.4366154670715332,0.4716302156448364,0.028762519359588623,0.22724616527557373,0.24765771627426147,0.18521714210510254,0.18030059337615967,0.46781349182128906,0.6557215228676796,0.4585854411125183,0.2484126091003418,0.26339760422706604,0.10039132833480835,0.23527026176452637,0.2790897786617279,0.39862826466560364,0.5054139196872711,0.030444204807281494,0.4567030072212219,0.23299640417099,0.1448742151260376,0.17767709493637085,0.12751805782318115,0.17291444540023804,0.5100813508033752,0.40329429507255554,0.011107325553894043,0.427607923746109,0.47224947810173035,0.4620929956436157,0.0007928013801574707,0.5031642317771912,0.18622946739196777,0.5701222717761993,0.3054237961769104,0.3081941306591034,0.1569610834121704,0.009383678436279297,0.1352059245109558,0.5466082990169525,0.42318007349967957,0.25345438718795776,0.3285866975784302,0.39071208238601685,0.2574925422668457,0.12887978553771973,0.0754321813583374,0.325268030166626,0.1289750337600708,0.5229827165603638,0.21461015939712524,0.4452259838581085,0.3364015221595764,0.20365595817565918,0.5486503690481186,0.36766189336776733,0.35779067873954773,0.27658501267433167,0.15025746822357178,0.5865037888288498,0.06473809480667114,0.09671270847320557
Bolivia,0.1302555799484253,0.08704844117164612,0.0593014657497406,0.08872973918914795,0.13335078954696655,0.22458338737487793,0.37654030323028564,0.0,0.16002275049686432,0.058776289224624634,0.16134938597679138,0.23497599363327026,0.17733287811279297,0.22453558444976807,0.15373077988624573,0.0967266857624054,0.13624656200408936,0.07056725025177002,0.13458764553070068,0.06393557786941528,0.10140016674995422,0.26583415269851685,0.18908244371414185,0.02661767601966858,0.3781689405441284,0.3165055513381958,0.13338840007781982,0.32785564661026,0.04764491319656372,0.06245553493499756,0.05714493989944458,0.21888434886932373,0.13519781827926636,0.015860825777053833,0.1593790352344513,0.10939815640449524,0.030690550804138184,0.24801117181777954,0.3995997905731201,0.45446354150772095,0.23177385330200195,0.037918686866760254,0.23751384019851685,0.05371910333633423,0.03158167004585266,0.28241288661956787,0.06007516384124756,0.09508991241455078,0.40530282258987427,0.14929413795471191,0.12888258695602417,0.1913231611251831,0.19623970985412598,0.09127318859100342,0.27918121963739395,0.08204513788223267,0.12812769412994385,0.1131426990032196,0.2761489748954773,0.14127004146575928,0.09745052456855774,0.022087961435317993,0.12887361645698547,0.34609609842300415,0.08016270399093628,0.14354389905929565,0.23166608810424805,0.1988632082939148,0.2490222454071045,0.2036258578300476,0.1335410475730896,0.026753991842269897,0.3876476287841797,0.051067620515823364,0.0957091748714447,0.08555269241333008,0.3773331046104431,0.12662392854690552,0.19031083583831787,0.1935819685459137,0.07111650705337524,0.06834617257118225,0.21957921981811523,0.36715662479400635,0.5117462277412415,0.17006799578666687,0.04663977026939392,0.12308591604232788,0.04795360565185547,0.014171779155731201,0.11904776096343994,0.24766051769256592,0.45197248458862305,0.05127227306365967,0.5055153369903564,0.14644241333007812,0.1619301438331604,0.06868568062782288,0.04013878107070923,0.17288434505462646,0.17211006581783295,0.00887840986251831,0.018749624490737915,0.09995529055595398,0.5267977714538574,0.20996348559856415,0.3118022084236145,0.2798275947570801
Bosnia and Herzegovina,0.029767170548439026,0.24707119166851044,0.10072128474712372,0.07129301130771637,0.29337354004383087,0.38460613787174225,0.53656305372715,0.16002275049686432,0.0,0.10124646127223969,0.001326635479927063,0.3949987441301346,0.3373556286096573,0.3845583349466324,0.006291970610618591,0.06329606473445892,0.2962693125009537,0.0894555002450943,0.025435104966163635,0.09608717262744904,0.058622583746910095,0.42585690319538116,0.34910519421100616,0.1866404265165329,0.5381916910409927,0.4765283018350601,0.29341115057468414,0.48787839710712433,0.20766766369342804,0.22247828543186188,0.2171676903963089,0.37890709936618805,0.2952205687761307,0.17588357627391815,0.0006437152624130249,0.26942090690135956,0.1907133013010025,0.40803392231464386,0.5596225410699844,0.6144862920045853,0.39179660379886627,0.19794143736362457,0.39753659069538116,0.21374185383319855,0.12844108045101166,0.4424356371164322,0.09994758665561676,0.06493283808231354,0.5653255730867386,0.30931688845157623,0.2889053374528885,0.3513459116220474,0.3562624603509903,0.0687495619058609,0.11915846914052963,0.07797761261463165,0.28815044462680817,0.2731654495000839,0.4361717253923416,0.3012927919626236,0.25747327506542206,0.13793478906154633,0.031149134039878845,0.5061188489198685,0.07986004650592804,0.30356664955616,0.39168883860111237,0.3588859587907791,0.4090449959039688,0.3636486083269119,0.02648170292377472,0.13326875865459442,0.547670379281044,0.10895512998104095,0.06431357562541962,0.07447005808353424,0.5373558551073074,0.0333988219499588,0.3503335863351822,0.03355921804904938,0.23113925755023956,0.22836892306804657,0.37960197031497955,0.5271793752908707,0.6717689782381058,0.010045245289802551,0.1133829802274704,0.2831086665391922,0.2079763561487198,0.14585097134113312,0.27907051146030426,0.40768326818943024,0.6119952350854874,0.211295023560524,0.6655380874872208,0.013580337166786194,0.3219528943300247,0.09133706986904144,0.20016153156757355,0.3329070955514908,0.012087315320968628,0.16890116035938263,0.17877237498760223,0.2599780410528183,0.6868205219507217,0.04994073510169983,0.4718249589204788,0.4398503452539444
Brazil,0.07147929072380066,0.14582473039627075,0.0005251765251159668,0.029953449964523315,0.1921270787715912,0.28335967659950256,0.4353165924549103,0.058776289224624634,0.10124646127223969,0.0,0.10257309675216675,0.2937522828578949,0.2361091673374176,0.2833118736743927,0.0949544906616211,0.03795039653778076,0.195022851228714,0.011790961027145386,0.07581135630607605,0.005159288644790649,0.04262387752532959,0.3246104419231415,0.24785873293876648,0.08539396524429321,0.43694522976875305,0.37528184056282043,0.19216468930244446,0.38663193583488464,0.10642120242118835,0.12123182415962219,0.11592122912406921,0.27766063809394836,0.193974107503891,0.07463711500167847,0.10060274600982666,0.16817444562911987,0.08946684002876282,0.3067874610424042,0.45837607979774475,0.5132398307323456,0.2905501425266266,0.09669497609138489,0.2962901294231415,0.11249539256095886,0.027194619178771973,0.3411891758441925,0.0012988746166229248,0.03631362318992615,0.4640791118144989,0.20807042717933655,0.1876588761806488,0.25009945034980774,0.2550159990787506,0.032496899366378784,0.22040493041276932,0.023268848657608032,0.18690398335456848,0.17191898822784424,0.33492526412010193,0.2000463306903839,0.15622681379318237,0.03668832778930664,0.07009732723236084,0.4048723876476288,0.021386414766311646,0.2023201882839203,0.2904423773288727,0.25763949751853943,0.3077985346317291,0.26240214705467224,0.07476475834846497,0.032022297382354736,0.4464239180088043,0.0077086687088012695,0.03693288564682007,0.026776403188705444,0.43610939383506775,0.06784763932228088,0.2490871250629425,0.13480567932128906,0.12989279627799988,0.12712246179580688,0.27835550904273987,0.425932914018631,0.5705225169658661,0.11129170656204224,0.012136518955230713,0.18186220526695251,0.1067298948764801,0.04460451006889343,0.17782405018806458,0.30643680691719055,0.5107487738132477,0.1100485622882843,0.5642916262149811,0.08766612410545349,0.22070643305778503,0.009909391403198242,0.09891507029533386,0.2316606342792511,0.11333377659320831,0.06765469908714294,0.07752591371536255,0.1587315797805786,0.5855740606784821,0.15118719637393951,0.37057849764823914,0.3386038839817047
Bulgaria,0.03109380602836609,0.2483978271484375,0.10204792022705078,0.07261964678764343,0.29470017552375793,0.3859327733516693,0.537889689207077,0.16134938597679138,0.001326635479927063,0.10257309675216675,0.0,0.39632537961006165,0.33868226408958435,0.38588497042655945,0.007618606090545654,0.06462270021438599,0.29759594798088074,0.09078213572502136,0.026761740446090698,0.0974138081073761,0.05994921922683716,0.4271835386753082,0.3504318296909332,0.18796706199645996,0.5395183265209198,0.4778549373149872,0.2947377860546112,0.4892050325870514,0.2089942991733551,0.22380492091178894,0.21849432587623596,0.3802337348461151,0.29654720425605774,0.17721021175384521,0.001970350742340088,0.2707475423812866,0.19203993678092957,0.4093605577945709,0.5609491765499115,0.6158129274845123,0.39312323927879333,0.19926807284355164,0.3988632261753082,0.2150684893131256,0.12976771593093872,0.44376227259635925,0.10127422213554382,0.0662594735622406,0.5666522085666656,0.3106435239315033,0.29023197293281555,0.3526725471019745,0.35758909583091736,0.07007619738578796,0.11783183366060257,0.07930424809455872,0.28947708010673523,0.274492084980011,0.4374983608722687,0.30261942744255066,0.2587999105453491,0.1392614245414734,0.03247576951980591,0.5074454843997955,0.0811866819858551,0.30489328503608704,0.39301547408103943,0.3602125942707062,0.4103716313838959,0.364975243806839,0.027808338403701782,0.13459539413452148,0.5489970147609711,0.11028176546096802,0.06564021110534668,0.0757966935634613,0.5386824905872345,0.034725457429885864,0.35166022181510925,0.032232582569122314,0.23246589303016663,0.22969555854797363,0.3809286057949066,0.5285060107707977,0.6730956137180328,0.008718609809875488,0.11470961570739746,0.28443530201911926,0.20930299162864685,0.14717760682106018,0.2803971469402313,0.4090099036693573,0.6133218705654144,0.21262165904045105,0.6668647229671478,0.014906972646713257,0.3232795298099518,0.0926637053489685,0.2014881670475006,0.33423373103141785,0.010760679841041565,0.1702277958393097,0.1800990104675293,0.26130467653274536,0.6881471574306488,0.048614099621772766,0.4731515944004059,0.44117698073387146
Burkina Faso,0.36523157358169556,0.14792755246162415,0.29427745938301086,0.3237057328224182,0.10162520408630371,0.010392606258392334,0.14156430959701538,0.23497599363327026,0.3949987441301346,0.2937522828578949,0.39632537961006165,0.0,0.057643115520477295,0.010440409183502197,0.388706773519516,0.33170267939567566,0.09872943162918091,0.3055432438850403,0.36956363916397095,0.29891157150268555,0.3363761603832245,0.030858159065246582,0.04589354991912842,0.20835831761360168,0.14319294691085815,0.08152955770492554,0.10158759355545044,0.09287965297698975,0.18733108043670654,0.1725204586982727,0.17783105373382568,0.016091644763946533,0.0997781753540039,0.21911516785621643,0.39435502886772156,0.12557783722877502,0.20428544282913208,0.013035178184509277,0.16462379693984985,0.21948754787445068,0.0032021403312683105,0.19705730676651,0.002537846565246582,0.18125689029693604,0.2665576636791229,0.04743689298629761,0.2950511574745178,0.33006590604782104,0.170326828956604,0.08568185567855835,0.1060934066772461,0.04365283250808716,0.03873628377914429,0.3262491822242737,0.5141572132706642,0.31702113151550293,0.10684829950332642,0.12183329463005066,0.04117298126220703,0.09370595216751099,0.13752546906471252,0.25706395506858826,0.36384961009025574,0.11112010478973389,0.31513869762420654,0.09143209457397461,0.003309905529022217,0.03611278533935547,0.014046251773834229,0.031350135803222656,0.36851704120635986,0.26172998547554016,0.15267163515090942,0.28604361414909363,0.33068516850471497,0.32052868604660034,0.14235711097717285,0.3615999221801758,0.04466515779495239,0.42855796217918396,0.16385948657989502,0.166629821062088,0.01539677381515503,0.13218063116073608,0.2767702341079712,0.40504398941993713,0.2816157639026642,0.11189007759094238,0.1870223879814148,0.24914777278900146,0.11592823266983032,0.012684524059295654,0.21699649095535278,0.1837037205696106,0.2705393433570862,0.3814184069633484,0.07304584980010986,0.30366167426109314,0.19483721256256104,0.0620916485786438,0.4070860594511032,0.22609758377075195,0.21622636914253235,0.13502070307731628,0.29182177782058716,0.4449394792318344,0.07682621479034424,0.044851601123809814
Cameroon,0.30758845806121826,0.09028443694114685,0.23663434386253357,0.2660626173019409,0.043982088565826416,0.04725050926208496,0.19920742511749268,0.17733287811279297,0.3373556286096573,0.2361091673374176,0.33868226408958435,0.057643115520477295,0.0,0.0472027063369751,0.3310636579990387,0.27405956387519836,0.04108631610870361,0.247900128364563,0.31192052364349365,0.24126845598220825,0.2787330448627472,0.08850127458572388,0.011749565601348877,0.1507152020931244,0.20083606243133545,0.13917267322540283,0.043944478034973145,0.15052276849746704,0.12968796491622925,0.11487734317779541,0.12018793821334839,0.04155147075653076,0.04213505983352661,0.16147205233573914,0.33671191334724426,0.06793472170829773,0.14664232730865479,0.07067829370498657,0.22226691246032715,0.277130663394928,0.054440975189208984,0.13941419124603271,0.06018096208572388,0.12361377477645874,0.20891454815864563,0.1050800085067749,0.23740804195404053,0.27242279052734375,0.2279699444770813,0.028038740158081055,0.0484502911567688,0.013990283012390137,0.018906831741333008,0.2686060667037964,0.4565140977501869,0.25937801599502563,0.04920518398284912,0.06419017910957336,0.09881609678268433,0.03606283664703369,0.07988235354423523,0.19942083954811096,0.30620649456977844,0.16876322031021118,0.25749558210372925,0.033788979053497314,0.05433320999145508,0.021530330181121826,0.07168936729431152,0.02629297971725464,0.31087392568588257,0.20408686995506287,0.21031475067138672,0.22840049862861633,0.27304205298423767,0.26288557052612305,0.20000022649765015,0.3039568066596985,0.012977957725524902,0.37091484665870667,0.10621637105941772,0.10898670554161072,0.042246341705322266,0.18982374668121338,0.3344133496284485,0.34740087389945984,0.2239726483821869,0.05424696207046509,0.1293792724609375,0.19150465726852417,0.05828511714935303,0.07032763957977295,0.2746396064758301,0.1260606050491333,0.3281824588775635,0.3237752914428711,0.015402734279632568,0.24601855874061584,0.13719409704208374,0.004448533058166504,0.3494429439306259,0.16845446825027466,0.15858325362205505,0.07737758755683899,0.34946489334106445,0.3872963637113571,0.13446933031082153,0.10249471664428711
Canada,0.35479116439819336,0.13748714327812195,0.28383705019950867,0.313265323638916,0.09118479490280151,4.780292510986328e-05,0.15200471878051758,0.22453558444976807,0.3845583349466324,0.2833118736743927,0.38588497042655945,0.010440409183502197,0.0472027063369751,0.0,0.3782663643360138,0.32126227021217346,0.08828902244567871,0.2951028347015381,0.35912322998046875,0.28847116231918335,0.3259357511997223,0.04129856824874878,0.03545314073562622,0.1979179084300995,0.15363335609436035,0.09196996688842773,0.09114718437194824,0.10332006216049194,0.17689067125320435,0.1620800495147705,0.1673906445503235,0.005651235580444336,0.08933776617050171,0.20867475867271423,0.38391461968421936,0.11513742804527283,0.19384503364562988,0.023475587368011475,0.17506420612335205,0.22992795705795288,0.007238268852233887,0.1866168975830078,0.01297825574874878,0.17081648111343384,0.2561172544956207,0.057877302169799805,0.2846107482910156,0.31962549686431885,0.1807672381401062,0.07524144649505615,0.0956529974937439,0.03321242332458496,0.02829587459564209,0.3158087730407715,0.503716804087162,0.30658072233200073,0.09640789031982422,0.11139288544654846,0.05161339044570923,0.08326554298400879,0.12708505988121033,0.24662354588508606,0.35340920090675354,0.12156051397323608,0.30469828844070435,0.08099168539047241,0.0071305036544799805,0.02567237615585327,0.024486660957336426,0.02090972661972046,0.35807663202285767,0.25128957629203796,0.16311204433441162,0.27560320496559143,0.32024475932121277,0.31008827686309814,0.15279752016067505,0.3511595129966736,0.034224748611450195,0.41811755299568176,0.15341907739639282,0.15618941187858582,0.004956364631652832,0.14262104034423828,0.2872106432914734,0.39460358023643494,0.271175354719162,0.10144966840744019,0.1765819787979126,0.23870736360549927,0.10548782348632812,0.02312493324279785,0.22743690013885498,0.1732633113861084,0.2809797525405884,0.3709779977798462,0.06260544061660767,0.29322126507759094,0.18439680337905884,0.0516512393951416,0.396645650267601,0.21565717458724976,0.20578595995903015,0.12458029389381409,0.30226218700408936,0.4344990700483322,0.08726662397384644,0.05529201030731201
Chile,0.023475199937820435,0.24077922105789185,0.09442931413650513,0.06500104069709778,0.2870815694332123,0.37831416726112366,0.5302710831165314,0.15373077988624573,0.006291970610618591,0.0949544906616211,0.007618606090545654,0.388706773519516,0.3310636579990387,0.3782663643360138,0.0,0.05700409412384033,0.2899773418903351,0.08316352963447571,0.019143134355545044,0.08979520201683044,0.052330613136291504,0.4195649325847626,0.3428132236003876,0.1803484559059143,0.5318997204303741,0.47023633122444153,0.28711917996406555,0.48158642649650574,0.20137569308280945,0.2161863148212433,0.2108757197856903,0.37261512875556946,0.2889285981655121,0.16959160566329956,0.005648255348205566,0.26312893629074097,0.1844213306903839,0.40174195170402527,0.5533305704593658,0.6081943213939667,0.3855046331882477,0.19164946675300598,0.3912446200847626,0.20744988322257996,0.12214910984039307,0.4361436665058136,0.09365561604499817,0.058640867471694946,0.55903360247612,0.30302491784095764,0.2826133668422699,0.34505394101142883,0.3499704897403717,0.06245759129524231,0.12545043975114822,0.07168564200401306,0.2818584740161896,0.26687347888946533,0.429879754781723,0.295000821352005,0.25118130445480347,0.13164281845092773,0.024857163429260254,0.4998268783092499,0.07356807589530945,0.2972746789455414,0.3853968679904938,0.3525939881801605,0.4027530252933502,0.35735663771629333,0.020189732313156128,0.12697678804397583,0.5413784086704254,0.10266315937042236,0.058021605014801025,0.06817808747291565,0.5310638844966888,0.02710685133934021,0.3440416157245636,0.03985118865966797,0.22484728693962097,0.22207695245742798,0.37330999970436096,0.5208874046802521,0.6654770076274872,0.016337215900421143,0.1070910096168518,0.2768166959285736,0.2016843855381012,0.13955900073051453,0.27277854084968567,0.40139129757881165,0.6057032644748688,0.2050030529499054,0.6592461168766022,0.0072883665561676025,0.31566092371940613,0.08504509925842285,0.19386956095695496,0.3266151249408722,0.01837928593158722,0.16260918974876404,0.17248040437698364,0.2536860704421997,0.6805285513401031,0.05623270571231842,0.46553298830986023,0.4335583746433258
Colombia,0.0335288941860199,0.1837751269340515,0.037425220012664795,0.007996946573257446,0.23007747530937195,0.3213100731372833,0.47326698899269104,0.0967266857624054,0.06329606473445892,0.03795039653778076,0.06462270021438599,0.33170267939567566,0.27405956387519836,0.32126227021217346,0.05700409412384033,0.0,0.23297324776649475,0.026159435510635376,0.03786095976829529,0.03279110789299011,0.004673480987548828,0.36256083846092224,0.28580912947654724,0.12334436178207397,0.4748956263065338,0.4132322371006012,0.23011508584022522,0.4245823323726654,0.14437159895896912,0.15918222069740295,0.15387162566184998,0.3156110346317291,0.23192450404167175,0.11258751153945923,0.0626523494720459,0.20612484216690063,0.12741723656654358,0.34473785758018494,0.4963264763355255,0.5511902272701263,0.32850053906440735,0.13464537262916565,0.33424052596092224,0.15044578909873962,0.06514501571655273,0.37913957238197327,0.03665152192115784,0.0016367733478546143,0.5020295083522797,0.2460208237171173,0.22560927271842957,0.2880498468875885,0.29296639561653137,0.0054534971714019775,0.18245453387498856,0.01468154788017273,0.22485437989234924,0.209869384765625,0.3728756606578827,0.23799672722816467,0.19417721033096313,0.0746387243270874,0.03214693069458008,0.44282278418540955,0.016563981771469116,0.24027058482170105,0.32839277386665344,0.2955898940563202,0.3457489311695099,0.300352543592453,0.036814361810684204,0.0699726939201355,0.4843743145465851,0.04565906524658203,0.0010175108909606934,0.011173993349075317,0.4740597903728485,0.029897242784500122,0.28703752160072327,0.0968552827835083,0.16784319281578064,0.16507285833358765,0.31630590558052063,0.46388331055641174,0.6084729135036469,0.07334131002426147,0.050086915493011475,0.21981260180473328,0.14468029141426086,0.0825549066066742,0.21577444672584534,0.3443872034549713,0.5486991703510284,0.14799895882606506,0.6022420227527618,0.04971572756767273,0.2586568295955658,0.02804100513458252,0.13686546683311462,0.26961103081703186,0.07538338005542755,0.1056050956249237,0.11547631025314331,0.19668197631835938,0.6235244572162628,0.11323679983615875,0.4085288941860199,0.3765542805194855
Congo (Brazzaville),0.26650214195251465,0.04919812083244324,0.19554802775382996,0.2249763011932373,0.0028957724571228027,0.08833682537078857,0.2402937412261963,0.13624656200408936,0.2962693125009537,0.195022851228714,0.29759594798088074,0.09872943162918091,0.04108631610870361,0.08828902244567871,0.2899773418903351,0.23297324776649475,0.0,0.20681381225585938,0.27083420753479004,0.20018213987350464,0.23764672875404358,0.1295875906944275,0.05283588171005249,0.10962888598442078,0.24192237854003906,0.18025898933410645,0.0028581619262695312,0.19160908460617065,0.08860164880752563,0.0737910270690918,0.07910162210464478,0.08263778686523438,0.001048743724822998,0.12038573622703552,0.29562559723854065,0.026848405599594116,0.10555601119995117,0.11176460981369019,0.26335322856903076,0.3182169795036316,0.0955272912979126,0.0983278751373291,0.10126727819442749,0.08252745866775513,0.16782823204994202,0.14616632461547852,0.19632172584533691,0.23133647441864014,0.2690562605857849,0.013047575950622559,0.0073639750480651855,0.05507659912109375,0.05999314785003662,0.22751975059509277,0.4154277816414833,0.21829169988632202,0.008118867874145508,0.02310386300086975,0.13990241289138794,0.005023479461669922,0.038796037435531616,0.15833452343940735,0.26512017846107483,0.2098495364189148,0.21640926599502563,0.007297337055206299,0.09541952610015869,0.06261664628982544,0.11277568340301514,0.06737929582595825,0.26978760957717896,0.16300055384635925,0.25140106678009033,0.18731418251991272,0.23195573687553406,0.22179925441741943,0.24108654260635376,0.2628704905509949,0.054064273834228516,0.32982853055000305,0.06513005495071411,0.0679003894329071,0.08333265781402588,0.230910062789917,0.3754996657371521,0.3063145577907562,0.18288633227348328,0.013160645961761475,0.08829295635223389,0.15041834115982056,0.017198801040649414,0.11141395568847656,0.3157259225845337,0.08497428894042969,0.3692687749862671,0.2826889753341675,0.025683581829071045,0.20493224263191223,0.09610778093338013,0.03663778305053711,0.3083566278219223,0.12736815214157104,0.11749693751335144,0.036291271448135376,0.39055120944976807,0.3462100476026535,0.17555564641952515,0.14358103275299072
Costa Rica,0.05968832969665527,0.15761569142341614,0.011265784502029419,0.01816248893737793,0.20391803979873657,0.29515063762664795,0.44710755348205566,0.07056725025177002,0.0894555002450943,0.011790961027145386,0.09078213572502136,0.3055432438850403,0.247900128364563,0.2951028347015381,0.08316352963447571,0.026159435510635376,0.20681381225585938,0.0,0.06402039527893066,0.006631672382354736,0.030832916498184204,0.33640140295028687,0.25964969396591187,0.0971849262714386,0.44873619079589844,0.3870728015899658,0.20395565032958984,0.39842289686203003,0.11821216344833374,0.13302278518676758,0.1277121901512146,0.28945159912109375,0.20576506853103638,0.08642807602882385,0.08881178498268127,0.17996540665626526,0.1012578010559082,0.31857842206954956,0.47016704082489014,0.525030791759491,0.302341103553772,0.10848593711853027,0.30808109045028687,0.12428635358810425,0.03898558020591736,0.3529801368713379,0.010492086410522461,0.02452266216278076,0.4758700728416443,0.21986138820648193,0.1994498372077942,0.2618904113769531,0.266806960105896,0.0207059383392334,0.20861396938562393,0.011477887630462646,0.19869494438171387,0.18370994925498962,0.3467162251472473,0.2118372917175293,0.16801777482032776,0.048479288816452026,0.058306366205215454,0.41666334867477417,0.00959545373916626,0.21411114931106567,0.30223333835601807,0.2694304585456848,0.3195894956588745,0.2741931080818176,0.06297379732131958,0.04381325840950012,0.4582148790359497,0.019499629735946655,0.025141924619674683,0.014985442161560059,0.44790035486221313,0.0560566782951355,0.2608780860900879,0.12301471829414368,0.14168375730514526,0.13891342282295227,0.29014647006988525,0.43772387504577637,0.5823134779930115,0.09950074553489685,0.0239274799823761,0.1936531662940979,0.11852085590362549,0.05639547109603882,0.18961501121520996,0.31822776794433594,0.5225397348403931,0.12183952331542969,0.5760825872421265,0.0758751630783081,0.23249739408493042,0.0018815696239471436,0.11070603132247925,0.24345159530639648,0.10154281556606293,0.07944566011428833,0.08931687474250793,0.170522540807724,0.5973650217056274,0.13939623534679413,0.3823694586753845,0.3503948450088501
