"","geo","model","value","X"
"2001","modern","FAVEE",0.00545576326160518,"modern_FAVEE"
"2002","modern","FAVEE",0.00291106761309599,"modern_FAVEE"
"2003","modern","FAVEE",0.00147333934760963,"modern_FAVEE"
"2004","modern","FAVEE",0.00846180269821723,"modern_FAVEE"
"2005","modern","FAVEE",-0.000605443687253129,"modern_FAVEE"
"2006","modern","FAVEE",-0.00436884001370182,"modern_FAVEE"
"2007","modern","FAVEE",-0.000781606730284265,"modern_FAVEE"
"2008","modern","FAVEE",0.00113901120099808,"modern_FAVEE"
"2009","modern","FAVEE",-0.0055781910470437,"modern_FAVEE"
"2010","modern","FAVEE",-0.00353480488120432,"modern_FAVEE"
"2011","modern","FAVEE",-0.00478165073024953,"modern_FAVEE"
"2012","modern","FAVEE",0.0106199562899321,"modern_FAVEE"
"2013","modern","FAVEE",0.0104085668189621,"modern_FAVEE"
"2014","modern","FAVEE",0.00141030931208865,"modern_FAVEE"
"2015","modern","FAVEE",3.75393892737202e-05,"modern_FAVEE"
"2016","modern","FAVEE",0.00471433030481983,"modern_FAVEE"
"2017","modern","FAVEE",0.00381433568813319,"modern_FAVEE"
"2018","modern","FAVEE",0.00773758790652415,"modern_FAVEE"
"2019","modern","FAVEE",-0.00397498197882461,"modern_FAVEE"
"2020","modern","FAVEE",0.00454670322269537,"modern_FAVEE"
"2021","modern","FAVEE",0.00655853388747243,"modern_FAVEE"
"2022","modern","FAVEE",0.0063121083176959,"modern_FAVEE"
"2023","modern","FAVEE",0.00245278182411229,"modern_FAVEE"
"2024","modern","FAVEE",-0.00128472905271697,"modern_FAVEE"
"2025","modern","FAVEE",0.00521204920974934,"modern_FAVEE"
"2026","modern","FAVEE",-0.00205122165923893,"modern_FAVEE"
"2027","modern","FAVEE",0.0106352395335634,"modern_FAVEE"
"2028","modern","FAVEE",-0.00191648130359396,"modern_FAVEE"
"2029","modern","FAVEE",0.000111844714023432,"modern_FAVEE"
"2030","modern","FAVEE",-0.00246827319113318,"modern_FAVEE"
"2031","modern","FAVEE",-0.00099210374486246,"modern_FAVEE"
"2032","modern","FAVEE",0.00758648623127085,"modern_FAVEE"
"2033","modern","FAVEE",-0.00179329086229789,"modern_FAVEE"
"2034","modern","FAVEE",0.000247312647451208,"modern_FAVEE"
"2035","modern","FAVEE",-0.000490854714389464,"modern_FAVEE"
"2036","modern","FAVEE",0.00380381385663863,"modern_FAVEE"
"2037","modern","FAVEE",-0.0017464649760743,"modern_FAVEE"
"2038","modern","FAVEE",0.00545414605493714,"modern_FAVEE"
"2039","modern","FAVEE",-0.000337964078401016,"modern_FAVEE"
"2040","modern","FAVEE",0.00723877553668394,"modern_FAVEE"
"2041","modern","FAVEE",0.00070970771509354,"modern_FAVEE"
"2042","modern","FAVEE",0.00337750370504701,"modern_FAVEE"
"2043","modern","FAVEE",-0.00038661374129901,"modern_FAVEE"
"2044","modern","FAVEE",-0.00151412227260014,"modern_FAVEE"
"2045","modern","FAVEE",-0.00472515063453461,"modern_FAVEE"
"2046","modern","FAVEE",-6.20034247088704e-05,"modern_FAVEE"
"2047","modern","FAVEE",3.71174268871061e-05,"modern_FAVEE"
"2048","modern","FAVEE",-0.00693668889903777,"modern_FAVEE"
"2049","modern","FAVEE",-0.00536560314829509,"modern_FAVEE"
"2050","modern","FAVEE",-0.00844804594064169,"modern_FAVEE"
"2051","modern","FAVEE",-0.00470935096226496,"modern_FAVEE"
"2052","modern","FAVEE",0.00180232857785421,"modern_FAVEE"
"2053","modern","FAVEE",0.0100467613444103,"modern_FAVEE"
"2054","modern","FAVEE",-0.0027456900449811,"modern_FAVEE"
"2055","modern","FAVEE",0.00209896739534176,"modern_FAVEE"
"2056","modern","FAVEE",0.00442135159519247,"modern_FAVEE"
"2057","modern","FAVEE",0.00415716147085088,"modern_FAVEE"
"2058","modern","FAVEE",0.00250334241879339,"modern_FAVEE"
"2059","modern","FAVEE",-0.00648682796075233,"modern_FAVEE"
"2060","modern","FAVEE",0.00608639669551355,"modern_FAVEE"
"2061","modern","FAVEE",-0.00625624619750838,"modern_FAVEE"
"2062","modern","FAVEE",0.00170288524033602,"modern_FAVEE"
"2063","modern","FAVEE",-0.00606634943057543,"modern_FAVEE"
"2064","modern","FAVEE",-0.00272190479357466,"modern_FAVEE"
"2065","modern","FAVEE",0.00844595236596009,"modern_FAVEE"
"2066","modern","FAVEE",0.00587958410548416,"modern_FAVEE"
"2067","modern","FAVEE",0.00243418850944348,"modern_FAVEE"
"2068","modern","FAVEE",0.0106977630502211,"modern_FAVEE"
"2069","modern","FAVEE",-0.00505026800347983,"modern_FAVEE"
"2070","modern","FAVEE",-0.0129514407994068,"modern_FAVEE"
"2071","modern","FAVEE",-0.00405732006676892,"modern_FAVEE"
"2072","modern","FAVEE",-0.00156714640371677,"modern_FAVEE"
"2073","modern","FAVEE",0.000197364992053581,"modern_FAVEE"
"2074","modern","FAVEE",0.00519731827241028,"modern_FAVEE"
"2075","modern","FAVEE",-0.00779758779844361,"modern_FAVEE"
"2076","modern","FAVEE",-0.00787933971917268,"modern_FAVEE"
"2077","modern","FAVEE",0.00269143242809944,"modern_FAVEE"
"2078","modern","FAVEE",0.00419218331060671,"modern_FAVEE"
"2079","modern","FAVEE",0.00733888945200708,"modern_FAVEE"
"2080","modern","FAVEE",0.000698291759221931,"modern_FAVEE"
"2081","modern","FAVEE",0.0120717089684718,"modern_FAVEE"
"2082","modern","FAVEE",0.00337569510325088,"modern_FAVEE"
"2083","modern","FAVEE",0.00347612569108204,"modern_FAVEE"
"2084","modern","FAVEE",0.00175057712439199,"modern_FAVEE"
"2085","modern","FAVEE",0.00172029299853957,"modern_FAVEE"
"2086","modern","FAVEE",9.2682264688838e-05,"modern_FAVEE"
"2087","modern","FAVEE",0.00159552710388419,"modern_FAVEE"
"2088","modern","FAVEE",0.00679203744081316,"modern_FAVEE"
"2089","modern","FAVEE",-0.00411115944450993,"modern_FAVEE"
"2090","modern","FAVEE",0.000934568798850741,"modern_FAVEE"
"2091","modern","FAVEE",0.00235583657189366,"modern_FAVEE"
"2092","modern","FAVEE",0.00024740038479048,"modern_FAVEE"
"2093","modern","FAVEE",0.00362899810239734,"modern_FAVEE"
"2094","modern","FAVEE",0.0022939915092901,"modern_FAVEE"
"2095","modern","FAVEE",-0.00200105167079841,"modern_FAVEE"
"2096","modern","FAVEE",0.000795330172613277,"modern_FAVEE"
"2097","modern","FAVEE",-0.00434973571069387,"modern_FAVEE"
"2098","modern","FAVEE",0.00384191596945552,"modern_FAVEE"
"2099","modern","FAVEE",-0.000396561129884235,"modern_FAVEE"
"2100","modern","FAVEE",-0.00684783915853057,"modern_FAVEE"
"2101","modern","FAVEE",-0.00176318496716907,"modern_FAVEE"
"2102","modern","FAVEE",0.00265073112900308,"modern_FAVEE"
"2103","modern","FAVEE",-0.00025747082359197,"modern_FAVEE"
"2104","modern","FAVEE",0.00124950561661334,"modern_FAVEE"
"2105","modern","FAVEE",-0.00448406460254421,"modern_FAVEE"
"2106","modern","FAVEE",-0.00444278615422018,"modern_FAVEE"
"2107","modern","FAVEE",-0.00976338042848747,"modern_FAVEE"
"2108","modern","FAVEE",-0.00299335712167087,"modern_FAVEE"
"2109","modern","FAVEE",-0.00241184795782174,"modern_FAVEE"
"2110","modern","FAVEE",-0.00381974443660274,"modern_FAVEE"
"2111","modern","FAVEE",0.00950861098680103,"modern_FAVEE"
"2112","modern","FAVEE",-0.00693308001462465,"modern_FAVEE"
"2113","modern","FAVEE",0.00588111975409712,"modern_FAVEE"
"2114","modern","FAVEE",-0.00055055272634337,"modern_FAVEE"
"2115","modern","FAVEE",-0.00261571560453893,"modern_FAVEE"
"2116","modern","FAVEE",-0.000883582235325371,"modern_FAVEE"
"2117","modern","FAVEE",0.0018621426239484,"modern_FAVEE"
"2118","modern","FAVEE",-0.00300719887371327,"modern_FAVEE"
"2119","modern","FAVEE",-0.00641721221181996,"modern_FAVEE"
"2120","modern","FAVEE",0.000993120119547371,"modern_FAVEE"
"2121","modern","FAVEE",0.000365120018687733,"modern_FAVEE"
"2122","modern","FAVEE",0.00261798701278911,"modern_FAVEE"
"2123","modern","FAVEE",-0.000915727876470364,"modern_FAVEE"
"2124","modern","FAVEE",0.00672319599827748,"modern_FAVEE"
"2125","modern","FAVEE",0.00145742879795793,"modern_FAVEE"
"2126","modern","FAVEE",-0.00170027939594698,"modern_FAVEE"
"2127","modern","FAVEE",0.00101845678326193,"modern_FAVEE"
"2128","modern","FAVEE",-0.00605599111234604,"modern_FAVEE"
"2129","modern","FAVEE",-0.00669042693934529,"modern_FAVEE"
"2130","modern","FAVEE",-0.00299778420272051,"modern_FAVEE"
"2131","modern","FAVEE",0.00191193296380675,"modern_FAVEE"
"2132","modern","FAVEE",0.00342636397536473,"modern_FAVEE"
"2133","modern","FAVEE",-0.0111415506686254,"modern_FAVEE"
"2134","modern","FAVEE",0.00704011342712317,"modern_FAVEE"
"2135","modern","FAVEE",-5.38800518814158e-06,"modern_FAVEE"
"2136","modern","FAVEE",-0.00390758965384689,"modern_FAVEE"
"2137","modern","FAVEE",-0.00210134831563013,"modern_FAVEE"
"2138","modern","FAVEE",0.0117561697060659,"modern_FAVEE"
"2139","modern","FAVEE",-0.000162483598957579,"modern_FAVEE"
"2140","modern","FAVEE",0.00589247859802344,"modern_FAVEE"
"2141","modern","FAVEE",0.00754137538357592,"modern_FAVEE"
"2142","modern","FAVEE",0.00388582683829383,"modern_FAVEE"
"2143","modern","FAVEE",9.16407796639055e-05,"modern_FAVEE"
"2144","modern","FAVEE",-0.00833361811490819,"modern_FAVEE"
"2145","modern","FAVEE",-0.0036631007301589,"modern_FAVEE"
"2146","modern","FAVEE",0.000525527645888375,"modern_FAVEE"
"2147","modern","FAVEE",0.00486483687654068,"modern_FAVEE"
"2148","modern","FAVEE",0.00535952251496566,"modern_FAVEE"
"2149","modern","FAVEE",-0.00269552482635258,"modern_FAVEE"
"2150","modern","FAVEE",-0.000369984342712665,"modern_FAVEE"
"2151","modern","FAVEE",-0.00281463377864447,"modern_FAVEE"
"2152","modern","FAVEE",0.0099029109531245,"modern_FAVEE"
"2153","modern","FAVEE",-0.00522756581488483,"modern_FAVEE"
"2154","modern","FAVEE",7.81159932207119e-05,"modern_FAVEE"
"2155","modern","FAVEE",-0.00328860838161608,"modern_FAVEE"
"2156","modern","FAVEE",-0.00367649204584171,"modern_FAVEE"
"2157","modern","FAVEE",0.00288331094357271,"modern_FAVEE"
"2158","modern","FAVEE",0.00957745678585722,"modern_FAVEE"
"2159","modern","FAVEE",-0.00196155000741147,"modern_FAVEE"
"2160","modern","FAVEE",0.00575610475433062,"modern_FAVEE"
"2161","modern","FAVEE",-0.00311723556553662,"modern_FAVEE"
"2162","modern","FAVEE",0.00496255763090215,"modern_FAVEE"
"2163","modern","FAVEE",0.00117198563419047,"modern_FAVEE"
"2164","modern","FAVEE",0.0014352389284646,"modern_FAVEE"
"2165","modern","FAVEE",0.00499771887470357,"modern_FAVEE"
"2166","modern","FAVEE",-0.000290413734004459,"modern_FAVEE"
"2167","modern","FAVEE",0.00235819336616734,"modern_FAVEE"
"2168","modern","FAVEE",0.00658514770193975,"modern_FAVEE"
"2169","modern","FAVEE",-0.00504541758086845,"modern_FAVEE"
"2170","modern","FAVEE",-0.00572078341095302,"modern_FAVEE"
"2171","modern","FAVEE",-0.00886815516308608,"modern_FAVEE"
"2172","modern","FAVEE",0.00354832111893517,"modern_FAVEE"
"2173","modern","FAVEE",-0.000311821269037254,"modern_FAVEE"
"2174","modern","FAVEE",-0.00424649239298265,"modern_FAVEE"
"2175","modern","FAVEE",0.000386902544458111,"modern_FAVEE"
"2176","modern","FAVEE",-0.000535641713452843,"modern_FAVEE"
"2177","modern","FAVEE",0.000628715748843402,"modern_FAVEE"
"2178","modern","FAVEE",0.0109803762780095,"modern_FAVEE"
"2179","modern","FAVEE",0.00119839675700519,"modern_FAVEE"
"2180","modern","FAVEE",0.00114612268211844,"modern_FAVEE"
"2181","modern","FAVEE",-0.00173388614603107,"modern_FAVEE"
"2182","modern","FAVEE",0.00705227011892508,"modern_FAVEE"
"2183","modern","FAVEE",-0.00369982314093575,"modern_FAVEE"
"2184","modern","FAVEE",-0.000592764473480101,"modern_FAVEE"
"2185","modern","FAVEE",-3.81902924274565e-05,"modern_FAVEE"
"2186","modern","FAVEE",-0.00709263001421603,"modern_FAVEE"
"2187","modern","FAVEE",0.00241764869006043,"modern_FAVEE"
"2188","modern","FAVEE",-0.00155889514038744,"modern_FAVEE"
"2189","modern","FAVEE",0.00819389871836176,"modern_FAVEE"
"2190","modern","FAVEE",0.00211958005786843,"modern_FAVEE"
"2191","modern","FAVEE",0.00408964383457368,"modern_FAVEE"
"2192","modern","FAVEE",-0.00494832361220824,"modern_FAVEE"
"2193","modern","FAVEE",0.00824515254185642,"modern_FAVEE"
"2194","modern","FAVEE",-0.00204542863727422,"modern_FAVEE"
"2195","modern","FAVEE",0.00326150949235121,"modern_FAVEE"
"2196","modern","FAVEE",-0.000298180159314392,"modern_FAVEE"
"2197","modern","FAVEE",0.00174819401382334,"modern_FAVEE"
"2198","modern","FAVEE",-0.000322920203655264,"modern_FAVEE"
"2199","modern","FAVEE",0.00469030523962206,"modern_FAVEE"
"2200","modern","FAVEE",-0.00778991679736549,"modern_FAVEE"
"2201","modern","FAVEE",-0.00300901493352738,"modern_FAVEE"
"2202","modern","FAVEE",0.00294763772941362,"modern_FAVEE"
"2203","modern","FAVEE",-0.00174724887577348,"modern_FAVEE"
"2204","modern","FAVEE",-0.000132053132019409,"modern_FAVEE"
"2205","modern","FAVEE",-0.00451338926675019,"modern_FAVEE"
"2206","modern","FAVEE",0.00334628917869143,"modern_FAVEE"
"2207","modern","FAVEE",0.00306283176432359,"modern_FAVEE"
"2208","modern","FAVEE",-0.00166857347686765,"modern_FAVEE"
"2209","modern","FAVEE",4.13785264486441e-05,"modern_FAVEE"
"2210","modern","FAVEE",-0.00675739002504219,"modern_FAVEE"
"2211","modern","FAVEE",-0.00213502133626497,"modern_FAVEE"
"2212","modern","FAVEE",0.00357782595880466,"modern_FAVEE"
"2213","modern","FAVEE",-0.000958251960012205,"modern_FAVEE"
"2214","modern","FAVEE",-0.00155055891881601,"modern_FAVEE"
"2215","modern","FAVEE",0.00315439213623299,"modern_FAVEE"
"2216","modern","FAVEE",0.00196496095648203,"modern_FAVEE"
"2217","modern","FAVEE",-0.00749384244023335,"modern_FAVEE"
"2218","modern","FAVEE",0.00143160340832005,"modern_FAVEE"
"2219","modern","FAVEE",-0.00901435021269469,"modern_FAVEE"
"2220","modern","FAVEE",-0.00185423066108359,"modern_FAVEE"
"2221","modern","FAVEE",0.00657569111528549,"modern_FAVEE"
"2222","modern","FAVEE",0.00287616962148893,"modern_FAVEE"
"2223","modern","FAVEE",0.00918762187334518,"modern_FAVEE"
"2224","modern","FAVEE",-0.00628432845445134,"modern_FAVEE"
"2225","modern","FAVEE",-0.000737025589246196,"modern_FAVEE"
"2226","modern","FAVEE",-0.000449420800293762,"modern_FAVEE"
"2227","modern","FAVEE",0.000431462275350001,"modern_FAVEE"
"2228","modern","FAVEE",0.00377573184701193,"modern_FAVEE"
"2229","modern","FAVEE",0.00136149765341332,"modern_FAVEE"
"2230","modern","FAVEE",-0.005310533484752,"modern_FAVEE"
"2231","modern","FAVEE",0.0116863818371964,"modern_FAVEE"
"2232","modern","FAVEE",-0.00773082502377441,"modern_FAVEE"
"2233","modern","FAVEE",0.0025383379804549,"modern_FAVEE"
"2234","modern","FAVEE",0.000105970312163576,"modern_FAVEE"
"2235","modern","FAVEE",0.0013842630117234,"modern_FAVEE"
"2236","modern","FAVEE",-0.0012673592379661,"modern_FAVEE"
"2237","modern","FAVEE",0.0011939432483518,"modern_FAVEE"
"2238","modern","FAVEE",0.0011293663556207,"modern_FAVEE"
"2239","modern","FAVEE",0.0119867929318326,"modern_FAVEE"
"2240","modern","FAVEE",-0.00229805561963377,"modern_FAVEE"
"2241","modern","FAVEE",-0.0100715809211839,"modern_FAVEE"
"2242","modern","FAVEE",0.00162672816516983,"modern_FAVEE"
"2243","modern","FAVEE",-0.00632095719855552,"modern_FAVEE"
"2244","modern","FAVEE",-0.00382939883247154,"modern_FAVEE"
"2245","modern","FAVEE",0.00271354465609211,"modern_FAVEE"
"2246","modern","FAVEE",0.0114184237378895,"modern_FAVEE"
"2247","modern","FAVEE",0.00173016465927903,"modern_FAVEE"
"2248","modern","FAVEE",0.00282662991641421,"modern_FAVEE"
"2249","modern","FAVEE",0.00849739659070735,"modern_FAVEE"
"2250","modern","FAVEE",-0.00327232702288054,"modern_FAVEE"
"2251","modern","FAVEE",8.54673184294785e-06,"modern_FAVEE"
"2252","modern","FAVEE",-0.00207210946522904,"modern_FAVEE"
"2253","modern","FAVEE",0.00277910866016485,"modern_FAVEE"
"2254","modern","FAVEE",-0.000670470339928892,"modern_FAVEE"
"2255","modern","FAVEE",0.000919089201910675,"modern_FAVEE"
"2256","modern","FAVEE",-0.000280705284218134,"modern_FAVEE"
"2257","modern","FAVEE",0.0120647759581463,"modern_FAVEE"
"2258","modern","FAVEE",0.00546397360117261,"modern_FAVEE"
"2259","modern","FAVEE",0.00585523145029649,"modern_FAVEE"
"2260","modern","FAVEE",0.00276498924012305,"modern_FAVEE"
"2261","modern","FAVEE",-0.0033187364291692,"modern_FAVEE"
"2262","modern","FAVEE",-0.00061654768312774,"modern_FAVEE"
"2263","modern","FAVEE",0.00491267528313549,"modern_FAVEE"
"2264","modern","FAVEE",-0.000912985912632879,"modern_FAVEE"
"2265","modern","FAVEE",0.013531518775304,"modern_FAVEE"
"2266","modern","FAVEE",0.000851095577979829,"modern_FAVEE"
"2267","modern","FAVEE",0.0012478219441102,"modern_FAVEE"
"2268","modern","FAVEE",0.000394338478175454,"modern_FAVEE"
"2269","modern","FAVEE",0.0016616160902474,"modern_FAVEE"
"2270","modern","FAVEE",-0.000546372996797507,"modern_FAVEE"
"2271","modern","FAVEE",0.00728829974941983,"modern_FAVEE"
"2272","modern","FAVEE",0.00491666007049133,"modern_FAVEE"
"2273","modern","FAVEE",0.00169050016957997,"modern_FAVEE"
"2274","modern","FAVEE",0.00250336415924345,"modern_FAVEE"
"2275","modern","FAVEE",0.00241556158511969,"modern_FAVEE"
"2276","modern","FAVEE",0.0052218427735442,"modern_FAVEE"
"2277","modern","FAVEE",0.00260882380645613,"modern_FAVEE"
"2278","modern","FAVEE",0.00416211190605299,"modern_FAVEE"
"2279","modern","FAVEE",-0.00279919563270111,"modern_FAVEE"
"2280","modern","FAVEE",0.00228285950443661,"modern_FAVEE"
"2281","modern","FAVEE",0.00388286807425047,"modern_FAVEE"
"2282","modern","FAVEE",-0.00073012341013719,"modern_FAVEE"
"2283","modern","FAVEE",0.00125329767280634,"modern_FAVEE"
"2284","modern","FAVEE",-0.00427317680389484,"modern_FAVEE"
"2285","modern","FAVEE",-0.00351558456776684,"modern_FAVEE"
"2286","modern","FAVEE",-0.000946746283331451,"modern_FAVEE"
"2287","modern","FAVEE",0.00209986554264227,"modern_FAVEE"
"2288","modern","FAVEE",-0.000437084768632184,"modern_FAVEE"
"2289","modern","FAVEE",-0.00758555742268093,"modern_FAVEE"
"2290","modern","FAVEE",0.0104394135781251,"modern_FAVEE"
"2291","modern","FAVEE",0.00804035535645588,"modern_FAVEE"
"2292","modern","FAVEE",0.0085650817019204,"modern_FAVEE"
"2293","modern","FAVEE",0.000302228016599416,"modern_FAVEE"
"2294","modern","FAVEE",0.00466363613959562,"modern_FAVEE"
"2295","modern","FAVEE",0.00344305488489862,"modern_FAVEE"
"2296","modern","FAVEE",-0.00422849669090439,"modern_FAVEE"
"2297","modern","FAVEE",-0.00263084470262611,"modern_FAVEE"
"2298","modern","FAVEE",0.00869875339837745,"modern_FAVEE"
"2299","modern","FAVEE",-0.00116240021848393,"modern_FAVEE"
"2300","modern","FAVEE",0.00220827375300792,"modern_FAVEE"
"2301","modern","FAVEE",0.00293483129167417,"modern_FAVEE"
"2302","modern","FAVEE",0.00583716654642634,"modern_FAVEE"
"2303","modern","FAVEE",-0.00951705199439767,"modern_FAVEE"
"2304","modern","FAVEE",-0.000424257393973553,"modern_FAVEE"
"2305","modern","FAVEE",0.00337883241284387,"modern_FAVEE"
"2306","modern","FAVEE",-0.00834352761832966,"modern_FAVEE"
"2307","modern","FAVEE",-0.00228242968885291,"modern_FAVEE"
"2308","modern","FAVEE",-0.000817844438061252,"modern_FAVEE"
"2309","modern","FAVEE",-0.00582602355526396,"modern_FAVEE"
"2310","modern","FAVEE",-0.00544308266404659,"modern_FAVEE"
"2311","modern","FAVEE",-0.000981109809007755,"modern_FAVEE"
"2312","modern","FAVEE",0.000716341002143489,"modern_FAVEE"
"2313","modern","FAVEE",0.00773392676263604,"modern_FAVEE"
"2314","modern","FAVEE",0.00399838878299341,"modern_FAVEE"
"2315","modern","FAVEE",0.00892437052401096,"modern_FAVEE"
"2316","modern","FAVEE",0.00201544180368707,"modern_FAVEE"
"2317","modern","FAVEE",0.00338067997304439,"modern_FAVEE"
"2318","modern","FAVEE",-0.00319031706368698,"modern_FAVEE"
"2319","modern","FAVEE",-0.000401952184537932,"modern_FAVEE"
"2320","modern","FAVEE",-0.00249804194051163,"modern_FAVEE"
"2321","modern","FAVEE",0.00220773150929342,"modern_FAVEE"
"2322","modern","FAVEE",0.00207869290109143,"modern_FAVEE"
"2323","modern","FAVEE",0.0031961360390405,"modern_FAVEE"
"2324","modern","FAVEE",0.00239205515003732,"modern_FAVEE"
"2325","modern","FAVEE",-0.0030201316107,"modern_FAVEE"
"2326","modern","FAVEE",0.00426293778991295,"modern_FAVEE"
"2327","modern","FAVEE",0.00209866900184401,"modern_FAVEE"
"2328","modern","FAVEE",0.00376964441989476,"modern_FAVEE"
"2329","modern","FAVEE",0.00686043129590141,"modern_FAVEE"
"2330","modern","FAVEE",-0.00439023906917861,"modern_FAVEE"
"2331","modern","FAVEE",0.00712623972616763,"modern_FAVEE"
"2332","modern","FAVEE",-0.0015611339321995,"modern_FAVEE"
"2333","modern","FAVEE",0.0064087253054856,"modern_FAVEE"
"2334","modern","FAVEE",0.0072741028001741,"modern_FAVEE"
"2335","modern","FAVEE",0.000145740196463694,"modern_FAVEE"
"2336","modern","FAVEE",0.000626002079172394,"modern_FAVEE"
"2337","modern","FAVEE",-0.0024216571578665,"modern_FAVEE"
"2338","modern","FAVEE",-0.00536076362406526,"modern_FAVEE"
"2339","modern","FAVEE",-0.000491100939962051,"modern_FAVEE"
"2340","modern","FAVEE",0.00682216616741574,"modern_FAVEE"
"2341","modern","FAVEE",-0.00281693303648462,"modern_FAVEE"
"2342","modern","FAVEE",-0.00473744373459504,"modern_FAVEE"
"2343","modern","FAVEE",0.0139771095756228,"modern_FAVEE"
"2344","modern","FAVEE",-0.000897593962470203,"modern_FAVEE"
"2345","modern","FAVEE",0.00189399611542576,"modern_FAVEE"
"2346","modern","FAVEE",-0.000688339302135156,"modern_FAVEE"
"2347","modern","FAVEE",0.00524088871748741,"modern_FAVEE"
"2348","modern","FAVEE",-0.000934399449777899,"modern_FAVEE"
"2349","modern","FAVEE",-0.00596584793805969,"modern_FAVEE"
"2350","modern","FAVEE",0.000267336581672617,"modern_FAVEE"
"2351","modern","FAVEE",-0.000922580858083937,"modern_FAVEE"
"2352","modern","FAVEE",-0.00608674344971494,"modern_FAVEE"
"2353","modern","FAVEE",-0.00683339197297349,"modern_FAVEE"
"2354","modern","FAVEE",0.00101198785548978,"modern_FAVEE"
"2355","modern","FAVEE",-0.00521065821414864,"modern_FAVEE"
"2356","modern","FAVEE",0.00171731354555193,"modern_FAVEE"
"2357","modern","FAVEE",0.00137480138884055,"modern_FAVEE"
"2358","modern","FAVEE",0.00320811662387727,"modern_FAVEE"
"2359","modern","FAVEE",0.000583628893790205,"modern_FAVEE"
"2360","modern","FAVEE",0.00624282308801866,"modern_FAVEE"
"2361","modern","FAVEE",-0.0065995756794863,"modern_FAVEE"
"2362","modern","FAVEE",0.00435667362519221,"modern_FAVEE"
"2363","modern","FAVEE",0.00898743057305692,"modern_FAVEE"
"2364","modern","FAVEE",-0.00349610485414349,"modern_FAVEE"
"2365","modern","FAVEE",0.00161561019115106,"modern_FAVEE"
"2366","modern","FAVEE",-0.00697417762272562,"modern_FAVEE"
"2367","modern","FAVEE",0.00469435385334578,"modern_FAVEE"
"2368","modern","FAVEE",0.00369402869072784,"modern_FAVEE"
"2369","modern","FAVEE",0.01482777834632,"modern_FAVEE"
"2370","modern","FAVEE",-0.000421070728813479,"modern_FAVEE"
"2371","modern","FAVEE",0.00157114290813357,"modern_FAVEE"
"2372","modern","FAVEE",-0.00881543592945691,"modern_FAVEE"
"2373","modern","FAVEE",-0.00550930898272883,"modern_FAVEE"
"2374","modern","FAVEE",-0.00354318335598607,"modern_FAVEE"
"2375","modern","FAVEE",-0.00934453846579173,"modern_FAVEE"
"2376","modern","FAVEE",0.00635495207216735,"modern_FAVEE"
"2377","modern","FAVEE",0.00622651218437472,"modern_FAVEE"
"2378","modern","FAVEE",0.00569610995989252,"modern_FAVEE"
"2379","modern","FAVEE",-0.00363393109406372,"modern_FAVEE"
"2380","modern","FAVEE",-0.00655721147817213,"modern_FAVEE"
"2381","modern","FAVEE",0.00455469219148107,"modern_FAVEE"
"2382","modern","FAVEE",-0.00334706323151485,"modern_FAVEE"
"2383","modern","FAVEE",0.00788240935598767,"modern_FAVEE"
"2384","modern","FAVEE",0.00351041206923158,"modern_FAVEE"
"2385","modern","FAVEE",0.0031257587506316,"modern_FAVEE"
"2386","modern","FAVEE",0.0024819382381727,"modern_FAVEE"
"2387","modern","FAVEE",-0.00525940674460586,"modern_FAVEE"
"2388","modern","FAVEE",-0.000748250951544699,"modern_FAVEE"
"2389","modern","FAVEE",-0.00107361235611155,"modern_FAVEE"
"2390","modern","FAVEE",-0.00658752867722387,"modern_FAVEE"
"2391","modern","FAVEE",-0.00237404756656945,"modern_FAVEE"
"2392","modern","FAVEE",0.00119460832855653,"modern_FAVEE"
"2393","modern","FAVEE",0.00222170717831929,"modern_FAVEE"
"2394","modern","FAVEE",0.00192398125138927,"modern_FAVEE"
"2395","modern","FAVEE",0.00393870395322705,"modern_FAVEE"
"2396","modern","FAVEE",-0.00405427600495874,"modern_FAVEE"
"2397","modern","FAVEE",0.00229258933506,"modern_FAVEE"
"2398","modern","FAVEE",-0.00247633107388865,"modern_FAVEE"
"2399","modern","FAVEE",0.00100589552156519,"modern_FAVEE"
"2400","modern","FAVEE",-0.00198058936503599,"modern_FAVEE"
"2401","modern","FAVEE",-0.00733777170498593,"modern_FAVEE"
"2402","modern","FAVEE",0.00165372358007486,"modern_FAVEE"
"2403","modern","FAVEE",0.00232099171574198,"modern_FAVEE"
"2404","modern","FAVEE",-0.00266924681106277,"modern_FAVEE"
"2405","modern","FAVEE",-0.00560303449691738,"modern_FAVEE"
"2406","modern","FAVEE",-0.0020333645046555,"modern_FAVEE"
"2407","modern","FAVEE",-0.00280158761998078,"modern_FAVEE"
"2408","modern","FAVEE",-0.00836177265801609,"modern_FAVEE"
"2409","modern","FAVEE",0.00492037462744815,"modern_FAVEE"
"2410","modern","FAVEE",0.00663964046324211,"modern_FAVEE"
"2411","modern","FAVEE",-0.00677330348288291,"modern_FAVEE"
"2412","modern","FAVEE",0.00096291408800502,"modern_FAVEE"
"2413","modern","FAVEE",-0.00332094554961554,"modern_FAVEE"
"2414","modern","FAVEE",0.00572074626477422,"modern_FAVEE"
"2415","modern","FAVEE",-0.000295010957778335,"modern_FAVEE"
"2416","modern","FAVEE",0.00274281406503604,"modern_FAVEE"
"2417","modern","FAVEE",-0.001297009289697,"modern_FAVEE"
"2418","modern","FAVEE",-0.00443411346792374,"modern_FAVEE"
"2419","modern","FAVEE",-0.00963136615278451,"modern_FAVEE"
"2420","modern","FAVEE",-0.00248743873702551,"modern_FAVEE"
"2421","modern","FAVEE",0.00348491269841726,"modern_FAVEE"
"2422","modern","FAVEE",0.00207135402567158,"modern_FAVEE"
"2423","modern","FAVEE",0.00608051936998683,"modern_FAVEE"
"2424","modern","FAVEE",0.00466984290718505,"modern_FAVEE"
"2425","modern","FAVEE",0.0052619145447255,"modern_FAVEE"
"2426","modern","FAVEE",0.0106685740398108,"modern_FAVEE"
"2427","modern","FAVEE",-0.00285519567830566,"modern_FAVEE"
"2428","modern","FAVEE",0.00363825043742941,"modern_FAVEE"
"2429","modern","FAVEE",-0.00457535203213787,"modern_FAVEE"
"2430","modern","FAVEE",-0.000837989049777616,"modern_FAVEE"
"2431","modern","FAVEE",-0.00727369939902152,"modern_FAVEE"
"2432","modern","FAVEE",0.00498942013751841,"modern_FAVEE"
"2433","modern","FAVEE",0.00698083848735058,"modern_FAVEE"
"2434","modern","FAVEE",-0.00502484370978299,"modern_FAVEE"
"2435","modern","FAVEE",0.00028075339925209,"modern_FAVEE"
"2436","modern","FAVEE",0.00368609412427591,"modern_FAVEE"
"2437","modern","FAVEE",0.000697158131269153,"modern_FAVEE"
"2438","modern","FAVEE",-0.00622017138948097,"modern_FAVEE"
"2439","modern","FAVEE",3.9977967842516e-05,"modern_FAVEE"
"2440","modern","FAVEE",0.00468286079078259,"modern_FAVEE"
"2441","modern","FAVEE",0.00407229224416663,"modern_FAVEE"
"2442","modern","FAVEE",0.00176673670736394,"modern_FAVEE"
"2443","modern","FAVEE",-9.34986151802217e-05,"modern_FAVEE"
"2444","modern","FAVEE",-0.00176619980680048,"modern_FAVEE"
"2445","modern","FAVEE",0.0080063572433632,"modern_FAVEE"
"2446","modern","FAVEE",0.000798513524196417,"modern_FAVEE"
"2447","modern","FAVEE",-0.00937470833251676,"modern_FAVEE"
"2448","modern","FAVEE",-0.00635598971374601,"modern_FAVEE"
"2449","modern","FAVEE",-0.00495611155897314,"modern_FAVEE"
"2450","modern","FAVEE",0.0111243600448834,"modern_FAVEE"
"2451","modern","FAVEE",0.0112053172452503,"modern_FAVEE"
"2452","modern","FAVEE",-0.00348788492028561,"modern_FAVEE"
"2453","modern","FAVEE",0.000872004203652655,"modern_FAVEE"
"2454","modern","FAVEE",2.96902947967503e-05,"modern_FAVEE"
"2455","modern","FAVEE",-0.00332160623213527,"modern_FAVEE"
"2456","modern","FAVEE",0.00860075640063731,"modern_FAVEE"
"2457","modern","FAVEE",-0.00455688428497633,"modern_FAVEE"
"2458","modern","FAVEE",-0.000303905261843459,"modern_FAVEE"
"2459","modern","FAVEE",-0.00350448352783206,"modern_FAVEE"
"2460","modern","FAVEE",-0.00473345344930967,"modern_FAVEE"
"2461","modern","FAVEE",0.00633239202785266,"modern_FAVEE"
"2462","modern","FAVEE",-0.000956769988250016,"modern_FAVEE"
"2463","modern","FAVEE",-0.00547591939476883,"modern_FAVEE"
"2464","modern","FAVEE",-0.00139041978520215,"modern_FAVEE"
"2465","modern","FAVEE",0.00116271292471084,"modern_FAVEE"
"2466","modern","FAVEE",-0.00571128522642716,"modern_FAVEE"
"2467","modern","FAVEE",-0.00898779887077744,"modern_FAVEE"
"2468","modern","FAVEE",0.00461726935930292,"modern_FAVEE"
"2469","modern","FAVEE",0.00172618653233797,"modern_FAVEE"
"2470","modern","FAVEE",0.00256031880249809,"modern_FAVEE"
"2471","modern","FAVEE",-0.00394914084393326,"modern_FAVEE"
"2472","modern","FAVEE",0.00741774674494697,"modern_FAVEE"
"2473","modern","FAVEE",0.00572947554401404,"modern_FAVEE"
"2474","modern","FAVEE",0.000569678012045417,"modern_FAVEE"
"2475","modern","FAVEE",0.00124253168087942,"modern_FAVEE"
"2476","modern","FAVEE",-0.00156731216423387,"modern_FAVEE"
"2477","modern","FAVEE",-0.00756109477531244,"modern_FAVEE"
"2478","modern","FAVEE",0.00200295114633877,"modern_FAVEE"
"2479","modern","FAVEE",0.00478116242914377,"modern_FAVEE"
"2480","modern","FAVEE",0.00973559809240956,"modern_FAVEE"
"2481","modern","FAVEE",0.00853542243131923,"modern_FAVEE"
"2482","modern","FAVEE",-0.00376401858405584,"modern_FAVEE"
"2483","modern","FAVEE",0.00293229385180314,"modern_FAVEE"
"2484","modern","FAVEE",0.00869386708625687,"modern_FAVEE"
"2485","modern","FAVEE",-0.0034815524755267,"modern_FAVEE"
"2486","modern","FAVEE",0.00366564193048859,"modern_FAVEE"
"2487","modern","FAVEE",0.00129734985967445,"modern_FAVEE"
"2488","modern","FAVEE",-0.0029869132248736,"modern_FAVEE"
"2489","modern","FAVEE",-0.000412098784894273,"modern_FAVEE"
"2490","modern","FAVEE",-0.00475605945427347,"modern_FAVEE"
"2491","modern","FAVEE",-0.00396328168235413,"modern_FAVEE"
"2492","modern","FAVEE",-1.02801896704654e-05,"modern_FAVEE"
"2493","modern","FAVEE",-0.0010107110781813,"modern_FAVEE"
"2494","modern","FAVEE",0.00315179450333678,"modern_FAVEE"
"2495","modern","FAVEE",0.00874613140153658,"modern_FAVEE"
"2496","modern","FAVEE",-0.00448201668685833,"modern_FAVEE"
"2497","modern","FAVEE",0.00314086118038507,"modern_FAVEE"
"2498","modern","FAVEE",-0.00562028319124337,"modern_FAVEE"
"2499","modern","FAVEE",-0.00347427869038929,"modern_FAVEE"
"2500","modern","FAVEE",0.00266874763759142,"modern_FAVEE"
"2501","modern","FAVEE",0.00135681784313071,"modern_FAVEE"
"2502","modern","FAVEE",0.00190993758883167,"modern_FAVEE"
"2503","modern","FAVEE",0.0103955635339399,"modern_FAVEE"
"2504","modern","FAVEE",0.00432438021010784,"modern_FAVEE"
"2505","modern","FAVEE",0.00344285876803866,"modern_FAVEE"
"2506","modern","FAVEE",0.00430348321817904,"modern_FAVEE"
"2507","modern","FAVEE",-0.0024652653827263,"modern_FAVEE"
"2508","modern","FAVEE",-0.00773289799842703,"modern_FAVEE"
"2509","modern","FAVEE",0.0015421800541242,"modern_FAVEE"
"2510","modern","FAVEE",0.00311103743755073,"modern_FAVEE"
"2511","modern","FAVEE",0.00449604527135655,"modern_FAVEE"
"2512","modern","FAVEE",0.00275298546650474,"modern_FAVEE"
"2513","modern","FAVEE",0.000597852941456251,"modern_FAVEE"
"2514","modern","FAVEE",-0.00218801256180409,"modern_FAVEE"
"2515","modern","FAVEE",-0.00189006032632921,"modern_FAVEE"
"2516","modern","FAVEE",-0.00398178904951578,"modern_FAVEE"
"2517","modern","FAVEE",0.00707891093334725,"modern_FAVEE"
"2518","modern","FAVEE",0.00447841700353243,"modern_FAVEE"
"2519","modern","FAVEE",0.00137715538755126,"modern_FAVEE"
"2520","modern","FAVEE",-0.00102232018410561,"modern_FAVEE"
"2521","modern","FAVEE",-0.00621631726711375,"modern_FAVEE"
"2522","modern","FAVEE",-0.000517197684283551,"modern_FAVEE"
"2523","modern","FAVEE",-0.000974537314008667,"modern_FAVEE"
"2524","modern","FAVEE",-0.00133317569201191,"modern_FAVEE"
"2525","modern","FAVEE",0.000400404923915791,"modern_FAVEE"
"2526","modern","FAVEE",-0.00857255536602301,"modern_FAVEE"
"2527","modern","FAVEE",0.00119294881796351,"modern_FAVEE"
"2528","modern","FAVEE",-0.00391243968358436,"modern_FAVEE"
"2529","modern","FAVEE",-0.0048721991870704,"modern_FAVEE"
"2530","modern","FAVEE",0.0018499138741975,"modern_FAVEE"
"2531","modern","FAVEE",0.000874782170284017,"modern_FAVEE"
"2532","modern","FAVEE",-0.00267561492732372,"modern_FAVEE"
"2533","modern","FAVEE",0.00708597257809927,"modern_FAVEE"
"2534","modern","FAVEE",0.0119532241673536,"modern_FAVEE"
"2535","modern","FAVEE",0.000742107637537515,"modern_FAVEE"
"2536","modern","FAVEE",0.000411274720506435,"modern_FAVEE"
"2537","modern","FAVEE",-0.000457581996373581,"modern_FAVEE"
"2538","modern","FAVEE",0.00678111464378667,"modern_FAVEE"
"2539","modern","FAVEE",-0.00278677206721751,"modern_FAVEE"
"2540","modern","FAVEE",0.00297179883173086,"modern_FAVEE"
"2541","modern","FAVEE",-0.00444059935316131,"modern_FAVEE"
"2542","modern","FAVEE",0.00103667832460985,"modern_FAVEE"
"2543","modern","FAVEE",-0.00505725889964302,"modern_FAVEE"
"2544","modern","FAVEE",-0.00028271482570609,"modern_FAVEE"
"2545","modern","FAVEE",-0.00817640858276509,"modern_FAVEE"
"2546","modern","FAVEE",0.000649416626876083,"modern_FAVEE"
"2547","modern","FAVEE",-0.00286643694656381,"modern_FAVEE"
"2548","modern","FAVEE",-0.00434947018391435,"modern_FAVEE"
"2549","modern","FAVEE",-0.00335921766881987,"modern_FAVEE"
"2550","modern","FAVEE",-0.000817031620800531,"modern_FAVEE"
"2551","modern","FAVEE",0.00199345700910575,"modern_FAVEE"
"2552","modern","FAVEE",0.00833480499818735,"modern_FAVEE"
"2553","modern","FAVEE",-0.00530741564431707,"modern_FAVEE"
"2554","modern","FAVEE",0.00113854056374042,"modern_FAVEE"
"2555","modern","FAVEE",-0.00123958496123706,"modern_FAVEE"
"2556","modern","FAVEE",0.00254429434312321,"modern_FAVEE"
"2557","modern","FAVEE",-0.00197580650191793,"modern_FAVEE"
"2558","modern","FAVEE",-0.0033653762130304,"modern_FAVEE"
"2559","modern","FAVEE",-0.000903236475526689,"modern_FAVEE"
"2560","modern","FAVEE",0.00921032509171427,"modern_FAVEE"
"2561","modern","FAVEE",0.00600782103915939,"modern_FAVEE"
"2562","modern","FAVEE",-0.00629858865013959,"modern_FAVEE"
"2563","modern","FAVEE",-0.0041698631676814,"modern_FAVEE"
"2564","modern","FAVEE",0.00476973035589168,"modern_FAVEE"
"2565","modern","FAVEE",-0.00441087321627686,"modern_FAVEE"
"2566","modern","FAVEE",0.000780658086666276,"modern_FAVEE"
"2567","modern","FAVEE",-0.000912026563612485,"modern_FAVEE"
"2568","modern","FAVEE",0.0103256760387673,"modern_FAVEE"
"2569","modern","FAVEE",0.00559188127522617,"modern_FAVEE"
"2570","modern","FAVEE",0.000484775827751745,"modern_FAVEE"
"2571","modern","FAVEE",0.000102268383814214,"modern_FAVEE"
"2572","modern","FAVEE",-0.00607430789614337,"modern_FAVEE"
"2573","modern","FAVEE",-0.00014418008527515,"modern_FAVEE"
"2574","modern","FAVEE",0.000352033882716145,"modern_FAVEE"
"2575","modern","FAVEE",-0.00314903212191135,"modern_FAVEE"
"2576","modern","FAVEE",-0.0102086133447142,"modern_FAVEE"
"2577","modern","FAVEE",0.0026366383298735,"modern_FAVEE"
"2578","modern","FAVEE",-0.00682106598511861,"modern_FAVEE"
"2579","modern","FAVEE",-0.0019303576957209,"modern_FAVEE"
"2580","modern","FAVEE",-0.00161255356297412,"modern_FAVEE"
"2581","modern","FAVEE",-0.00278448374563024,"modern_FAVEE"
"2582","modern","FAVEE",-0.00224531645152312,"modern_FAVEE"
"2583","modern","FAVEE",-0.000342516825094067,"modern_FAVEE"
"2584","modern","FAVEE",-0.000348688790904834,"modern_FAVEE"
"2585","modern","FAVEE",0.00178807501129573,"modern_FAVEE"
"2586","modern","FAVEE",-0.00160745929772025,"modern_FAVEE"
"2587","modern","FAVEE",-0.00470627794238738,"modern_FAVEE"
"2588","modern","FAVEE",-0.0122206150726535,"modern_FAVEE"
"2589","modern","FAVEE",0.00981138241519857,"modern_FAVEE"
"2590","modern","FAVEE",0.00586398219138509,"modern_FAVEE"
"2591","modern","FAVEE",-0.00319799273314779,"modern_FAVEE"
"2592","modern","FAVEE",-0.00106818326645534,"modern_FAVEE"
"2593","modern","FAVEE",-0.0016011135841637,"modern_FAVEE"
"2594","modern","FAVEE",0.00837474531863221,"modern_FAVEE"
"2595","modern","FAVEE",0.00401073301297518,"modern_FAVEE"
"2596","modern","FAVEE",0.00236560340741931,"modern_FAVEE"
"2597","modern","FAVEE",0.00109214073461777,"modern_FAVEE"
"2598","modern","FAVEE",-0.00553403314712602,"modern_FAVEE"
"2599","modern","FAVEE",0.0168005642798265,"modern_FAVEE"
"2600","modern","FAVEE",-0.01173032340783,"modern_FAVEE"
"2601","modern","FAVEE",-0.00607090362197749,"modern_FAVEE"
"2602","modern","FAVEE",0.00686073794106854,"modern_FAVEE"
"2603","modern","FAVEE",0.00088577827896526,"modern_FAVEE"
"2604","modern","FAVEE",0.00273379210395404,"modern_FAVEE"
"2605","modern","FAVEE",0.00426954330640876,"modern_FAVEE"
"2606","modern","FAVEE",-0.00664384986415369,"modern_FAVEE"
"2607","modern","FAVEE",0.00177297451133363,"modern_FAVEE"
"2608","modern","FAVEE",-0.0070291495186247,"modern_FAVEE"
"2609","modern","FAVEE",0.00496030525513711,"modern_FAVEE"
"2610","modern","FAVEE",-0.00375586467804287,"modern_FAVEE"
"2611","modern","FAVEE",0.00162982910412305,"modern_FAVEE"
"2612","modern","FAVEE",0.000855219456201799,"modern_FAVEE"
"2613","modern","FAVEE",-0.00229656303105516,"modern_FAVEE"
"2614","modern","FAVEE",0.00200819768201179,"modern_FAVEE"
"2615","modern","FAVEE",0.00181491726201816,"modern_FAVEE"
"2616","modern","FAVEE",0.00296698273734183,"modern_FAVEE"
"2617","modern","FAVEE",0.00592437512055536,"modern_FAVEE"
"2618","modern","FAVEE",-0.00497364733578246,"modern_FAVEE"
"2619","modern","FAVEE",-0.000535089294534592,"modern_FAVEE"
"2620","modern","FAVEE",0.00642514333461515,"modern_FAVEE"
"2621","modern","FAVEE",-0.00335778478258569,"modern_FAVEE"
"2622","modern","FAVEE",-0.00332702509060402,"modern_FAVEE"
"2623","modern","FAVEE",-0.0118264744748249,"modern_FAVEE"
"2624","modern","FAVEE",-0.00205440902781784,"modern_FAVEE"
"2625","modern","FAVEE",-0.00327534119894033,"modern_FAVEE"
"2626","modern","FAVEE",0.00711648665967052,"modern_FAVEE"
"2627","modern","FAVEE",0.000430415001280252,"modern_FAVEE"
"2628","modern","FAVEE",-0.0102324805842623,"modern_FAVEE"
"2629","modern","FAVEE",0.00781003246912683,"modern_FAVEE"
"2630","modern","FAVEE",0.0013105467284584,"modern_FAVEE"
"2631","modern","FAVEE",-0.00342743010837011,"modern_FAVEE"
"2632","modern","FAVEE",-0.00442015967008635,"modern_FAVEE"
"2633","modern","FAVEE",-0.00184673096752019,"modern_FAVEE"
"2634","modern","FAVEE",-0.00228446202196739,"modern_FAVEE"
"2635","modern","FAVEE",-0.00304550715213655,"modern_FAVEE"
"2636","modern","FAVEE",-0.00895106722894563,"modern_FAVEE"
"2637","modern","FAVEE",0.00646137473632131,"modern_FAVEE"
"2638","modern","FAVEE",0.000426638890564807,"modern_FAVEE"
"2639","modern","FAVEE",-0.00702502934948811,"modern_FAVEE"
"2640","modern","FAVEE",-0.00409390239214552,"modern_FAVEE"
"2641","modern","FAVEE",-0.00892229215450471,"modern_FAVEE"
"2642","modern","FAVEE",0.000360135873718591,"modern_FAVEE"
"2643","modern","FAVEE",-0.00210331706837573,"modern_FAVEE"
"2644","modern","FAVEE",0.00301447626716538,"modern_FAVEE"
"2645","modern","FAVEE",0.0117161126332427,"modern_FAVEE"
"2646","modern","FAVEE",-0.00477333962560444,"modern_FAVEE"
"2647","modern","FAVEE",-0.000365456679685044,"modern_FAVEE"
"2648","modern","FAVEE",0.000290340702268252,"modern_FAVEE"
"2649","modern","FAVEE",0.00123868099130151,"modern_FAVEE"
"2650","modern","FAVEE",-0.00196464534041953,"modern_FAVEE"
"2651","modern","FAVEE",0.00444657282247517,"modern_FAVEE"
"2652","modern","FAVEE",-0.0106763871532288,"modern_FAVEE"
"2653","modern","FAVEE",0.000758396972963627,"modern_FAVEE"
"2654","modern","FAVEE",0.0114115362986325,"modern_FAVEE"
"2655","modern","FAVEE",0.00259127948949667,"modern_FAVEE"
"2656","modern","FAVEE",0.000619983112227627,"modern_FAVEE"
"2657","modern","FAVEE",0.000229783283740394,"modern_FAVEE"
"2658","modern","FAVEE",0.00294430526423388,"modern_FAVEE"
"2659","modern","FAVEE",-0.00120066686544538,"modern_FAVEE"
"2660","modern","FAVEE",0.00590822073781134,"modern_FAVEE"
"2661","modern","FAVEE",-0.00062691387233729,"modern_FAVEE"
"2662","modern","FAVEE",0.00199106222560448,"modern_FAVEE"
"2663","modern","FAVEE",-0.00444424079802884,"modern_FAVEE"
"2664","modern","FAVEE",-0.0051619637949099,"modern_FAVEE"
"2665","modern","FAVEE",0.00278675956638463,"modern_FAVEE"
"2666","modern","FAVEE",0.00442270550883097,"modern_FAVEE"
"2667","modern","FAVEE",-0.000572748862060311,"modern_FAVEE"
"2668","modern","FAVEE",-0.00497076786146602,"modern_FAVEE"
"2669","modern","FAVEE",0.00636886580312291,"modern_FAVEE"
"2670","modern","FAVEE",-0.000374357428792326,"modern_FAVEE"
"2671","modern","FAVEE",-0.00281977031093992,"modern_FAVEE"
"2672","modern","FAVEE",-0.00545345687769752,"modern_FAVEE"
"2673","modern","FAVEE",0.00257111065066562,"modern_FAVEE"
"2674","modern","FAVEE",-0.00328968136340495,"modern_FAVEE"
"2675","modern","FAVEE",-0.000796013292744906,"modern_FAVEE"
"2676","modern","FAVEE",0.00127967076885145,"modern_FAVEE"
"2677","modern","FAVEE",-0.0070590265885763,"modern_FAVEE"
"2678","modern","FAVEE",0.00525355652276851,"modern_FAVEE"
"2679","modern","FAVEE",-0.00103780588195268,"modern_FAVEE"
"2680","modern","FAVEE",0.0131761937977225,"modern_FAVEE"
"2681","modern","FAVEE",-0.00498284332913921,"modern_FAVEE"
"2682","modern","FAVEE",0.00816109356475655,"modern_FAVEE"
"2683","modern","FAVEE",-0.00550920273618745,"modern_FAVEE"
"2684","modern","FAVEE",0.000562983460046923,"modern_FAVEE"
"2685","modern","FAVEE",8.31939978416677e-05,"modern_FAVEE"
"2686","modern","FAVEE",-0.013525659065216,"modern_FAVEE"
"2687","modern","FAVEE",0.00179361839037639,"modern_FAVEE"
"2688","modern","FAVEE",-0.0054710367765851,"modern_FAVEE"
"2689","modern","FAVEE",0.00526501240720926,"modern_FAVEE"
"2690","modern","FAVEE",0.00361927910330437,"modern_FAVEE"
"2691","modern","FAVEE",0.0074137095423497,"modern_FAVEE"
"2692","modern","FAVEE",-0.00670188746878729,"modern_FAVEE"
"2693","modern","FAVEE",-0.00882018025964677,"modern_FAVEE"
"2694","modern","FAVEE",-0.00138101812021291,"modern_FAVEE"
"2695","modern","FAVEE",-0.00430121586117349,"modern_FAVEE"
"2696","modern","FAVEE",0.003375443312239,"modern_FAVEE"
"2697","modern","FAVEE",0.000246417540066092,"modern_FAVEE"
"2698","modern","FAVEE",0.00899855424226547,"modern_FAVEE"
"2699","modern","FAVEE",0.00405767380279745,"modern_FAVEE"
"2700","modern","FAVEE",0.00168373401408848,"modern_FAVEE"
"2701","modern","FAVEE",-0.00197743204126707,"modern_FAVEE"
"2702","modern","FAVEE",0.000541045296272644,"modern_FAVEE"
"2703","modern","FAVEE",-0.00159176173249069,"modern_FAVEE"
"2704","modern","FAVEE",0.00967487409237997,"modern_FAVEE"
"2705","modern","FAVEE",-0.00139889470838827,"modern_FAVEE"
"2706","modern","FAVEE",-0.00419579368286922,"modern_FAVEE"
"2707","modern","FAVEE",-0.000876898693017205,"modern_FAVEE"
"2708","modern","FAVEE",0.0100646373072147,"modern_FAVEE"
"2709","modern","FAVEE",-0.0096257601674515,"modern_FAVEE"
"2710","modern","FAVEE",-0.00428879567348343,"modern_FAVEE"
"2711","modern","FAVEE",-0.00560346426969002,"modern_FAVEE"
"2712","modern","FAVEE",-0.00413362607440795,"modern_FAVEE"
"2713","modern","FAVEE",-0.000211807688705158,"modern_FAVEE"
"2714","modern","FAVEE",0.00229788007448161,"modern_FAVEE"
"2715","modern","FAVEE",0.00459003073107815,"modern_FAVEE"
"2716","modern","FAVEE",0.000280089828302293,"modern_FAVEE"
"2717","modern","FAVEE",0.00654895627424833,"modern_FAVEE"
"2718","modern","FAVEE",-0.00249892259125653,"modern_FAVEE"
"2719","modern","FAVEE",-0.00475597685195757,"modern_FAVEE"
"2720","modern","FAVEE",-0.00952160659612738,"modern_FAVEE"
"2721","modern","FAVEE",0.00346624801769224,"modern_FAVEE"
"2722","modern","FAVEE",-0.00297967753335694,"modern_FAVEE"
"2723","modern","FAVEE",0.000479990280708817,"modern_FAVEE"
"2724","modern","FAVEE",0.00018595691111392,"modern_FAVEE"
"2725","modern","FAVEE",-0.00322377832758949,"modern_FAVEE"
"2726","modern","FAVEE",0.000909012765936698,"modern_FAVEE"
"2727","modern","FAVEE",-0.00610211460489361,"modern_FAVEE"
"2728","modern","FAVEE",0.00444247469807656,"modern_FAVEE"
"2729","modern","FAVEE",0.000326528931313997,"modern_FAVEE"
"2730","modern","FAVEE",0.00413874431715502,"modern_FAVEE"
"2731","modern","FAVEE",0.00690628467363986,"modern_FAVEE"
"2732","modern","FAVEE",-0.00353684400382543,"modern_FAVEE"
"2733","modern","FAVEE",-0.00354496606037709,"modern_FAVEE"
"2734","modern","FAVEE",-0.00306354021873008,"modern_FAVEE"
"2735","modern","FAVEE",0.0105795982901837,"modern_FAVEE"
"2736","modern","FAVEE",0.00769738077233309,"modern_FAVEE"
"2737","modern","FAVEE",-0.00374096617718197,"modern_FAVEE"
"2738","modern","FAVEE",-0.0011964502396715,"modern_FAVEE"
"2739","modern","FAVEE",-0.00220497701498462,"modern_FAVEE"
"2740","modern","FAVEE",0.00121829538486687,"modern_FAVEE"
"2741","modern","FAVEE",-0.00662773961237945,"modern_FAVEE"
"2742","modern","FAVEE",-0.00622876437374694,"modern_FAVEE"
"2743","modern","FAVEE",0.00118971968883092,"modern_FAVEE"
"2744","modern","FAVEE",-0.00797998848638484,"modern_FAVEE"
"2745","modern","FAVEE",-0.00266722216187699,"modern_FAVEE"
"2746","modern","FAVEE",-0.00693515030798693,"modern_FAVEE"
"2747","modern","FAVEE",0.0117987457253652,"modern_FAVEE"
"2748","modern","FAVEE",0.00483626849131849,"modern_FAVEE"
"2749","modern","FAVEE",0.00103468992158242,"modern_FAVEE"
"2750","modern","FAVEE",0.0031171088954796,"modern_FAVEE"
"2751","modern","FAVEE",-0.00176426030751867,"modern_FAVEE"
"2752","modern","FAVEE",-0.00734397038721054,"modern_FAVEE"
"2753","modern","FAVEE",-0.00158290189331403,"modern_FAVEE"
"2754","modern","FAVEE",0.0145695328254333,"modern_FAVEE"
"2755","modern","FAVEE",-0.00860401256858403,"modern_FAVEE"
"2756","modern","FAVEE",-0.00570484003179579,"modern_FAVEE"
"2757","modern","FAVEE",0.00104883601094588,"modern_FAVEE"
"2758","modern","FAVEE",-0.00384240900381921,"modern_FAVEE"
"2759","modern","FAVEE",-0.00613782744564071,"modern_FAVEE"
"2760","modern","FAVEE",0.00519669272460762,"modern_FAVEE"
"2761","modern","FAVEE",-0.0146138887031753,"modern_FAVEE"
"2762","modern","FAVEE",0.00473580890919518,"modern_FAVEE"
"2763","modern","FAVEE",0.00029430026599939,"modern_FAVEE"
"2764","modern","FAVEE",0.0038967238449429,"modern_FAVEE"
"2765","modern","FAVEE",-0.00122581640460089,"modern_FAVEE"
"2766","modern","FAVEE",-0.00245031695691106,"modern_FAVEE"
"2767","modern","FAVEE",8.17119776700356e-05,"modern_FAVEE"
"2768","modern","FAVEE",-0.000779749921245717,"modern_FAVEE"
"2769","modern","FAVEE",-0.00268309739700511,"modern_FAVEE"
"2770","modern","FAVEE",-0.00521252430396886,"modern_FAVEE"
"2771","modern","FAVEE",0.0107685635570276,"modern_FAVEE"
"2772","modern","FAVEE",-0.00848366831402041,"modern_FAVEE"
"2773","modern","FAVEE",-0.00212855289851493,"modern_FAVEE"
"2774","modern","FAVEE",0.00508740120394158,"modern_FAVEE"
"2775","modern","FAVEE",0.00498337877083308,"modern_FAVEE"
"2776","modern","FAVEE",0.00776401675806221,"modern_FAVEE"
"2777","modern","FAVEE",0.00754905564831127,"modern_FAVEE"
"2778","modern","FAVEE",-0.00133755139121351,"modern_FAVEE"
"2779","modern","FAVEE",-0.0120904525262908,"modern_FAVEE"
"2780","modern","FAVEE",-0.00287887225150185,"modern_FAVEE"
"2781","modern","FAVEE",-0.00240848255709674,"modern_FAVEE"
"2782","modern","FAVEE",-0.00343468151517249,"modern_FAVEE"
"2783","modern","FAVEE",-0.00811596681011402,"modern_FAVEE"
"2784","modern","FAVEE",-0.00214205716528223,"modern_FAVEE"
"2785","modern","FAVEE",-0.00123879312831702,"modern_FAVEE"
"2786","modern","FAVEE",0.00215179222478402,"modern_FAVEE"
"2787","modern","FAVEE",-0.00209708322805262,"modern_FAVEE"
"2788","modern","FAVEE",-0.000776227371615305,"modern_FAVEE"
"2789","modern","FAVEE",0.00943105815807752,"modern_FAVEE"
"2790","modern","FAVEE",-0.00715112087086046,"modern_FAVEE"
"2791","modern","FAVEE",0.00295153492729304,"modern_FAVEE"
"2792","modern","FAVEE",0.00476355901940366,"modern_FAVEE"
"2793","modern","FAVEE",-0.0018061761896454,"modern_FAVEE"
"2794","modern","FAVEE",-0.00573461704239379,"modern_FAVEE"
"2795","modern","FAVEE",0.00249915180337998,"modern_FAVEE"
"2796","modern","FAVEE",-0.00342239341281069,"modern_FAVEE"
"2797","modern","FAVEE",0.00323079955375026,"modern_FAVEE"
"2798","modern","FAVEE",-0.0101955070160774,"modern_FAVEE"
"2799","modern","FAVEE",0.00209325063833711,"modern_FAVEE"
"2800","modern","FAVEE",0.00313550066352732,"modern_FAVEE"
"2801","modern","FAVEE",0.0115587978951966,"modern_FAVEE"
"2802","modern","FAVEE",0.00308646392761941,"modern_FAVEE"
"2803","modern","FAVEE",-0.00563524318230492,"modern_FAVEE"
"2804","modern","FAVEE",-0.00101558677941314,"modern_FAVEE"
"2805","modern","FAVEE",-0.003606930777291,"modern_FAVEE"
"2806","modern","FAVEE",0.00155172852288808,"modern_FAVEE"
"2807","modern","FAVEE",-0.000358587542161031,"modern_FAVEE"
"2808","modern","FAVEE",-0.00481806840622099,"modern_FAVEE"
"2809","modern","FAVEE",0.00706811347198961,"modern_FAVEE"
"2810","modern","FAVEE",0.0152200832380045,"modern_FAVEE"
"2811","modern","FAVEE",0.00526826385144822,"modern_FAVEE"
"2812","modern","FAVEE",0.00447840587759358,"modern_FAVEE"
"2813","modern","FAVEE",-0.00216532915211778,"modern_FAVEE"
"2814","modern","FAVEE",-0.00443724982678163,"modern_FAVEE"
"2815","modern","FAVEE",0.000838425594932451,"modern_FAVEE"
"2816","modern","FAVEE",0.00119711520527428,"modern_FAVEE"
"2817","modern","FAVEE",-0.00361314371626105,"modern_FAVEE"
"2818","modern","FAVEE",-0.0111993898129868,"modern_FAVEE"
"2819","modern","FAVEE",0.00237665618445728,"modern_FAVEE"
"2820","modern","FAVEE",-0.00859878614752831,"modern_FAVEE"
"2821","modern","FAVEE",0.00212898758501063,"modern_FAVEE"
"2822","modern","FAVEE",0.00601787624578163,"modern_FAVEE"
"2823","modern","FAVEE",-0.00344556757535989,"modern_FAVEE"
"2824","modern","FAVEE",-0.00393233954078242,"modern_FAVEE"
"2825","modern","FAVEE",-7.12238312438074e-05,"modern_FAVEE"
"2826","modern","FAVEE",0.00154142572765459,"modern_FAVEE"
"2827","modern","FAVEE",0.00572990925803978,"modern_FAVEE"
"2828","modern","FAVEE",0.00383395533600078,"modern_FAVEE"
"2829","modern","FAVEE",0.00217251529278302,"modern_FAVEE"
"2830","modern","FAVEE",0.00760567283329473,"modern_FAVEE"
"2831","modern","FAVEE",0.000650548486072976,"modern_FAVEE"
"2832","modern","FAVEE",-0.000907904436363339,"modern_FAVEE"
"2833","modern","FAVEE",0.00965880790044327,"modern_FAVEE"
"2834","modern","FAVEE",0.00958530529052935,"modern_FAVEE"
"2835","modern","FAVEE",-0.000981579383892208,"modern_FAVEE"
"2836","modern","FAVEE",-0.00565265082722379,"modern_FAVEE"
"2837","modern","FAVEE",0.00374411852795096,"modern_FAVEE"
"2838","modern","FAVEE",-0.00156115203700164,"modern_FAVEE"
"2839","modern","FAVEE",-0.00428337135232196,"modern_FAVEE"
"2840","modern","FAVEE",0.00404282573864784,"modern_FAVEE"
"2841","modern","FAVEE",0.00229561273558844,"modern_FAVEE"
"2842","modern","FAVEE",0.00030930084689647,"modern_FAVEE"
"2843","modern","FAVEE",-0.000328901712229723,"modern_FAVEE"
"2844","modern","FAVEE",-0.00586104698890892,"modern_FAVEE"
"2845","modern","FAVEE",-0.00766272592126695,"modern_FAVEE"
"2846","modern","FAVEE",-0.00710229290478936,"modern_FAVEE"
"2847","modern","FAVEE",0.00608080802133128,"modern_FAVEE"
"2848","modern","FAVEE",-0.00420466925478535,"modern_FAVEE"
"2849","modern","FAVEE",0.00555404696739644,"modern_FAVEE"
"2850","modern","FAVEE",0.000305003935873612,"modern_FAVEE"
"2851","modern","FAVEE",-0.00781521959126549,"modern_FAVEE"
"2852","modern","FAVEE",0.00805757211602773,"modern_FAVEE"
"2853","modern","FAVEE",-0.00133993618722111,"modern_FAVEE"
"2854","modern","FAVEE",0.00802670395758595,"modern_FAVEE"
"2855","modern","FAVEE",0.00347330219191228,"modern_FAVEE"
"2856","modern","FAVEE",0.00161484761169481,"modern_FAVEE"
"2857","modern","FAVEE",-0.00146288666356983,"modern_FAVEE"
"2858","modern","FAVEE",-0.00108846921332593,"modern_FAVEE"
"2859","modern","FAVEE",-0.00225194253742153,"modern_FAVEE"
"2860","modern","FAVEE",-0.00369962490426912,"modern_FAVEE"
"2861","modern","FAVEE",-0.0017191844578747,"modern_FAVEE"
"2862","modern","FAVEE",0.00778803825117004,"modern_FAVEE"
"2863","modern","FAVEE",-0.00494322670979237,"modern_FAVEE"
"2864","modern","FAVEE",0.000573689248081237,"modern_FAVEE"
"2865","modern","FAVEE",0.00327568808881989,"modern_FAVEE"
"2866","modern","FAVEE",0.00768126511681368,"modern_FAVEE"
"2867","modern","FAVEE",0.0028070083585142,"modern_FAVEE"
"2868","modern","FAVEE",0.00497723051478167,"modern_FAVEE"
"2869","modern","FAVEE",-0.000930443819725601,"modern_FAVEE"
"2870","modern","FAVEE",-0.000812464356214499,"modern_FAVEE"
"2871","modern","FAVEE",-0.00502655001123059,"modern_FAVEE"
"2872","modern","FAVEE",-0.00494097414928108,"modern_FAVEE"
"2873","modern","FAVEE",0.00247681287133402,"modern_FAVEE"
"2874","modern","FAVEE",-0.00376387014489828,"modern_FAVEE"
"2875","modern","FAVEE",0.00173528009296118,"modern_FAVEE"
"2876","modern","FAVEE",-0.00129203816390402,"modern_FAVEE"
"2877","modern","FAVEE",-0.00299506873234997,"modern_FAVEE"
"2878","modern","FAVEE",0.0043504449659967,"modern_FAVEE"
"2879","modern","FAVEE",0.000417980676386432,"modern_FAVEE"
"2880","modern","FAVEE",-0.00733979722290715,"modern_FAVEE"
"2881","modern","FAVEE",0.00130777089052524,"modern_FAVEE"
"2882","modern","FAVEE",-0.00204160119048567,"modern_FAVEE"
"2883","modern","FAVEE",0.00776699819221452,"modern_FAVEE"
"2884","modern","FAVEE",-0.00196785255818709,"modern_FAVEE"
"2885","modern","FAVEE",0.00306577532187435,"modern_FAVEE"
"2886","modern","FAVEE",0.00187107776878779,"modern_FAVEE"
"2887","modern","FAVEE",-0.00461447043401752,"modern_FAVEE"
"2888","modern","FAVEE",-0.00207644050392085,"modern_FAVEE"
"2889","modern","FAVEE",0.00336596259726484,"modern_FAVEE"
"2890","modern","FAVEE",-0.00186832787601055,"modern_FAVEE"
"2891","modern","FAVEE",-0.00121266778619975,"modern_FAVEE"
"2892","modern","FAVEE",0.00283304790559758,"modern_FAVEE"
"2893","modern","FAVEE",-0.00298624352700084,"modern_FAVEE"
"2894","modern","FAVEE",0.00166063900031897,"modern_FAVEE"
"2895","modern","FAVEE",0.00236401638255669,"modern_FAVEE"
"2896","modern","FAVEE",-0.00682919683539367,"modern_FAVEE"
"2897","modern","FAVEE",-0.0118357691648259,"modern_FAVEE"
"2898","modern","FAVEE",-0.00223769530657231,"modern_FAVEE"
"2899","modern","FAVEE",0.00247533313200455,"modern_FAVEE"
"2900","modern","FAVEE",0.00172261036875612,"modern_FAVEE"
"2901","modern","FAVEE",0.000694547504224799,"modern_FAVEE"
"2902","modern","FAVEE",0.00184595308969219,"modern_FAVEE"
"2903","modern","FAVEE",-0.00600711549788166,"modern_FAVEE"
"2904","modern","FAVEE",0.00321066048145723,"modern_FAVEE"
"2905","modern","FAVEE",-0.00295975557741308,"modern_FAVEE"
"2906","modern","FAVEE",-0.0015653488722051,"modern_FAVEE"
"2907","modern","FAVEE",0.00479337442297059,"modern_FAVEE"
"2908","modern","FAVEE",0.00697884623955961,"modern_FAVEE"
"2909","modern","FAVEE",-0.00514254244331513,"modern_FAVEE"
"2910","modern","FAVEE",0.00940016058316056,"modern_FAVEE"
"2911","modern","FAVEE",-0.00162600347713434,"modern_FAVEE"
"2912","modern","FAVEE",-0.00186686040007717,"modern_FAVEE"
"2913","modern","FAVEE",0.000177315118274628,"modern_FAVEE"
"2914","modern","FAVEE",0.00666061438337325,"modern_FAVEE"
"2915","modern","FAVEE",-0.00144439399740082,"modern_FAVEE"
"2916","modern","FAVEE",0.0048208825300954,"modern_FAVEE"
"2917","modern","FAVEE",-0.0048711182315548,"modern_FAVEE"
"2918","modern","FAVEE",-0.00634608326538847,"modern_FAVEE"
"2919","modern","FAVEE",-0.00670932895180745,"modern_FAVEE"
"2920","modern","FAVEE",-0.00830366870346659,"modern_FAVEE"
"2921","modern","FAVEE",-0.00928144948864612,"modern_FAVEE"
"2922","modern","FAVEE",0.00419203867406024,"modern_FAVEE"
"2923","modern","FAVEE",0.00502644384273708,"modern_FAVEE"
"2924","modern","FAVEE",0.00905850373106386,"modern_FAVEE"
"2925","modern","FAVEE",0.0124168255897384,"modern_FAVEE"
"2926","modern","FAVEE",0.000791032154430247,"modern_FAVEE"
"2927","modern","FAVEE",-0.0024193820787316,"modern_FAVEE"
"2928","modern","FAVEE",-0.00673063477695518,"modern_FAVEE"
"2929","modern","FAVEE",0.00661225266840088,"modern_FAVEE"
"2930","modern","FAVEE",0.00498420991189104,"modern_FAVEE"
"2931","modern","FAVEE",0.00393782587707413,"modern_FAVEE"
"2932","modern","FAVEE",0.00371910608762949,"modern_FAVEE"
"2933","modern","FAVEE",-0.00487609624499055,"modern_FAVEE"
"2934","modern","FAVEE",0.00251399194254162,"modern_FAVEE"
"2935","modern","FAVEE",0.000731425939951771,"modern_FAVEE"
"2936","modern","FAVEE",0.00849162896064779,"modern_FAVEE"
"2937","modern","FAVEE",-0.0012053195552435,"modern_FAVEE"
"2938","modern","FAVEE",-0.00285546858143281,"modern_FAVEE"
"2939","modern","FAVEE",0.00242464878171246,"modern_FAVEE"
"2940","modern","FAVEE",-0.00846640954954246,"modern_FAVEE"
"2941","modern","FAVEE",0.00625624871644596,"modern_FAVEE"
"2942","modern","FAVEE",0.00135482033023658,"modern_FAVEE"
"2943","modern","FAVEE",-0.00422169313269698,"modern_FAVEE"
"2944","modern","FAVEE",-0.00825213906635057,"modern_FAVEE"
"2945","modern","FAVEE",-0.00349575477813226,"modern_FAVEE"
"2946","modern","FAVEE",0.005533597968303,"modern_FAVEE"
"2947","modern","FAVEE",0.00647411058453152,"modern_FAVEE"
"2948","modern","FAVEE",-0.00363096216963582,"modern_FAVEE"
"2949","modern","FAVEE",-0.00107331377095192,"modern_FAVEE"
"2950","modern","FAVEE",-2.62334604904242e-05,"modern_FAVEE"
"2951","modern","FAVEE",4.44961656715411e-05,"modern_FAVEE"
"2952","modern","FAVEE",-0.000926501529603187,"modern_FAVEE"
"2953","modern","FAVEE",0.00205287003763608,"modern_FAVEE"
"2954","modern","FAVEE",0.00648451612897116,"modern_FAVEE"
"2955","modern","FAVEE",0.00849158159414895,"modern_FAVEE"
"2956","modern","FAVEE",-0.00435324877964783,"modern_FAVEE"
"2957","modern","FAVEE",-0.00559959424169247,"modern_FAVEE"
"2958","modern","FAVEE",0.000336329833585147,"modern_FAVEE"
"2959","modern","FAVEE",0.002021916559034,"modern_FAVEE"
"2960","modern","FAVEE",-0.00388345421149796,"modern_FAVEE"
"2961","modern","FAVEE",0.00454077615432602,"modern_FAVEE"
"2962","modern","FAVEE",-0.00341317001378185,"modern_FAVEE"
"2963","modern","FAVEE",0.00304145605240683,"modern_FAVEE"
"2964","modern","FAVEE",-0.00393823058824551,"modern_FAVEE"
"2965","modern","FAVEE",0.00174432361205221,"modern_FAVEE"
"2966","modern","FAVEE",0.00102514247962563,"modern_FAVEE"
"2967","modern","FAVEE",0.0109619320535559,"modern_FAVEE"
"2968","modern","FAVEE",-0.00506656934675287,"modern_FAVEE"
"2969","modern","FAVEE",-0.0022237192110823,"modern_FAVEE"
"2970","modern","FAVEE",-0.00830815035941156,"modern_FAVEE"
"2971","modern","FAVEE",-0.0039298576591441,"modern_FAVEE"
"2972","modern","FAVEE",-0.00965187445015173,"modern_FAVEE"
"2973","modern","FAVEE",-0.00137749467319657,"modern_FAVEE"
"2974","modern","FAVEE",-0.00357082905361361,"modern_FAVEE"
"2975","modern","FAVEE",-0.00705164566017021,"modern_FAVEE"
"2976","modern","FAVEE",0.00753370372617115,"modern_FAVEE"
"2977","modern","FAVEE",0.0062373493306077,"modern_FAVEE"
"2978","modern","FAVEE",0.00205278166076526,"modern_FAVEE"
"2979","modern","FAVEE",-0.000937883929827628,"modern_FAVEE"
"2980","modern","FAVEE",0.00145631696051124,"modern_FAVEE"
"2981","modern","FAVEE",-0.00188444386216316,"modern_FAVEE"
"2982","modern","FAVEE",0.0056600373464265,"modern_FAVEE"
"2983","modern","FAVEE",-0.0083528339381229,"modern_FAVEE"
"2984","modern","FAVEE",0.0081033048841103,"modern_FAVEE"
"2985","modern","FAVEE",-0.00396001756966048,"modern_FAVEE"
"2986","modern","FAVEE",-0.00668099115887179,"modern_FAVEE"
"2987","modern","FAVEE",-0.00408362113582074,"modern_FAVEE"
"2988","modern","FAVEE",-0.0118935601734065,"modern_FAVEE"
"2989","modern","FAVEE",-0.00885600805338993,"modern_FAVEE"
"2990","modern","FAVEE",0.00884394463538678,"modern_FAVEE"
"2991","modern","FAVEE",-0.00555004908051135,"modern_FAVEE"
"2992","modern","FAVEE",-0.00296527155971319,"modern_FAVEE"
"2993","modern","FAVEE",0.000136114649658719,"modern_FAVEE"
"2994","modern","FAVEE",-0.00803840096155571,"modern_FAVEE"
"2995","modern","FAVEE",-0.0109758916131049,"modern_FAVEE"
"2996","modern","FAVEE",0.00436072070595026,"modern_FAVEE"
"2997","modern","FAVEE",-0.0113857453880436,"modern_FAVEE"
"2998","modern","FAVEE",-0.000831575487588356,"modern_FAVEE"
"2999","modern","FAVEE",0.00237869708703102,"modern_FAVEE"
"3000","modern","FAVEE",-0.00383404228429907,"modern_FAVEE"
"3001","modern","HPP",0.00543003807292588,"modern_HPP"
"3002","modern","HPP",0.00410440687704011,"modern_HPP"
"3003","modern","HPP",-0.00342184460228409,"modern_HPP"
"3004","modern","HPP",0.00507539705916359,"modern_HPP"
"3005","modern","HPP",-0.00109253590720815,"modern_HPP"
"3006","modern","HPP",-0.00346633603665624,"modern_HPP"
"3007","modern","HPP",0.000679142880064873,"modern_HPP"
"3008","modern","HPP",-0.0019233178058656,"modern_HPP"
"3009","modern","HPP",-0.0099964038626268,"modern_HPP"
"3010","modern","HPP",0.000625303790090692,"modern_HPP"
"3011","modern","HPP",-0.00781826909606092,"modern_HPP"
"3012","modern","HPP",0.0033331696100733,"modern_HPP"
"3013","modern","HPP",0.0203984448839787,"modern_HPP"
"3014","modern","HPP",0.000520606117009132,"modern_HPP"
"3015","modern","HPP",-0.000791216488821202,"modern_HPP"
"3016","modern","HPP",0.0128217606082423,"modern_HPP"
"3017","modern","HPP",0.00233540072010039,"modern_HPP"
"3018","modern","HPP",0.00375368965143874,"modern_HPP"
"3019","modern","HPP",-0.00365892918476804,"modern_HPP"
"3020","modern","HPP",-0.00619277270711662,"modern_HPP"
"3021","modern","HPP",-0.00124270104877868,"modern_HPP"
"3022","modern","HPP",0.0109172363720489,"modern_HPP"
"3023","modern","HPP",0.00502482015033154,"modern_HPP"
"3024","modern","HPP",-0.00431477170675551,"modern_HPP"
"3025","modern","HPP",-0.00798362499680532,"modern_HPP"
"3026","modern","HPP",0.000508906808736363,"modern_HPP"
"3027","modern","HPP",0.00746234417164832,"modern_HPP"
"3028","modern","HPP",-0.000802955100481225,"modern_HPP"
"3029","modern","HPP",0.0054489102493726,"modern_HPP"
"3030","modern","HPP",-0.00111699571520957,"modern_HPP"
"3031","modern","HPP",0.00565003878308318,"modern_HPP"
"3032","modern","HPP",-0.000388874264060989,"modern_HPP"
"3033","modern","HPP",-6.43658471938563e-05,"modern_HPP"
"3034","modern","HPP",0.00432723743107974,"modern_HPP"
"3035","modern","HPP",0.00285286256612916,"modern_HPP"
"3036","modern","HPP",0.00516736043477468,"modern_HPP"
"3037","modern","HPP",-0.00411731148918869,"modern_HPP"
"3038","modern","HPP",0.00351990000291964,"modern_HPP"
"3039","modern","HPP",-0.00466209573992391,"modern_HPP"
"3040","modern","HPP",8.43712713064186e-06,"modern_HPP"
"3041","modern","HPP",-0.00562331903031463,"modern_HPP"
"3042","modern","HPP",0.00508642820985303,"modern_HPP"
"3043","modern","HPP",-0.00539792720553891,"modern_HPP"
"3044","modern","HPP",0.010490152665012,"modern_HPP"
"3045","modern","HPP",-0.00618451899579316,"modern_HPP"
"3046","modern","HPP",0.00539553624948093,"modern_HPP"
"3047","modern","HPP",-0.00203248296396509,"modern_HPP"
"3048","modern","HPP",-0.00757928484985967,"modern_HPP"
"3049","modern","HPP",-0.00766192022156235,"modern_HPP"
"3050","modern","HPP",-0.00112788275347907,"modern_HPP"
"3051","modern","HPP",-0.00549908757376756,"modern_HPP"
"3052","modern","HPP",-0.00264489524303629,"modern_HPP"
"3053","modern","HPP",0.00318545437964165,"modern_HPP"
"3054","modern","HPP",0.00396617686406588,"modern_HPP"
"3055","modern","HPP",-0.0103759042688276,"modern_HPP"
"3056","modern","HPP",0.00592188066102923,"modern_HPP"
"3057","modern","HPP",0.00598048856199029,"modern_HPP"
"3058","modern","HPP",0.00218892354636725,"modern_HPP"
"3059","modern","HPP",-0.000266765190425667,"modern_HPP"
"3060","modern","HPP",0.00396100846864191,"modern_HPP"
"3061","modern","HPP",-0.00311754467703034,"modern_HPP"
"3062","modern","HPP",0.00507654340795852,"modern_HPP"
"3063","modern","HPP",0.00275459754742826,"modern_HPP"
"3064","modern","HPP",-0.0051318498243902,"modern_HPP"
"3065","modern","HPP",0.00359608306854802,"modern_HPP"
"3066","modern","HPP",-0.00816801028754547,"modern_HPP"
"3067","modern","HPP",-0.0029496668089371,"modern_HPP"
"3068","modern","HPP",0.013970651022209,"modern_HPP"
"3069","modern","HPP",-0.005213037521329,"modern_HPP"
"3070","modern","HPP",-0.00656173980553318,"modern_HPP"
"3071","modern","HPP",-0.00937049742059821,"modern_HPP"
"3072","modern","HPP",-0.00438872102987493,"modern_HPP"
"3073","modern","HPP",0.00734077224430548,"modern_HPP"
"3074","modern","HPP",-0.00295885070042558,"modern_HPP"
"3075","modern","HPP",-0.00201794071068091,"modern_HPP"
"3076","modern","HPP",-0.00481981368241184,"modern_HPP"
"3077","modern","HPP",0.00113668016165955,"modern_HPP"
"3078","modern","HPP",0.000331628880524748,"modern_HPP"
"3079","modern","HPP",0.00331905969404892,"modern_HPP"
"3080","modern","HPP",0.00435053778915714,"modern_HPP"
"3081","modern","HPP",0.00327418832693332,"modern_HPP"
"3082","modern","HPP",0.000815486330450882,"modern_HPP"
"3083","modern","HPP",0.00475808771272858,"modern_HPP"
"3084","modern","HPP",-0.00554243920990933,"modern_HPP"
"3085","modern","HPP",0.00527167162454824,"modern_HPP"
"3086","modern","HPP",-0.00862114558976763,"modern_HPP"
"3087","modern","HPP",0.00635651061841904,"modern_HPP"
"3088","modern","HPP",0.0096115581957594,"modern_HPP"
"3089","modern","HPP",-1.36186236836991e-05,"modern_HPP"
"3090","modern","HPP",0.00430206361154321,"modern_HPP"
"3091","modern","HPP",0.000381603137418899,"modern_HPP"
"3092","modern","HPP",-0.00665842613817936,"modern_HPP"
"3093","modern","HPP",0.0124621542665569,"modern_HPP"
"3094","modern","HPP",-0.00121845085884263,"modern_HPP"
"3095","modern","HPP",-0.00142096156167166,"modern_HPP"
"3096","modern","HPP",0.000712897939151983,"modern_HPP"
"3097","modern","HPP",-0.00372582354987527,"modern_HPP"
"3098","modern","HPP",0.00678960119314139,"modern_HPP"
"3099","modern","HPP",-0.000974966374800732,"modern_HPP"
"3100","modern","HPP",-0.00586191679320788,"modern_HPP"
"3101","modern","HPP",-0.00727763135268105,"modern_HPP"
"3102","modern","HPP",-0.00628769693790088,"modern_HPP"
"3103","modern","HPP",0.000134227618038806,"modern_HPP"
"3104","modern","HPP",0.00217717183357815,"modern_HPP"
"3105","modern","HPP",-0.0052545418982698,"modern_HPP"
"3106","modern","HPP",-0.000234660873603248,"modern_HPP"
"3107","modern","HPP",-0.0016716189138875,"modern_HPP"
"3108","modern","HPP",0.000954921647300915,"modern_HPP"
"3109","modern","HPP",-0.00605720222334662,"modern_HPP"
"3110","modern","HPP",0.00497733510796351,"modern_HPP"
"3111","modern","HPP",0.0150870506360452,"modern_HPP"
"3112","modern","HPP",-0.0085622036100149,"modern_HPP"
"3113","modern","HPP",0.00428955203326718,"modern_HPP"
"3114","modern","HPP",0.000412567656010936,"modern_HPP"
"3115","modern","HPP",-0.00401202426529831,"modern_HPP"
"3116","modern","HPP",-0.00410307056187346,"modern_HPP"
"3117","modern","HPP",0.000160659145967486,"modern_HPP"
"3118","modern","HPP",0.000947689824046079,"modern_HPP"
"3119","modern","HPP",0.00143861533311349,"modern_HPP"
"3120","modern","HPP",-0.00106240331031301,"modern_HPP"
"3121","modern","HPP",-4.82776606776635e-06,"modern_HPP"
"3122","modern","HPP",-0.00158997267743073,"modern_HPP"
"3123","modern","HPP",-0.00566309405821623,"modern_HPP"
"3124","modern","HPP",0.00758925480909324,"modern_HPP"
"3125","modern","HPP",-0.0060343931576099,"modern_HPP"
"3126","modern","HPP",-0.00216325843449004,"modern_HPP"
"3127","modern","HPP",0.00518414953169691,"modern_HPP"
"3128","modern","HPP",-0.00577471567801913,"modern_HPP"
"3129","modern","HPP",0.00327194148329527,"modern_HPP"
"3130","modern","HPP",-0.00256144760133035,"modern_HPP"
"3131","modern","HPP",-0.00463859886491023,"modern_HPP"
"3132","modern","HPP",0.00249543756243635,"modern_HPP"
"3133","modern","HPP",-0.00788047980752032,"modern_HPP"
"3134","modern","HPP",0.0181027995400862,"modern_HPP"
"3135","modern","HPP",-0.00382933557077465,"modern_HPP"
"3136","modern","HPP",0.000394612558600153,"modern_HPP"
"3137","modern","HPP",-0.00294185853600253,"modern_HPP"
"3138","modern","HPP",0.00580936161388401,"modern_HPP"
"3139","modern","HPP",-0.000704703182909411,"modern_HPP"
"3140","modern","HPP",-0.00050398078420046,"modern_HPP"
"3141","modern","HPP",0.00500108090442979,"modern_HPP"
"3142","modern","HPP",-0.00577183342962046,"modern_HPP"
"3143","modern","HPP",-0.00903098166036438,"modern_HPP"
"3144","modern","HPP",-0.00796065216695504,"modern_HPP"
"3145","modern","HPP",-0.00459532583554298,"modern_HPP"
"3146","modern","HPP",-0.00671292028460778,"modern_HPP"
"3147","modern","HPP",-0.00436634430139801,"modern_HPP"
"3148","modern","HPP",0.00277698082646972,"modern_HPP"
"3149","modern","HPP",-0.00369101384989683,"modern_HPP"
"3150","modern","HPP",-0.00616958370863644,"modern_HPP"
"3151","modern","HPP",0.00197917446971884,"modern_HPP"
"3152","modern","HPP",0.00366971796456941,"modern_HPP"
"3153","modern","HPP",-0.000714856557950168,"modern_HPP"
"3154","modern","HPP",0.0100804148528834,"modern_HPP"
"3155","modern","HPP",-0.00424829002721445,"modern_HPP"
"3156","modern","HPP",-0.00346989954376731,"modern_HPP"
"3157","modern","HPP",-0.00191299411614674,"modern_HPP"
"3158","modern","HPP",0.00589108645711529,"modern_HPP"
"3159","modern","HPP",-0.00835223181417205,"modern_HPP"
"3160","modern","HPP",0.00777310950410545,"modern_HPP"
"3161","modern","HPP",0.0030217754234201,"modern_HPP"
"3162","modern","HPP",0.00773742857904287,"modern_HPP"
"3163","modern","HPP",-0.00451760338724712,"modern_HPP"
"3164","modern","HPP",-5.61972932094538e-05,"modern_HPP"
"3165","modern","HPP",0.00583719496262477,"modern_HPP"
"3166","modern","HPP",-0.00416356502542274,"modern_HPP"
"3167","modern","HPP",0.00304687063618213,"modern_HPP"
"3168","modern","HPP",-0.00136471841451041,"modern_HPP"
"3169","modern","HPP",-0.00192605594184433,"modern_HPP"
"3170","modern","HPP",-0.00745245281918926,"modern_HPP"
"3171","modern","HPP",-0.00184021734408041,"modern_HPP"
"3172","modern","HPP",-0.00504263768588693,"modern_HPP"
"3173","modern","HPP",0.00299267126515811,"modern_HPP"
"3174","modern","HPP",-0.0025695768519275,"modern_HPP"
"3175","modern","HPP",-0.0104819710098985,"modern_HPP"
"3176","modern","HPP",-0.0020573292552745,"modern_HPP"
"3177","modern","HPP",-0.00563321693333823,"modern_HPP"
"3178","modern","HPP",0.00614633575507538,"modern_HPP"
"3179","modern","HPP",-0.00137542203697273,"modern_HPP"
"3180","modern","HPP",-0.000365600108241758,"modern_HPP"
"3181","modern","HPP",0.00362529203584269,"modern_HPP"
"3182","modern","HPP",0.00862262601735422,"modern_HPP"
"3183","modern","HPP",0.00615522487115945,"modern_HPP"
"3184","modern","HPP",-0.00443646154426012,"modern_HPP"
"3185","modern","HPP",-0.00373105090038012,"modern_HPP"
"3186","modern","HPP",-0.00441578141199968,"modern_HPP"
"3187","modern","HPP",0.000510302078983899,"modern_HPP"
"3188","modern","HPP",-0.0064531314454198,"modern_HPP"
"3189","modern","HPP",0.0102493932158197,"modern_HPP"
"3190","modern","HPP",-0.00602139683755773,"modern_HPP"
"3191","modern","HPP",0.00209092055024805,"modern_HPP"
"3192","modern","HPP",-0.00572508205048119,"modern_HPP"
"3193","modern","HPP",0.00944844913865305,"modern_HPP"
"3194","modern","HPP",0.00129338931720795,"modern_HPP"
"3195","modern","HPP",0.00227539099832725,"modern_HPP"
"3196","modern","HPP",0.00295509067637823,"modern_HPP"
"3197","modern","HPP",-0.00450038195306509,"modern_HPP"
"3198","modern","HPP",0.00166165550521848,"modern_HPP"
"3199","modern","HPP",0.00507282923786296,"modern_HPP"
"3200","modern","HPP",-0.00622228300038024,"modern_HPP"
"3201","modern","HPP",-0.000892291699710801,"modern_HPP"
"3202","modern","HPP",-0.00153673623939446,"modern_HPP"
"3203","modern","HPP",0.00705978577825821,"modern_HPP"
"3204","modern","HPP",-0.00297507644879716,"modern_HPP"
"3205","modern","HPP",-0.00664979904467699,"modern_HPP"
"3206","modern","HPP",0.00347180575804916,"modern_HPP"
"3207","modern","HPP",0.00226689491611573,"modern_HPP"
"3208","modern","HPP",-0.0010040050274173,"modern_HPP"
"3209","modern","HPP",-0.00141753561641597,"modern_HPP"
"3210","modern","HPP",-0.000221625250163825,"modern_HPP"
"3211","modern","HPP",0.00125399422204982,"modern_HPP"
"3212","modern","HPP",0.00653380164775974,"modern_HPP"
"3213","modern","HPP",-0.00241031952677209,"modern_HPP"
"3214","modern","HPP",-0.00149289331091201,"modern_HPP"
"3215","modern","HPP",0.00400049527170364,"modern_HPP"
"3216","modern","HPP",-0.00799100748304463,"modern_HPP"
"3217","modern","HPP",-0.00783391839475277,"modern_HPP"
"3218","modern","HPP",0.00473347069117816,"modern_HPP"
"3219","modern","HPP",-0.00881371253562127,"modern_HPP"
"3220","modern","HPP",0.00828379806639735,"modern_HPP"
"3221","modern","HPP",0.00536233798837993,"modern_HPP"
"3222","modern","HPP",-0.00419940971459888,"modern_HPP"
"3223","modern","HPP",0.0116215989256021,"modern_HPP"
"3224","modern","HPP",-0.00299309050128883,"modern_HPP"
"3225","modern","HPP",0.00267145778225582,"modern_HPP"
"3226","modern","HPP",0.00485554701199077,"modern_HPP"
"3227","modern","HPP",-0.00919129362641112,"modern_HPP"
"3228","modern","HPP",0.00380569458334104,"modern_HPP"
"3229","modern","HPP",0.00454217455484575,"modern_HPP"
"3230","modern","HPP",0.00251127027693539,"modern_HPP"
"3231","modern","HPP",0.00590220931570833,"modern_HPP"
"3232","modern","HPP",-0.00759486209234155,"modern_HPP"
"3233","modern","HPP",-0.00212761681281471,"modern_HPP"
"3234","modern","HPP",0.0024043454119094,"modern_HPP"
"3235","modern","HPP",0.00318911614522086,"modern_HPP"
"3236","modern","HPP",-0.00601426982333557,"modern_HPP"
"3237","modern","HPP",-0.00549073560397597,"modern_HPP"
"3238","modern","HPP",0.0109132143254199,"modern_HPP"
"3239","modern","HPP",0.0023363440013945,"modern_HPP"
"3240","modern","HPP",0.000351595001250055,"modern_HPP"
"3241","modern","HPP",-0.0058697185155779,"modern_HPP"
"3242","modern","HPP",0.00618933366073185,"modern_HPP"
"3243","modern","HPP",-0.00274403803738588,"modern_HPP"
"3244","modern","HPP",-0.00306180592333885,"modern_HPP"
"3245","modern","HPP",-0.00521599182593763,"modern_HPP"
"3246","modern","HPP",0.00644618784700483,"modern_HPP"
"3247","modern","HPP",-0.00214958740629,"modern_HPP"
"3248","modern","HPP",0.00219249360404288,"modern_HPP"
"3249","modern","HPP",-0.00172936869089351,"modern_HPP"
"3250","modern","HPP",-0.00781694588202335,"modern_HPP"
"3251","modern","HPP",-0.00510182203652773,"modern_HPP"
"3252","modern","HPP",0.00193060858420131,"modern_HPP"
"3253","modern","HPP",0.00274413629585401,"modern_HPP"
"3254","modern","HPP",0.000894473037703428,"modern_HPP"
"3255","modern","HPP",-0.00257557716904836,"modern_HPP"
"3256","modern","HPP",-0.00283097057942838,"modern_HPP"
"3257","modern","HPP",0.00871631874200451,"modern_HPP"
"3258","modern","HPP",0.00780373339334128,"modern_HPP"
"3259","modern","HPP",-0.000255092084411068,"modern_HPP"
"3260","modern","HPP",0.0059580856312552,"modern_HPP"
"3261","modern","HPP",-0.00334169844510754,"modern_HPP"
"3262","modern","HPP",-0.00561849781481141,"modern_HPP"
"3263","modern","HPP",0.00233445088824174,"modern_HPP"
"3264","modern","HPP",-0.00138565401878799,"modern_HPP"
"3265","modern","HPP",-0.00157375347962369,"modern_HPP"
"3266","modern","HPP",0.00502981823107741,"modern_HPP"
"3267","modern","HPP",-0.00494865673639678,"modern_HPP"
"3268","modern","HPP",-0.00818658113802324,"modern_HPP"
"3269","modern","HPP",0.00346622467705902,"modern_HPP"
"3270","modern","HPP",-0.00619494094398016,"modern_HPP"
"3271","modern","HPP",0.014096886951506,"modern_HPP"
"3272","modern","HPP",0.00650164492642099,"modern_HPP"
"3273","modern","HPP",0.00484023834265512,"modern_HPP"
"3274","modern","HPP",0.00488938067785238,"modern_HPP"
"3275","modern","HPP",0.000247519631800026,"modern_HPP"
"3276","modern","HPP",-0.0027431930145599,"modern_HPP"
"3277","modern","HPP",-0.0028933843583886,"modern_HPP"
"3278","modern","HPP",-0.00178071856634157,"modern_HPP"
"3279","modern","HPP",-0.00050916883131806,"modern_HPP"
"3280","modern","HPP",-6.69533201881137e-05,"modern_HPP"
"3281","modern","HPP",0.00394766496866899,"modern_HPP"
"3282","modern","HPP",0.00318836938086302,"modern_HPP"
"3283","modern","HPP",0.000299498361444159,"modern_HPP"
"3284","modern","HPP",-0.00387159326263783,"modern_HPP"
"3285","modern","HPP",-0.00289862481002253,"modern_HPP"
"3286","modern","HPP",-0.000788537307923351,"modern_HPP"
"3287","modern","HPP",-0.00886229152226788,"modern_HPP"
"3288","modern","HPP",-0.000871192331319654,"modern_HPP"
"3289","modern","HPP",-0.0039888156151245,"modern_HPP"
"3290","modern","HPP",0.00688192484980232,"modern_HPP"
"3291","modern","HPP",0.00188235057521728,"modern_HPP"
"3292","modern","HPP",0.000414480420857324,"modern_HPP"
"3293","modern","HPP",0.0044423111983965,"modern_HPP"
"3294","modern","HPP",0.000761155948136019,"modern_HPP"
"3295","modern","HPP",0.00428813056076147,"modern_HPP"
"3296","modern","HPP",0.00915981816378477,"modern_HPP"
"3297","modern","HPP",0.0116369075949378,"modern_HPP"
"3298","modern","HPP",0.00640028149069152,"modern_HPP"
"3299","modern","HPP",-0.00412303668259876,"modern_HPP"
"3300","modern","HPP",-0.00893933926241587,"modern_HPP"
"3301","modern","HPP",0.00386690960898999,"modern_HPP"
"3302","modern","HPP",0.00391115212190952,"modern_HPP"
"3303","modern","HPP",-0.00217041165097036,"modern_HPP"
"3304","modern","HPP",-0.00482448423493059,"modern_HPP"
"3305","modern","HPP",-0.000796974435053992,"modern_HPP"
"3306","modern","HPP",-0.00485445961827672,"modern_HPP"
"3307","modern","HPP",-0.00636504600401782,"modern_HPP"
"3308","modern","HPP",-0.00141683470600993,"modern_HPP"
"3309","modern","HPP",-0.00426483020268407,"modern_HPP"
"3310","modern","HPP",-0.00414156167912474,"modern_HPP"
"3311","modern","HPP",-0.00725814997373188,"modern_HPP"
"3312","modern","HPP",0.0125328807119214,"modern_HPP"
"3313","modern","HPP",0.00042668412259986,"modern_HPP"
"3314","modern","HPP",0.00398826536770294,"modern_HPP"
"3315","modern","HPP",0.000905143907343037,"modern_HPP"
"3316","modern","HPP",0.01754256905816,"modern_HPP"
"3317","modern","HPP",-0.000808228304937877,"modern_HPP"
"3318","modern","HPP",-0.000179727839350482,"modern_HPP"
"3319","modern","HPP",-0.00254271298673902,"modern_HPP"
"3320","modern","HPP",-0.00738701922997499,"modern_HPP"
"3321","modern","HPP",-8.11025395997492e-05,"modern_HPP"
"3322","modern","HPP",0.00896812899357982,"modern_HPP"
"3323","modern","HPP",0.00353953859541782,"modern_HPP"
"3324","modern","HPP",0.00164588829636486,"modern_HPP"
"3325","modern","HPP",-0.0107792421793982,"modern_HPP"
"3326","modern","HPP",0.0046165758669186,"modern_HPP"
"3327","modern","HPP",-0.00323656188420164,"modern_HPP"
"3328","modern","HPP",-0.000656130746827338,"modern_HPP"
"3329","modern","HPP",0.012614802072089,"modern_HPP"
"3330","modern","HPP",-0.00621944005536883,"modern_HPP"
"3331","modern","HPP",0.00568749491113676,"modern_HPP"
"3332","modern","HPP",0.00103648927698318,"modern_HPP"
"3333","modern","HPP",-0.000206323131392723,"modern_HPP"
"3334","modern","HPP",-0.00303960606010458,"modern_HPP"
"3335","modern","HPP",-0.00191717992688935,"modern_HPP"
"3336","modern","HPP",-0.00698989780515509,"modern_HPP"
"3337","modern","HPP",-0.00195584790938327,"modern_HPP"
"3338","modern","HPP",0.00186402864619212,"modern_HPP"
"3339","modern","HPP",-0.000802765134109495,"modern_HPP"
"3340","modern","HPP",0.0114551425300146,"modern_HPP"
"3341","modern","HPP",-0.00432627449809201,"modern_HPP"
"3342","modern","HPP",-0.00150890944121824,"modern_HPP"
"3343","modern","HPP",0.0124658487849588,"modern_HPP"
"3344","modern","HPP",6.83878938229045e-06,"modern_HPP"
"3345","modern","HPP",-0.0027199843643861,"modern_HPP"
"3346","modern","HPP",0.00563645291222219,"modern_HPP"
"3347","modern","HPP",-0.00641202665291609,"modern_HPP"
"3348","modern","HPP",-0.00746698197134436,"modern_HPP"
"3349","modern","HPP",-0.00656961358411318,"modern_HPP"
"3350","modern","HPP",-0.0030822109318885,"modern_HPP"
"3351","modern","HPP",0.00276644096812096,"modern_HPP"
"3352","modern","HPP",-0.00947294825004171,"modern_HPP"
"3353","modern","HPP",-0.00683794435946448,"modern_HPP"
"3354","modern","HPP",0.00250065181181212,"modern_HPP"
"3355","modern","HPP",-0.00286526933537251,"modern_HPP"
"3356","modern","HPP",0.000948521745742967,"modern_HPP"
"3357","modern","HPP",-0.000435219508198638,"modern_HPP"
"3358","modern","HPP",-0.000336646612964244,"modern_HPP"
"3359","modern","HPP",0.00141309433365621,"modern_HPP"
"3360","modern","HPP",0.000837358665458035,"modern_HPP"
"3361","modern","HPP",-0.00850321577631038,"modern_HPP"
"3362","modern","HPP",0.00476604009808309,"modern_HPP"
"3363","modern","HPP",0.000193248204566045,"modern_HPP"
"3364","modern","HPP",-0.00376678422995905,"modern_HPP"
"3365","modern","HPP",0.00189323761348679,"modern_HPP"
"3366","modern","HPP",-0.00186264647707367,"modern_HPP"
"3367","modern","HPP",0.00179995757440267,"modern_HPP"
"3368","modern","HPP",0.00148326398103465,"modern_HPP"
"3369","modern","HPP",0.0148948767240641,"modern_HPP"
"3370","modern","HPP",0.00645839154874736,"modern_HPP"
"3371","modern","HPP",0.00820592495511701,"modern_HPP"
"3372","modern","HPP",-0.00802348518204597,"modern_HPP"
"3373","modern","HPP",-0.00900456323356478,"modern_HPP"
"3374","modern","HPP",-0.00413518142926042,"modern_HPP"
"3375","modern","HPP",-0.00820733987705818,"modern_HPP"
"3376","modern","HPP",0.00031963479684757,"modern_HPP"
"3377","modern","HPP",0.00520382742758235,"modern_HPP"
"3378","modern","HPP",-0.00112466642628874,"modern_HPP"
"3379","modern","HPP",-0.00359548041661012,"modern_HPP"
"3380","modern","HPP",-0.007704715059718,"modern_HPP"
"3381","modern","HPP",0.00133816897641996,"modern_HPP"
"3382","modern","HPP",0.00186201107231305,"modern_HPP"
"3383","modern","HPP",0.00489251184770366,"modern_HPP"
"3384","modern","HPP",0.0048058020248556,"modern_HPP"
"3385","modern","HPP",-0.0027138857887971,"modern_HPP"
"3386","modern","HPP",0.000793830164073629,"modern_HPP"
"3387","modern","HPP",-0.00607561586027537,"modern_HPP"
"3388","modern","HPP",0.00225011236975804,"modern_HPP"
"3389","modern","HPP",-0.00834672933995642,"modern_HPP"
"3390","modern","HPP",-0.0074172697370319,"modern_HPP"
"3391","modern","HPP",-0.00488283011330996,"modern_HPP"
"3392","modern","HPP",-0.00323098735377603,"modern_HPP"
"3393","modern","HPP",-0.0082500364567457,"modern_HPP"
"3394","modern","HPP",0.00427468225175588,"modern_HPP"
"3395","modern","HPP",0.00264267460165641,"modern_HPP"
"3396","modern","HPP",0.00543975911070683,"modern_HPP"
"3397","modern","HPP",-0.00302039980486619,"modern_HPP"
"3398","modern","HPP",-0.000325314136305851,"modern_HPP"
"3399","modern","HPP",0.001958199562054,"modern_HPP"
"3400","modern","HPP",0.000577917006190798,"modern_HPP"
"3401","modern","HPP",-0.00311475413653527,"modern_HPP"
"3402","modern","HPP",0.00448128705742392,"modern_HPP"
"3403","modern","HPP",0.0105539748153488,"modern_HPP"
"3404","modern","HPP",-0.00473649705199676,"modern_HPP"
"3405","modern","HPP",-0.00190092142569505,"modern_HPP"
"3406","modern","HPP",-0.00373549218313989,"modern_HPP"
"3407","modern","HPP",-0.00152070700795914,"modern_HPP"
"3408","modern","HPP",-9.16686002066788e-05,"modern_HPP"
"3409","modern","HPP",-0.000812145542534246,"modern_HPP"
"3410","modern","HPP",0.000589537707689058,"modern_HPP"
"3411","modern","HPP",-0.00345606475145372,"modern_HPP"
"3412","modern","HPP",0.00282261205907225,"modern_HPP"
"3413","modern","HPP",0.00731806798760143,"modern_HPP"
"3414","modern","HPP",-0.00353482873951182,"modern_HPP"
"3415","modern","HPP",-0.0082111719573155,"modern_HPP"
"3416","modern","HPP",-0.000199143712654226,"modern_HPP"
"3417","modern","HPP",-0.00257635668622891,"modern_HPP"
"3418","modern","HPP",-0.00267889922357601,"modern_HPP"
"3419","modern","HPP",-0.00686486717973384,"modern_HPP"
"3420","modern","HPP",0.0168732585754733,"modern_HPP"
"3421","modern","HPP",0.00088723466388405,"modern_HPP"
"3422","modern","HPP",-0.000590847820597543,"modern_HPP"
"3423","modern","HPP",-0.00382944693037187,"modern_HPP"
"3424","modern","HPP",0.0107964308607576,"modern_HPP"
"3425","modern","HPP",0.000395896469250468,"modern_HPP"
"3426","modern","HPP",0.00403448615111428,"modern_HPP"
"3427","modern","HPP",-0.000597025002961048,"modern_HPP"
"3428","modern","HPP",0.0038782289845193,"modern_HPP"
"3429","modern","HPP",-0.00600320591982342,"modern_HPP"
"3430","modern","HPP",-0.00145295451889685,"modern_HPP"
"3431","modern","HPP",-0.0084753955286987,"modern_HPP"
"3432","modern","HPP",0.00256717934530497,"modern_HPP"
"3433","modern","HPP",0.00144895212396143,"modern_HPP"
"3434","modern","HPP",-0.00675473253808207,"modern_HPP"
"3435","modern","HPP",0.00309556098242596,"modern_HPP"
"3436","modern","HPP",0.00420068707468466,"modern_HPP"
"3437","modern","HPP",-0.00087928882909409,"modern_HPP"
"3438","modern","HPP",-0.00299444646814911,"modern_HPP"
"3439","modern","HPP",0.00609693794786096,"modern_HPP"
"3440","modern","HPP",0.00723292374967901,"modern_HPP"
"3441","modern","HPP",0.00430294138719189,"modern_HPP"
"3442","modern","HPP",-0.00522182837894493,"modern_HPP"
"3443","modern","HPP",-0.00138663005290481,"modern_HPP"
"3444","modern","HPP",-0.00393495032289215,"modern_HPP"
"3445","modern","HPP",0.00689367656259142,"modern_HPP"
"3446","modern","HPP",-0.0027359349890469,"modern_HPP"
"3447","modern","HPP",-0.00480550069888665,"modern_HPP"
"3448","modern","HPP",-0.0059820344952223,"modern_HPP"
"3449","modern","HPP",0.00236804218321529,"modern_HPP"
"3450","modern","HPP",0.00731141916459088,"modern_HPP"
"3451","modern","HPP",0.00430054388056937,"modern_HPP"
"3452","modern","HPP",0.00506202735693251,"modern_HPP"
"3453","modern","HPP",-0.00042214458137196,"modern_HPP"
"3454","modern","HPP",0.00513632385997268,"modern_HPP"
"3455","modern","HPP",-0.00204443119369047,"modern_HPP"
"3456","modern","HPP",0.00435574548796837,"modern_HPP"
"3457","modern","HPP",-0.000563479561939296,"modern_HPP"
"3458","modern","HPP",-0.0024162805405057,"modern_HPP"
"3459","modern","HPP",-0.0103174928848028,"modern_HPP"
"3460","modern","HPP",-0.00318867725739652,"modern_HPP"
"3461","modern","HPP",0.00916993878600281,"modern_HPP"
"3462","modern","HPP",-0.00773105487974309,"modern_HPP"
"3463","modern","HPP",-0.00562081671465943,"modern_HPP"
"3464","modern","HPP",0.00422679762495076,"modern_HPP"
"3465","modern","HPP",-0.00465390753424588,"modern_HPP"
"3466","modern","HPP",-0.00257257701048793,"modern_HPP"
"3467","modern","HPP",0.00326203702970712,"modern_HPP"
"3468","modern","HPP",0.00292584895626085,"modern_HPP"
"3469","modern","HPP",-0.000578041466917104,"modern_HPP"
"3470","modern","HPP",-0.0046347340318302,"modern_HPP"
"3471","modern","HPP",-0.00360711421923747,"modern_HPP"
"3472","modern","HPP",6.24923857347231e-06,"modern_HPP"
"3473","modern","HPP",0.00550119685555023,"modern_HPP"
"3474","modern","HPP",0.000400095381122161,"modern_HPP"
"3475","modern","HPP",0.0021174699883385,"modern_HPP"
"3476","modern","HPP",-0.00564990777179233,"modern_HPP"
"3477","modern","HPP",-0.00273095655999465,"modern_HPP"
"3478","modern","HPP",-0.00133840479674349,"modern_HPP"
"3479","modern","HPP",0.00101262557035513,"modern_HPP"
"3480","modern","HPP",0.00253787867010671,"modern_HPP"
"3481","modern","HPP",0.00181383822066807,"modern_HPP"
"3482","modern","HPP",0.00400962020811124,"modern_HPP"
"3483","modern","HPP",-0.00330423576648942,"modern_HPP"
"3484","modern","HPP",-0.000218428574667122,"modern_HPP"
"3485","modern","HPP",-0.00378147059566316,"modern_HPP"
"3486","modern","HPP",-0.00653730619978994,"modern_HPP"
"3487","modern","HPP",0.00619670304584207,"modern_HPP"
"3488","modern","HPP",-0.00151764789431783,"modern_HPP"
"3489","modern","HPP",0.00332962575465585,"modern_HPP"
"3490","modern","HPP",-0.00489490280376165,"modern_HPP"
"3491","modern","HPP",-0.00438902890640843,"modern_HPP"
"3492","modern","HPP",5.61907426449114e-05,"modern_HPP"
"3493","modern","HPP",-0.000876327973920914,"modern_HPP"
"3494","modern","HPP",0.00299596619912295,"modern_HPP"
"3495","modern","HPP",-0.0037110520268321,"modern_HPP"
"3496","modern","HPP",-0.00349219766546973,"modern_HPP"
"3497","modern","HPP",-0.00302867971844782,"modern_HPP"
"3498","modern","HPP",-0.0015752208060812,"modern_HPP"
"3499","modern","HPP",-0.00310074902954356,"modern_HPP"
"3500","modern","HPP",0.00230012593003944,"modern_HPP"
"3501","modern","HPP",-0.00322532111544684,"modern_HPP"
"3502","modern","HPP",0.00713166512298222,"modern_HPP"
"3503","modern","HPP",0.00486488156646372,"modern_HPP"
"3504","modern","HPP",0.00193911776754192,"modern_HPP"
"3505","modern","HPP",0.0131600645140358,"modern_HPP"
"3506","modern","HPP",-0.00498966327043235,"modern_HPP"
"3507","modern","HPP",-0.00196298802473452,"modern_HPP"
"3508","modern","HPP",0.00169867274544771,"modern_HPP"
"3509","modern","HPP",0.000588312752119625,"modern_HPP"
"3510","modern","HPP",0.00665008071895231,"modern_HPP"
"3511","modern","HPP",0.008092200604096,"modern_HPP"
"3512","modern","HPP",-0.00187736559560049,"modern_HPP"
"3513","modern","HPP",-0.00642326742167089,"modern_HPP"
"3514","modern","HPP",0.00342392768180858,"modern_HPP"
"3515","modern","HPP",-0.00849933784210126,"modern_HPP"
"3516","modern","HPP",-0.00273743506832711,"modern_HPP"
"3517","modern","HPP",0.00192502095264663,"modern_HPP"
"3518","modern","HPP",0.00457792098555376,"modern_HPP"
"3519","modern","HPP",-0.00377381298571307,"modern_HPP"
"3520","modern","HPP",-0.00842398014760522,"modern_HPP"
"3521","modern","HPP",-0.0063584954394754,"modern_HPP"
"3522","modern","HPP",0.00604298094772501,"modern_HPP"
"3523","modern","HPP",-0.000867301295981454,"modern_HPP"
"3524","modern","HPP",0.000232728457063233,"modern_HPP"
"3525","modern","HPP",-0.00115318758430646,"modern_HPP"
"3526","modern","HPP",-0.00759021119151643,"modern_HPP"
"3527","modern","HPP",0.000464566037348696,"modern_HPP"
"3528","modern","HPP",0.00520416805693856,"modern_HPP"
"3529","modern","HPP",-0.00378050766267542,"modern_HPP"
"3530","modern","HPP",0.00464972827406781,"modern_HPP"
"3531","modern","HPP",0.0151343260603478,"modern_HPP"
"3532","modern","HPP",-0.00162778908653415,"modern_HPP"
"3533","modern","HPP",0.00682131247609127,"modern_HPP"
"3534","modern","HPP",0.00358184869179734,"modern_HPP"
"3535","modern","HPP",-0.00617426736228427,"modern_HPP"
"3536","modern","HPP",-8.71814634951184e-05,"modern_HPP"
"3537","modern","HPP",-0.00391137484110397,"modern_HPP"
"3538","modern","HPP",0.01108192411521,"modern_HPP"
"3539","modern","HPP",0.00237818900769151,"modern_HPP"
"3540","modern","HPP",-0.0040354163312793,"modern_HPP"
"3541","modern","HPP",-0.00405925383564918,"modern_HPP"
"3542","modern","HPP",-0.00465511938868622,"modern_HPP"
"3543","modern","HPP",0.0092604806891082,"modern_HPP"
"3544","modern","HPP",0.0100182172425531,"modern_HPP"
"3545","modern","HPP",-0.00728875421127409,"modern_HPP"
"3546","modern","HPP",0.00380788247189821,"modern_HPP"
"3547","modern","HPP",-0.0067892474626561,"modern_HPP"
"3548","modern","HPP",-0.00232315116440606,"modern_HPP"
"3549","modern","HPP",-0.00474526825791906,"modern_HPP"
"3550","modern","HPP",0.00134798172210451,"modern_HPP"
"3551","modern","HPP",0.00197223087130388,"modern_HPP"
"3552","modern","HPP",-0.00666770828813597,"modern_HPP"
"3553","modern","HPP",-0.00300924419345045,"modern_HPP"
"3554","modern","HPP",0.00209175902250948,"modern_HPP"
"3555","modern","HPP",-0.00263816126268668,"modern_HPP"
"3556","modern","HPP",0.000807599450741804,"modern_HPP"
"3557","modern","HPP",-0.00866069134791025,"modern_HPP"
"3558","modern","HPP",-0.00886087660032672,"modern_HPP"
"3559","modern","HPP",-0.00399881832718078,"modern_HPP"
"3560","modern","HPP",-0.00111476852326514,"modern_HPP"
"3561","modern","HPP",0.00742089219922386,"modern_HPP"
"3562","modern","HPP",-0.00518075633926394,"modern_HPP"
"3563","modern","HPP",-0.000328255339785399,"modern_HPP"
"3564","modern","HPP",-0.00282584148739166,"modern_HPP"
"3565","modern","HPP",-0.00408906545488176,"modern_HPP"
"3566","modern","HPP",-0.00573828798859871,"modern_HPP"
"3567","modern","HPP",-0.00385606187410774,"modern_HPP"
"3568","modern","HPP",0.0191809045536074,"modern_HPP"
"3569","modern","HPP",-0.00628149355327921,"modern_HPP"
"3570","modern","HPP",-0.0062742355277662,"modern_HPP"
"3571","modern","HPP",0.00693642554679528,"modern_HPP"
"3572","modern","HPP",-0.00253988314285669,"modern_HPP"
"3573","modern","HPP",-0.00334600871657645,"modern_HPP"
"3574","modern","HPP",-0.0044308542610118,"modern_HPP"
"3575","modern","HPP",-0.00256723830038586,"modern_HPP"
"3576","modern","HPP",-0.0124131953471668,"modern_HPP"
"3577","modern","HPP",0.00283640754799859,"modern_HPP"
"3578","modern","HPP",-0.00433340806287871,"modern_HPP"
"3579","modern","HPP",-0.00694098473971681,"modern_HPP"
"3580","modern","HPP",-0.00214176603222635,"modern_HPP"
"3581","modern","HPP",-0.00161217254066501,"modern_HPP"
"3582","modern","HPP",0.002944786638353,"modern_HPP"
"3583","modern","HPP",0.00183198983501512,"modern_HPP"
"3584","modern","HPP",-0.00459003952995724,"modern_HPP"
"3585","modern","HPP",0.00116176882385703,"modern_HPP"
"3586","modern","HPP",-0.00363130545409264,"modern_HPP"
"3587","modern","HPP",-0.00604785456774458,"modern_HPP"
"3588","modern","HPP",-0.011536736361955,"modern_HPP"
"3589","modern","HPP",0.00265633907929191,"modern_HPP"
"3590","modern","HPP",0.00229804285051495,"modern_HPP"
"3591","modern","HPP",-0.00305403695379154,"modern_HPP"
"3592","modern","HPP",0.00700416493472849,"modern_HPP"
"3593","modern","HPP",-0.00746603869005025,"modern_HPP"
"3594","modern","HPP",0.00521986320958221,"modern_HPP"
"3595","modern","HPP",0.00282318195818744,"modern_HPP"
"3596","modern","HPP",-0.00317875970267929,"modern_HPP"
"3597","modern","HPP",-0.00648080103004699,"modern_HPP"
"3598","modern","HPP",-0.00424805420689092,"modern_HPP"
"3599","modern","HPP",0.0196042740905488,"modern_HPP"
"3600","modern","HPP",0.0010386706149758,"modern_HPP"
"3601","modern","HPP",-0.0053077193812252,"modern_HPP"
"3602","modern","HPP",0.00437812876700983,"modern_HPP"
"3603","modern","HPP",0.00545968592804489,"modern_HPP"
"3604","modern","HPP",0.00115109140365288,"modern_HPP"
"3605","modern","HPP",-0.000963967976934003,"modern_HPP"
"3606","modern","HPP",-0.00701404318605846,"modern_HPP"
"3607","modern","HPP",0.000198069420069269,"modern_HPP"
"3608","modern","HPP",-0.000569034440671271,"modern_HPP"
"3609","modern","HPP",0.00144104559255873,"modern_HPP"
"3610","modern","HPP",-8.34476417059369e-05,"modern_HPP"
"3611","modern","HPP",-0.00421478388957995,"modern_HPP"
"3612","modern","HPP",0.00560355597709014,"modern_HPP"
"3613","modern","HPP",-0.000401641314354173,"modern_HPP"
"3614","modern","HPP",-0.00715376672774836,"modern_HPP"
"3615","modern","HPP",0.00739060238877969,"modern_HPP"
"3616","modern","HPP",0.00825740584185592,"modern_HPP"
"3617","modern","HPP",0.0049086524387362,"modern_HPP"
"3618","modern","HPP",-0.00408294722759913,"modern_HPP"
"3619","modern","HPP",0.00625261211421166,"modern_HPP"
"3620","modern","HPP",0.00556239222950555,"modern_HPP"
"3621","modern","HPP",-0.00124868826477045,"modern_HPP"
"3622","modern","HPP",-0.00376736067963878,"modern_HPP"
"3623","modern","HPP",-0.00909439767569958,"modern_HPP"
"3624","modern","HPP",0.00340321479672544,"modern_HPP"
"3625","modern","HPP",0.00526044395692252,"modern_HPP"
"3626","modern","HPP",0.00435629573538994,"modern_HPP"
"3627","modern","HPP",0.00367047783005633,"modern_HPP"
"3628","modern","HPP",-0.0047220661583098,"modern_HPP"
"3629","modern","HPP",-0.00025831496216594,"modern_HPP"
"3630","modern","HPP",0.0013446605858815,"modern_HPP"
"3631","modern","HPP",-0.000332762128190587,"modern_HPP"
"3632","modern","HPP",0.00172292293538377,"modern_HPP"
"3633","modern","HPP",-0.000491397149714464,"modern_HPP"
"3634","modern","HPP",-0.00722404773472403,"modern_HPP"
"3635","modern","HPP",0.00191668208398412,"modern_HPP"
"3636","modern","HPP",-0.000775540987871182,"modern_HPP"
"3637","modern","HPP",9.16620496421363e-05,"modern_HPP"
"3638","modern","HPP",0.000512300001169339,"modern_HPP"
"3639","modern","HPP",-0.0068927463824264,"modern_HPP"
"3640","modern","HPP",-0.000307463847927746,"modern_HPP"
"3641","modern","HPP",-0.00546227340103914,"modern_HPP"
"3642","modern","HPP",0.00509321459471899,"modern_HPP"
"3643","modern","HPP",0.0021543431161478,"modern_HPP"
"3644","modern","HPP",0.00145857490327425,"modern_HPP"
"3645","modern","HPP",0.00128790649468594,"modern_HPP"
"3646","modern","HPP",8.32838775923763e-05,"modern_HPP"
"3647","modern","HPP",-0.00646091351609619,"modern_HPP"
"3648","modern","HPP",-0.00069591887585802,"modern_HPP"
"3649","modern","HPP",-0.00106642535694205,"modern_HPP"
"3650","modern","HPP",0.00115268319083669,"modern_HPP"
"3651","modern","HPP",0.00225356451727189,"modern_HPP"
"3652","modern","HPP",-0.00344879362481163,"modern_HPP"
"3653","modern","HPP",-0.00459396331811816,"modern_HPP"
"3654","modern","HPP",0.0064470328698308,"modern_HPP"
"3655","modern","HPP",0.00591718390625231,"modern_HPP"
"3656","modern","HPP",-0.00139328542647992,"modern_HPP"
"3657","modern","HPP",0.00253599210751849,"modern_HPP"
"3658","modern","HPP",0.00206872723757832,"modern_HPP"
"3659","modern","HPP",0.00578530139031969,"modern_HPP"
"3660","modern","HPP",-0.0022605605202032,"modern_HPP"
"3661","modern","HPP",-0.00531145975357892,"modern_HPP"
"3662","modern","HPP",-0.00216667127861664,"modern_HPP"
"3663","modern","HPP",-0.00165917939182144,"modern_HPP"
"3664","modern","HPP",-0.00239815512841681,"modern_HPP"
"3665","modern","HPP",0.00186780177136855,"modern_HPP"
"3666","modern","HPP",-1.67039395831807e-06,"modern_HPP"
"3667","modern","HPP",0.0004532794146421,"modern_HPP"
"3668","modern","HPP",0.000121716039762777,"modern_HPP"
"3669","modern","HPP",0.00622800164322577,"modern_HPP"
"3670","modern","HPP",-0.00416769843164901,"modern_HPP"
"3671","modern","HPP",-0.00778446163245747,"modern_HPP"
"3672","modern","HPP",-0.00459240428375706,"modern_HPP"
"3673","modern","HPP",0.00384729066818544,"modern_HPP"
"3674","modern","HPP",-0.00555174101155957,"modern_HPP"
"3675","modern","HPP",0.000944552103630258,"modern_HPP"
"3676","modern","HPP",-0.00147229178542609,"modern_HPP"
"3677","modern","HPP",-0.00434394792122747,"modern_HPP"
"3678","modern","HPP",0.00747534704226503,"modern_HPP"
"3679","modern","HPP",-0.00111360252277659,"modern_HPP"
"3680","modern","HPP",0.00718449542601687,"modern_HPP"
"3681","modern","HPP",-0.00122984884114644,"modern_HPP"
"3682","modern","HPP",-0.000412056711976627,"modern_HPP"
"3683","modern","HPP",0.00135984479449084,"modern_HPP"
"3684","modern","HPP",0.0129870051493895,"modern_HPP"
"3685","modern","HPP",0.00235483624509776,"modern_HPP"
"3686","modern","HPP",-0.0123646425627784,"modern_HPP"
"3687","modern","HPP",-0.0067268664365186,"modern_HPP"
"3688","modern","HPP",-0.00160833390984315,"modern_HPP"
"3689","modern","HPP",-0.00334597596375374,"modern_HPP"
"3690","modern","HPP",-0.00100971711969829,"modern_HPP"
"3691","modern","HPP",0.00391603229249363,"modern_HPP"
"3692","modern","HPP",-0.00236408564223167,"modern_HPP"
"3693","modern","HPP",-0.00212333274360397,"modern_HPP"
"3694","modern","HPP",0.00614572000200839,"modern_HPP"
"3695","modern","HPP",-0.00552014763877146,"modern_HPP"
"3696","modern","HPP",-0.00610345575958067,"modern_HPP"
"3697","modern","HPP",-0.00102041419159607,"modern_HPP"
"3698","modern","HPP",0.000332919341739605,"modern_HPP"
"3699","modern","HPP",0.0102768204295589,"modern_HPP"
"3700","modern","HPP",-0.00654660800144018,"modern_HPP"
"3701","modern","HPP",0.00168829010064797,"modern_HPP"
"3702","modern","HPP",0.00032844530615713,"modern_HPP"
"3703","modern","HPP",0.00182412915756422,"modern_HPP"
"3704","modern","HPP",0.00305889092211748,"modern_HPP"
"3705","modern","HPP",-0.00196342691255886,"modern_HPP"
"3706","modern","HPP",-0.00232113359052699,"modern_HPP"
"3707","modern","HPP",0.00376339103752607,"modern_HPP"
"3708","modern","HPP",0.00684695793627486,"modern_HPP"
"3709","modern","HPP",-0.00717552770315829,"modern_HPP"
"3710","modern","HPP",-0.000973892082215775,"modern_HPP"
"3711","modern","HPP",0.0078943735549148,"modern_HPP"
"3712","modern","HPP",-0.00756738902465063,"modern_HPP"
"3713","modern","HPP",-0.00300146867333859,"modern_HPP"
"3714","modern","HPP",0.00157683879552317,"modern_HPP"
"3715","modern","HPP",0.00376156998058328,"modern_HPP"
"3716","modern","HPP",-0.00136075532296224,"modern_HPP"
"3717","modern","HPP",0.00503509143553406,"modern_HPP"
"3718","modern","HPP",3.44428683640644e-05,"modern_HPP"
"3719","modern","HPP",-0.0116346345490416,"modern_HPP"
"3720","modern","HPP",-0.00562734107694368,"modern_HPP"
"3721","modern","HPP",0.00519092281543378,"modern_HPP"
"3722","modern","HPP",-0.00170761426604812,"modern_HPP"
"3723","modern","HPP",0.00176261935651086,"modern_HPP"
"3724","modern","HPP",-0.00576694015790727,"modern_HPP"
"3725","modern","HPP",-0.00414033672355531,"modern_HPP"
"3726","modern","HPP",-0.0031291653785286,"modern_HPP"
"3727","modern","HPP",-0.00338244950712596,"modern_HPP"
"3728","modern","HPP",0.00989801438319959,"modern_HPP"
"3729","modern","HPP",0.000101474795326687,"modern_HPP"
"3730","modern","HPP",-0.0071484149165172,"modern_HPP"
"3731","modern","HPP",0.00695727599373382,"modern_HPP"
"3732","modern","HPP",0.00353269980603553,"modern_HPP"
"3733","modern","HPP",-0.00349777219589533,"modern_HPP"
"3734","modern","HPP",-0.00201427239453715,"modern_HPP"
"3735","modern","HPP",0.0147850630600749,"modern_HPP"
"3736","modern","HPP",0.00194591725353696,"modern_HPP"
"3737","modern","HPP",-0.00400935818552954,"modern_HPP"
"3738","modern","HPP",-0.00837729427411136,"modern_HPP"
"3739","modern","HPP",-0.00694569459562281,"modern_HPP"
"3740","modern","HPP",0.00504003711176359,"modern_HPP"
"3741","modern","HPP",-0.0093455135674334,"modern_HPP"
"3742","modern","HPP",-0.00385954022387977,"modern_HPP"
"3743","modern","HPP",0.00326843038070053,"modern_HPP"
"3744","modern","HPP",-0.000762177836204637,"modern_HPP"
"3745","modern","HPP",-0.00658402482610651,"modern_HPP"
"3746","modern","HPP",-0.00116671450008656,"modern_HPP"
"3747","modern","HPP",0.0107221147060238,"modern_HPP"
"3748","modern","HPP",0.00398882871625359,"modern_HPP"
"3749","modern","HPP",-0.00226932517556096,"modern_HPP"
"3750","modern","HPP",0.000631258253259755,"modern_HPP"
"3751","modern","HPP",-0.00410628688906379,"modern_HPP"
"3752","modern","HPP",-0.00657818827309921,"modern_HPP"
"3753","modern","HPP",0.000190071180762969,"modern_HPP"
"3754","modern","HPP",0.0238313009852586,"modern_HPP"
"3755","modern","HPP",-0.006507900715559,"modern_HPP"
"3756","modern","HPP",-0.000559640931117436,"modern_HPP"
"3757","modern","HPP",-0.0033938671411234,"modern_HPP"
"3758","modern","HPP",0.00210946519846765,"modern_HPP"
"3759","modern","HPP",-0.00414788952447272,"modern_HPP"
"3760","modern","HPP",-0.000920878363373939,"modern_HPP"
"3761","modern","HPP",-0.00350237724276865,"modern_HPP"
"3762","modern","HPP",0.00543539643472158,"modern_HPP"
"3763","modern","HPP",-0.00460580018824632,"modern_HPP"
"3764","modern","HPP",0.00362087040477656,"modern_HPP"
"3765","modern","HPP",-0.0108028700657028,"modern_HPP"
"3766","modern","HPP",-0.00705860667664057,"modern_HPP"
"3767","modern","HPP",0.00417020729786876,"modern_HPP"
"3768","modern","HPP",0.00160458043636034,"modern_HPP"
"3769","modern","HPP",-0.00218205200416225,"modern_HPP"
"3770","modern","HPP",-0.00204388749683345,"modern_HPP"
"3771","modern","HPP",0.00461550157433365,"modern_HPP"
"3772","modern","HPP",-0.00179462541486514,"modern_HPP"
"3773","modern","HPP",-0.00147456483132231,"modern_HPP"
"3774","modern","HPP",-0.000729182642604448,"modern_HPP"
"3775","modern","HPP",0.00127384243261336,"modern_HPP"
"3776","modern","HPP",0.0149677517545985,"modern_HPP"
"3777","modern","HPP",0.000431256416650471,"modern_HPP"
"3778","modern","HPP",-0.00215020315935699,"modern_HPP"
"3779","modern","HPP",-0.00795179580369368,"modern_HPP"
"3780","modern","HPP",-0.00271245121516231,"modern_HPP"
"3781","modern","HPP",-0.00823343077563065,"modern_HPP"
"3782","modern","HPP",0.00347329273620029,"modern_HPP"
"3783","modern","HPP",-0.00728585886174634,"modern_HPP"
"3784","modern","HPP",0.0179537938484397,"modern_HPP"
"3785","modern","HPP",-0.00595435836003056,"modern_HPP"
"3786","modern","HPP",-0.00170182356699262,"modern_HPP"
"3787","modern","HPP",-0.00530531532403813,"modern_HPP"
"3788","modern","HPP",-0.00507387077762521,"modern_HPP"
"3789","modern","HPP",0.00346923793674853,"modern_HPP"
"3790","modern","HPP",-0.00638735722684932,"modern_HPP"
"3791","modern","HPP",0.00517511630319291,"modern_HPP"
"3792","modern","HPP",-0.00496829532889496,"modern_HPP"
"3793","modern","HPP",0.00475696101562729,"modern_HPP"
"3794","modern","HPP",-0.00696228062504423,"modern_HPP"
"3795","modern","HPP",0.00361008162497518,"modern_HPP"
"3796","modern","HPP",-0.00235548475098746,"modern_HPP"
"3797","modern","HPP",-0.00310866866207535,"modern_HPP"
"3798","modern","HPP",-0.00507976628571339,"modern_HPP"
"3799","modern","HPP",0.00404579897607905,"modern_HPP"
"3800","modern","HPP",-0.00443605540925849,"modern_HPP"
"3801","modern","HPP",0.00421267460779729,"modern_HPP"
"3802","modern","HPP",0.00592627608983719,"modern_HPP"
"3803","modern","HPP",-0.00281048696410422,"modern_HPP"
"3804","modern","HPP",-0.00269481054484956,"modern_HPP"
"3805","modern","HPP",-0.000892167238984495,"modern_HPP"
"3806","modern","HPP",0.00418968212625339,"modern_HPP"
"3807","modern","HPP",-0.000555992266667305,"modern_HPP"
"3808","modern","HPP",-0.0077250807648804,"modern_HPP"
"3809","modern","HPP",-0.00667034816564657,"modern_HPP"
"3810","modern","HPP",0.0026892884189403,"modern_HPP"
"3811","modern","HPP",0.00611182083050135,"modern_HPP"
"3812","modern","HPP",-0.00631435773558855,"modern_HPP"
"3813","modern","HPP",0.00747141015297503,"modern_HPP"
"3814","modern","HPP",-0.004755218565459,"modern_HPP"
"3815","modern","HPP",-0.00158635676580332,"modern_HPP"
"3816","modern","HPP",0.00072561913549337,"modern_HPP"
"3817","modern","HPP",-0.00210205650997017,"modern_HPP"
"3818","modern","HPP",-0.00820405804422242,"modern_HPP"
"3819","modern","HPP",-0.00165861604327079,"modern_HPP"
"3820","modern","HPP",-0.00615456326414066,"modern_HPP"
"3821","modern","HPP",0.00772637122609525,"modern_HPP"
"3822","modern","HPP",-0.00281082104289589,"modern_HPP"
"3823","modern","HPP",0.00229114510605178,"modern_HPP"
"3824","modern","HPP",-0.00455805967386113,"modern_HPP"
"3825","modern","HPP",-0.00074021379329389,"modern_HPP"
"3826","modern","HPP",0.00679372804880312,"modern_HPP"
"3827","modern","HPP",-0.00836552946019317,"modern_HPP"
"3828","modern","HPP",0.0021933779302561,"modern_HPP"
"3829","modern","HPP",-0.00129856426319647,"modern_HPP"
"3830","modern","HPP",0.0123385451136413,"modern_HPP"
"3831","modern","HPP",-0.00061324420076809,"modern_HPP"
"3832","modern","HPP",0.00340166231292889,"modern_HPP"
"3833","modern","HPP",0.00324267356091972,"modern_HPP"
"3834","modern","HPP",0.00771803890799729,"modern_HPP"
"3835","modern","HPP",0.00071743092981534,"modern_HPP"
"3836","modern","HPP",0.00312438346641263,"modern_HPP"
"3837","modern","HPP",-0.000329480295354833,"modern_HPP"
"3838","modern","HPP",0.00331032779151387,"modern_HPP"
"3839","modern","HPP",-0.00472280637210309,"modern_HPP"
"3840","modern","HPP",-0.000381871710565138,"modern_HPP"
"3841","modern","HPP",0.00310179711987035,"modern_HPP"
"3842","modern","HPP",0.00684800602660164,"modern_HPP"
"3843","modern","HPP",-0.00641908161092828,"modern_HPP"
"3844","modern","HPP",0.00151817193948123,"modern_HPP"
"3845","modern","HPP",-0.00339119451079009,"modern_HPP"
"3846","modern","HPP",0.00368436502688627,"modern_HPP"
"3847","modern","HPP",-0.00498269346975921,"modern_HPP"
"3848","modern","HPP",-0.00337863052799772,"modern_HPP"
"3849","modern","HPP",0.00785193899780898,"modern_HPP"
"3850","modern","HPP",-0.0023417940710938,"modern_HPP"
"3851","modern","HPP",-0.0104057617420119,"modern_HPP"
"3852","modern","HPP",0.00513702477037872,"modern_HPP"
"3853","modern","HPP",-0.00360692425286574,"modern_HPP"
"3854","modern","HPP",-0.00377130411949332,"modern_HPP"
"3855","modern","HPP",0.000992928022776058,"modern_HPP"
"3856","modern","HPP",0.00324905381078404,"modern_HPP"
"3857","modern","HPP",-0.00262900357345637,"modern_HPP"
"3858","modern","HPP",-3.13706535936676e-05,"modern_HPP"
"3859","modern","HPP",-0.00606371348450179,"modern_HPP"
"3860","modern","HPP",0.00914959928309859,"modern_HPP"
"3861","modern","HPP",-0.00501817787788552,"modern_HPP"
"3862","modern","HPP",0.00161960743142066,"modern_HPP"
"3863","modern","HPP",-0.00326808320077978,"modern_HPP"
"3864","modern","HPP",0.00573002772671072,"modern_HPP"
"3865","modern","HPP",0.00235868142648417,"modern_HPP"
"3866","modern","HPP",0.00666103326286724,"modern_HPP"
"3867","modern","HPP",-0.00300147522390313,"modern_HPP"
"3868","modern","HPP",-0.00169279033848862,"modern_HPP"
"3869","modern","HPP",-0.00233973064326294,"modern_HPP"
"3870","modern","HPP",-0.00147480065164584,"modern_HPP"
"3871","modern","HPP",-0.00592725867451855,"modern_HPP"
"3872","modern","HPP",-0.00237545742227732,"modern_HPP"
"3873","modern","HPP",0.00191385879066634,"modern_HPP"
"3874","modern","HPP",0.00700541609255609,"modern_HPP"
"3875","modern","HPP",0.00162243072473844,"modern_HPP"
"3876","modern","HPP",-0.00303120168579665,"modern_HPP"
"3877","modern","HPP",-0.00321054959240367,"modern_HPP"
"3878","modern","HPP",0.00280749335610833,"modern_HPP"
"3879","modern","HPP",-0.00290449411585255,"modern_HPP"
"3880","modern","HPP",-0.0052879563280007,"modern_HPP"
"3881","modern","HPP",-0.00371029216134518,"modern_HPP"
"3882","modern","HPP",0.00221454935485722,"modern_HPP"
"3883","modern","HPP",0.00876828437051956,"modern_HPP"
"3884","modern","HPP",0.00305259582959221,"modern_HPP"
"3885","modern","HPP",-0.00395036380126047,"modern_HPP"
"3886","modern","HPP",-0.00596317541990466,"modern_HPP"
"3887","modern","HPP",-0.00350113263550559,"modern_HPP"
"3888","modern","HPP",0.004445940211153,"modern_HPP"
"3889","modern","HPP",-0.00797964225356353,"modern_HPP"
"3890","modern","HPP",-0.00548744722057568,"modern_HPP"
"3891","modern","HPP",0.0040949085584536,"modern_HPP"
"3892","modern","HPP",-0.00253254651056918,"modern_HPP"
"3893","modern","HPP",0.00105512563310637,"modern_HPP"
"3894","modern","HPP",-0.00188352967683491,"modern_HPP"
"3895","modern","HPP",-0.00427984409661531,"modern_HPP"
"3896","modern","HPP",-0.000719337144097186,"modern_HPP"
"3897","modern","HPP",-0.00476961670632325,"modern_HPP"
"3898","modern","HPP",-0.000592072776166976,"modern_HPP"
"3899","modern","HPP",6.14966999242747e-05,"modern_HPP"
"3900","modern","HPP",-9.95751316093843e-05,"modern_HPP"
"3901","modern","HPP",0.00351992620517781,"modern_HPP"
"3902","modern","HPP",-0.00397726696983621,"modern_HPP"
"3903","modern","HPP",-0.0033459694131892,"modern_HPP"
"3904","modern","HPP",0.00274650760021837,"modern_HPP"
"3905","modern","HPP",-0.00204090698996665,"modern_HPP"
"3906","modern","HPP",-0.00618604527733155,"modern_HPP"
"3907","modern","HPP",-0.00368357240857664,"modern_HPP"
"3908","modern","HPP",0.0122323473612796,"modern_HPP"
"3909","modern","HPP",0.00332363853866408,"modern_HPP"
"3910","modern","HPP",0.00118675267702184,"modern_HPP"
"3911","modern","HPP",-0.0063274130107216,"modern_HPP"
"3912","modern","HPP",-0.00860058336766896,"modern_HPP"
"3913","modern","HPP",-0.00328404037600512,"modern_HPP"
"3914","modern","HPP",0.0168809096348588,"modern_HPP"
"3915","modern","HPP",0.0115256921101365,"modern_HPP"
"3916","modern","HPP",0.00321589485307029,"modern_HPP"
"3917","modern","HPP",-0.00669840423358177,"modern_HPP"
"3918","modern","HPP",-0.000640822077491694,"modern_HPP"
"3919","modern","HPP",-0.000879983188935587,"modern_HPP"
"3920","modern","HPP",-0.00116074693578841,"modern_HPP"
"3921","modern","HPP",0.000597581800947154,"modern_HPP"
"3922","modern","HPP",0.0119844608978652,"modern_HPP"
"3923","modern","HPP",-0.00221273484847897,"modern_HPP"
"3924","modern","HPP",-0.00144460254910526,"modern_HPP"
"3925","modern","HPP",0.00782886135892602,"modern_HPP"
"3926","modern","HPP",0.00307652504186568,"modern_HPP"
"3927","modern","HPP",0.00393396773821079,"modern_HPP"
"3928","modern","HPP",-0.00560434859539977,"modern_HPP"
"3929","modern","HPP",-0.00309512864516616,"modern_HPP"
"3930","modern","HPP",0.00557041012050547,"modern_HPP"
"3931","modern","HPP",0.000930442187605878,"modern_HPP"
"3932","modern","HPP",-0.0035902268638471,"modern_HPP"
"3933","modern","HPP",0.00366203415236115,"modern_HPP"
"3934","modern","HPP",0.00256761168256478,"modern_HPP"
"3935","modern","HPP",0.00170834792927687,"modern_HPP"
"3936","modern","HPP",0.0071090722258754,"modern_HPP"
"3937","modern","HPP",-0.00508547182742984,"modern_HPP"
"3938","modern","HPP",-0.00547017993244185,"modern_HPP"
"3939","modern","HPP",0.00415953642822915,"modern_HPP"
"3940","modern","HPP",0.0108882501239487,"modern_HPP"
"3941","modern","HPP",-0.000296675068126374,"modern_HPP"
"3942","modern","HPP",0.00230490129159087,"modern_HPP"
"3943","modern","HPP",-0.00113880254457129,"modern_HPP"
"3944","modern","HPP",-0.00272364612996531,"modern_HPP"
"3945","modern","HPP",0.00161686929544193,"modern_HPP"
"3946","modern","HPP",0.000264144964608698,"modern_HPP"
"3947","modern","HPP",-0.00268091024689054,"modern_HPP"
"3948","modern","HPP",0.00534470386863172,"modern_HPP"
"3949","modern","HPP",0.00145974745432735,"modern_HPP"
"3950","modern","HPP",-0.00379115233005686,"modern_HPP"
"3951","modern","HPP",-0.000572028048667159,"modern_HPP"
"3952","modern","HPP",-0.00150807751952135,"modern_HPP"
"3953","modern","HPP",-0.00262415615569498,"modern_HPP"
"3954","modern","HPP",-0.00559685474956324,"modern_HPP"
"3955","modern","HPP",-0.00365108815901076,"modern_HPP"
"3956","modern","HPP",-0.00478164354282314,"modern_HPP"
"3957","modern","HPP",0.00186005245351487,"modern_HPP"
"3958","modern","HPP",-0.0028847376131926,"modern_HPP"
"3959","modern","HPP",-0.000185741257600427,"modern_HPP"
"3960","modern","HPP",0.00591786516496472,"modern_HPP"
"3961","modern","HPP",0.00774040908590967,"modern_HPP"
"3962","modern","HPP",0.00444024777056564,"modern_HPP"
"3963","modern","HPP",-0.0010745546075392,"modern_HPP"
"3964","modern","HPP",0.000406298765743837,"modern_HPP"
"3965","modern","HPP",-0.00746626795980923,"modern_HPP"
"3966","modern","HPP",0.00604193940796277,"modern_HPP"
"3967","modern","HPP",-0.000621995754996768,"modern_HPP"
"3968","modern","HPP",0.00407141168343992,"modern_HPP"
"3969","modern","HPP",-0.00363915303041446,"modern_HPP"
"3970","modern","HPP",-0.00442600029268587,"modern_HPP"
"3971","modern","HPP",-0.00268175526971651,"modern_HPP"
"3972","modern","HPP",0.00166225160659184,"modern_HPP"
"3973","modern","HPP",0.00050941120220613,"modern_HPP"
"3974","modern","HPP",-0.00391127658263583,"modern_HPP"
"3975","modern","HPP",-0.0067230212551322,"modern_HPP"
"3976","modern","HPP",0.00977355365689354,"modern_HPP"
"3977","modern","HPP",0.00157987170690632,"modern_HPP"
"3978","modern","HPP",-0.00609426531752765,"modern_HPP"
"3979","modern","HPP",-0.00945618535537765,"modern_HPP"
"3980","modern","HPP",0.00255092739467522,"modern_HPP"
"3981","modern","HPP",0.00385450283974664,"modern_HPP"
"3982","modern","HPP",0.00246355596480837,"modern_HPP"
"3983","modern","HPP",-0.00510372170024503,"modern_HPP"
"3984","modern","HPP",0.002284384923444,"modern_HPP"
"3985","modern","HPP",-0.000250932475926629,"modern_HPP"
"3986","modern","HPP",-0.00657924946455508,"modern_HPP"
"3987","modern","HPP",-0.00482457594283419,"modern_HPP"
"3988","modern","HPP",-0.00267632485171084,"modern_HPP"
"3989","modern","HPP",-0.000675225642468504,"modern_HPP"
"3990","modern","HPP",-0.00528749778848273,"modern_HPP"
"3991","modern","HPP",0.00675515832477733,"modern_HPP"
"3992","modern","HPP",0.00514846860663433,"modern_HPP"
"3993","modern","HPP",-0.000875148872303278,"modern_HPP"
"3994","modern","HPP",-0.00557884724763612,"modern_HPP"
"3995","modern","HPP",-0.00014747941010813,"modern_HPP"
"3996","modern","HPP",0.00520184915709054,"modern_HPP"
"3997","modern","HPP",-0.00335206143821365,"modern_HPP"
"3998","modern","HPP",0.0019090048223404,"modern_HPP"
"3999","modern","HPP",-0.00138416704063686,"modern_HPP"
"4000","modern","HPP",-0.00758449909923544,"modern_HPP"
"4001","ancient","FAVEE",-0.00086076360061752,"ancient_FAVEE"
"4002","ancient","FAVEE",-0.00551672757692475,"ancient_FAVEE"
"4003","ancient","FAVEE",-0.0195708066929072,"ancient_FAVEE"
"4004","ancient","FAVEE",0.00811058039382487,"ancient_FAVEE"
"4005","ancient","FAVEE",-0.00366662714456826,"ancient_FAVEE"
"4006","ancient","FAVEE",6.50521219760276e-05,"ancient_FAVEE"
"4007","ancient","FAVEE",-0.00581974732429633,"ancient_FAVEE"
"4008","ancient","FAVEE",-0.0105762874697709,"ancient_FAVEE"
"4009","ancient","FAVEE",0.00838887141580569,"ancient_FAVEE"
"4010","ancient","FAVEE",0.00473033740814008,"ancient_FAVEE"
"4011","ancient","FAVEE",0.00305529622684141,"ancient_FAVEE"
"4012","ancient","FAVEE",0.0107040939746779,"ancient_FAVEE"
"4013","ancient","FAVEE",-0.00697020921228187,"ancient_FAVEE"
"4014","ancient","FAVEE",-0.0194995910244888,"ancient_FAVEE"
"4015","ancient","FAVEE",-0.00241415536181263,"ancient_FAVEE"
"4016","ancient","FAVEE",-0.00159707913319429,"ancient_FAVEE"
"4017","ancient","FAVEE",-0.00552614080029948,"ancient_FAVEE"
"4018","ancient","FAVEE",0.00534425169572953,"ancient_FAVEE"
"4019","ancient","FAVEE",-0.00567408081624735,"ancient_FAVEE"
"4020","ancient","FAVEE",0.00448343406130431,"ancient_FAVEE"
"4021","ancient","FAVEE",0.0230994142505957,"ancient_FAVEE"
"4022","ancient","FAVEE",-0.0121890731330429,"ancient_FAVEE"
"4023","ancient","FAVEE",-0.0135187191384591,"ancient_FAVEE"
"4024","ancient","FAVEE",-0.0170826548501813,"ancient_FAVEE"
"4025","ancient","FAVEE",-0.00967932988846227,"ancient_FAVEE"
"4026","ancient","FAVEE",0.0091585233351644,"ancient_FAVEE"
"4027","ancient","FAVEE",-0.00129049968208893,"ancient_FAVEE"
"4028","ancient","FAVEE",-0.00721080857092981,"ancient_FAVEE"
"4029","ancient","FAVEE",0.00642317796526391,"ancient_FAVEE"
"4030","ancient","FAVEE",0.00639308324430067,"ancient_FAVEE"
"4031","ancient","FAVEE",-0.0117637557906483,"ancient_FAVEE"
"4032","ancient","FAVEE",-0.00136741356003964,"ancient_FAVEE"
"4033","ancient","FAVEE",0.00149925249032074,"ancient_FAVEE"
"4034","ancient","FAVEE",-0.00885743031007661,"ancient_FAVEE"
"4035","ancient","FAVEE",-0.00101623534912927,"ancient_FAVEE"
"4036","ancient","FAVEE",-0.011442677608476,"ancient_FAVEE"
"4037","ancient","FAVEE",-0.000626553616101224,"ancient_FAVEE"
"4038","ancient","FAVEE",0.00870910777169392,"ancient_FAVEE"
"4039","ancient","FAVEE",-0.0138119057218565,"ancient_FAVEE"
"4040","ancient","FAVEE",0.0324656031243288,"ancient_FAVEE"
"4041","ancient","FAVEE",-0.0147066545105589,"ancient_FAVEE"
"4042","ancient","FAVEE",-0.00318232921421941,"ancient_FAVEE"
"4043","ancient","FAVEE",0.00289143641376157,"ancient_FAVEE"
"4044","ancient","FAVEE",0.0112458650849132,"ancient_FAVEE"
"4045","ancient","FAVEE",-0.0144481876321684,"ancient_FAVEE"
"4046","ancient","FAVEE",-0.0113756007517023,"ancient_FAVEE"
"4047","ancient","FAVEE",0.0163859527251217,"ancient_FAVEE"
"4048","ancient","FAVEE",0.00528408984763896,"ancient_FAVEE"
"4049","ancient","FAVEE",0.0151984574038243,"ancient_FAVEE"
"4050","ancient","FAVEE",-0.00624863798602122,"ancient_FAVEE"
"4051","ancient","FAVEE",0.0181511075611628,"ancient_FAVEE"
"4052","ancient","FAVEE",0.00775866229228235,"ancient_FAVEE"
"4053","ancient","FAVEE",-0.0152064909354041,"ancient_FAVEE"
"4054","ancient","FAVEE",0.0100196349741638,"ancient_FAVEE"
"4055","ancient","FAVEE",-0.00302139279827036,"ancient_FAVEE"
"4056","ancient","FAVEE",-0.0117186011320847,"ancient_FAVEE"
"4057","ancient","FAVEE",-0.019575442852949,"ancient_FAVEE"
"4058","ancient","FAVEE",0.0255797367297535,"ancient_FAVEE"
"4059","ancient","FAVEE",-0.014207310192271,"ancient_FAVEE"
"4060","ancient","FAVEE",0.00652380108021662,"ancient_FAVEE"
"4061","ancient","FAVEE",-0.00636079667604969,"ancient_FAVEE"
"4062","ancient","FAVEE",0.00499712473466201,"ancient_FAVEE"
"4063","ancient","FAVEE",0.00998861310690778,"ancient_FAVEE"
"4064","ancient","FAVEE",0.0170993703520006,"ancient_FAVEE"
"4065","ancient","FAVEE",-0.00655225022612732,"ancient_FAVEE"
"4066","ancient","FAVEE",0.00890230586539681,"ancient_FAVEE"
"4067","ancient","FAVEE",0.0152540633348798,"ancient_FAVEE"
"4068","ancient","FAVEE",-0.0110058342845615,"ancient_FAVEE"
"4069","ancient","FAVEE",0.00285445332189227,"ancient_FAVEE"
"4070","ancient","FAVEE",-0.00113423051457746,"ancient_FAVEE"
"4071","ancient","FAVEE",0.0172653976823193,"ancient_FAVEE"
"4072","ancient","FAVEE",-0.00923047816892895,"ancient_FAVEE"
"4073","ancient","FAVEE",0.0101242226672812,"ancient_FAVEE"
"4074","ancient","FAVEE",-0.00385274282039004,"ancient_FAVEE"
"4075","ancient","FAVEE",0.0032907769454136,"ancient_FAVEE"
"4076","ancient","FAVEE",0.00129807206363689,"ancient_FAVEE"
"4077","ancient","FAVEE",0.00992266133357227,"ancient_FAVEE"
"4078","ancient","FAVEE",0.00942469571805305,"ancient_FAVEE"
"4079","ancient","FAVEE",-0.00295318700085558,"ancient_FAVEE"
"4080","ancient","FAVEE",0.0248664916220422,"ancient_FAVEE"
"4081","ancient","FAVEE",0.0137754378138267,"ancient_FAVEE"
"4082","ancient","FAVEE",-0.00188443880176032,"ancient_FAVEE"
"4083","ancient","FAVEE",0.00260709855045078,"ancient_FAVEE"
"4084","ancient","FAVEE",-0.010867451329391,"ancient_FAVEE"
"4085","ancient","FAVEE",0.0044154569597553,"ancient_FAVEE"
"4086","ancient","FAVEE",-0.00385053188489324,"ancient_FAVEE"
"4087","ancient","FAVEE",-0.00653364433225979,"ancient_FAVEE"
"4088","ancient","FAVEE",0.0117442843668312,"ancient_FAVEE"
"4089","ancient","FAVEE",-0.00512895631318037,"ancient_FAVEE"
"4090","ancient","FAVEE",-0.00963473531553559,"ancient_FAVEE"
"4091","ancient","FAVEE",-0.00499495095358941,"ancient_FAVEE"
"4092","ancient","FAVEE",-0.00289895917915298,"ancient_FAVEE"
"4093","ancient","FAVEE",0.0133724726323755,"ancient_FAVEE"
"4094","ancient","FAVEE",0.00626564333850389,"ancient_FAVEE"
"4095","ancient","FAVEE",0.0045694028383736,"ancient_FAVEE"
"4096","ancient","FAVEE",0.022737482224025,"ancient_FAVEE"
"4097","ancient","FAVEE",-0.012487860770615,"ancient_FAVEE"
"4098","ancient","FAVEE",0.000803032779360039,"ancient_FAVEE"
"4099","ancient","FAVEE",0.0136409077098079,"ancient_FAVEE"
"4100","ancient","FAVEE",-0.00101827030386618,"ancient_FAVEE"
"4101","ancient","FAVEE",0.0111748958159327,"ancient_FAVEE"
"4102","ancient","FAVEE",-0.000692568291514271,"ancient_FAVEE"
"4103","ancient","FAVEE",-0.00921157665507752,"ancient_FAVEE"
"4104","ancient","FAVEE",0.0088866930950196,"ancient_FAVEE"
"4105","ancient","FAVEE",-0.00952857427925864,"ancient_FAVEE"
"4106","ancient","FAVEE",-0.0180961340795076,"ancient_FAVEE"
"4107","ancient","FAVEE",-9.60582307450793e-05,"ancient_FAVEE"
"4108","ancient","FAVEE",-0.00426456651328902,"ancient_FAVEE"
"4109","ancient","FAVEE",-0.0241867167493492,"ancient_FAVEE"
"4110","ancient","FAVEE",-0.00913410232884688,"ancient_FAVEE"
"4111","ancient","FAVEE",-0.00262264775939954,"ancient_FAVEE"
"4112","ancient","FAVEE",0.0108337115187501,"ancient_FAVEE"
"4113","ancient","FAVEE",0.000711160833525722,"ancient_FAVEE"
"4114","ancient","FAVEE",0.00889399065910512,"ancient_FAVEE"
"4115","ancient","FAVEE",-0.00792572394638547,"ancient_FAVEE"
"4116","ancient","FAVEE",0.00157686115930084,"ancient_FAVEE"
"4117","ancient","FAVEE",-0.0120471176497633,"ancient_FAVEE"
"4118","ancient","FAVEE",0.0301951100086135,"ancient_FAVEE"
"4119","ancient","FAVEE",0.000658034061920378,"ancient_FAVEE"
"4120","ancient","FAVEE",0.0209500517776819,"ancient_FAVEE"
"4121","ancient","FAVEE",0.0124251519818,"ancient_FAVEE"
"4122","ancient","FAVEE",-0.0227874661994817,"ancient_FAVEE"
"4123","ancient","FAVEE",-0.00227443491330587,"ancient_FAVEE"
"4124","ancient","FAVEE",0.0123816577336846,"ancient_FAVEE"
"4125","ancient","FAVEE",0.00418161357434917,"ancient_FAVEE"
"4126","ancient","FAVEE",0.00965538668078716,"ancient_FAVEE"
"4127","ancient","FAVEE",0.00191105218284632,"ancient_FAVEE"
"4128","ancient","FAVEE",0.0192989135836524,"ancient_FAVEE"
"4129","ancient","FAVEE",-0.00302792033938679,"ancient_FAVEE"
"4130","ancient","FAVEE",0.0148614699741348,"ancient_FAVEE"
"4131","ancient","FAVEE",-0.000349687022875183,"ancient_FAVEE"
"4132","ancient","FAVEE",5.54031147131733e-05,"ancient_FAVEE"
"4133","ancient","FAVEE",0.00782695786032455,"ancient_FAVEE"
"4134","ancient","FAVEE",-0.0104980081749726,"ancient_FAVEE"
"4135","ancient","FAVEE",0.00348889211561675,"ancient_FAVEE"
"4136","ancient","FAVEE",-0.0187358709226925,"ancient_FAVEE"
"4137","ancient","FAVEE",0.00902361984072106,"ancient_FAVEE"
"4138","ancient","FAVEE",-0.00250614737544903,"ancient_FAVEE"
"4139","ancient","FAVEE",0.00919724846512548,"ancient_FAVEE"
"4140","ancient","FAVEE",-0.00716590496022807,"ancient_FAVEE"
"4141","ancient","FAVEE",0.00904487962203182,"ancient_FAVEE"
"4142","ancient","FAVEE",0.00389058755203843,"ancient_FAVEE"
"4143","ancient","FAVEE",0.0154909364047846,"ancient_FAVEE"
"4144","ancient","FAVEE",-0.00325818470207724,"ancient_FAVEE"
"4145","ancient","FAVEE",-0.00755737828156935,"ancient_FAVEE"
"4146","ancient","FAVEE",0.0196387112328877,"ancient_FAVEE"
"4147","ancient","FAVEE",0.00313353530123381,"ancient_FAVEE"
"4148","ancient","FAVEE",0.011468536494307,"ancient_FAVEE"
"4149","ancient","FAVEE",-0.000157512373666549,"ancient_FAVEE"
"4150","ancient","FAVEE",0.0180632229081324,"ancient_FAVEE"
"4151","ancient","FAVEE",-0.0168559760707481,"ancient_FAVEE"
"4152","ancient","FAVEE",-0.00314634395106122,"ancient_FAVEE"
"4153","ancient","FAVEE",-0.00279363878232839,"ancient_FAVEE"
"4154","ancient","FAVEE",-0.0112742805709595,"ancient_FAVEE"
"4155","ancient","FAVEE",0.0111557654084102,"ancient_FAVEE"
"4156","ancient","FAVEE",-0.00622200607717444,"ancient_FAVEE"
"4157","ancient","FAVEE",-0.0138427295860319,"ancient_FAVEE"
"4158","ancient","FAVEE",-0.0234699822247119,"ancient_FAVEE"
"4159","ancient","FAVEE",-0.00213073831502577,"ancient_FAVEE"
"4160","ancient","FAVEE",-0.00997698644250276,"ancient_FAVEE"
"4161","ancient","FAVEE",0.00846059811415276,"ancient_FAVEE"
"4162","ancient","FAVEE",0.0149791349036759,"ancient_FAVEE"
"4163","ancient","FAVEE",0.0052411529818217,"ancient_FAVEE"
"4164","ancient","FAVEE",0.0159999716320861,"ancient_FAVEE"
"4165","ancient","FAVEE",0.0227324865528953,"ancient_FAVEE"
"4166","ancient","FAVEE",0.00537391236598373,"ancient_FAVEE"
"4167","ancient","FAVEE",0.00890099596589642,"ancient_FAVEE"
"4168","ancient","FAVEE",-0.00500261913882569,"ancient_FAVEE"
"4169","ancient","FAVEE",0.0167402764355195,"ancient_FAVEE"
"4170","ancient","FAVEE",-0.00431439066208334,"ancient_FAVEE"
"4171","ancient","FAVEE",0.0172611407479577,"ancient_FAVEE"
"4172","ancient","FAVEE",-0.0130033879011158,"ancient_FAVEE"
"4173","ancient","FAVEE",0.00567854894070783,"ancient_FAVEE"
"4174","ancient","FAVEE",0.0212070542376844,"ancient_FAVEE"
"4175","ancient","FAVEE",0.0112025104873221,"ancient_FAVEE"
"4176","ancient","FAVEE",-0.00921960959324141,"ancient_FAVEE"
"4177","ancient","FAVEE",-0.0253221916569134,"ancient_FAVEE"
"4178","ancient","FAVEE",0.00715403397334054,"ancient_FAVEE"
"4179","ancient","FAVEE",0.0293244517265812,"ancient_FAVEE"
"4180","ancient","FAVEE",0.00314129503734499,"ancient_FAVEE"
"4181","ancient","FAVEE",-7.70378359232147e-05,"ancient_FAVEE"
"4182","ancient","FAVEE",-0.00296709346996075,"ancient_FAVEE"
"4183","ancient","FAVEE",0.00763046825387359,"ancient_FAVEE"
"4184","ancient","FAVEE",0.000639060316175931,"ancient_FAVEE"
"4185","ancient","FAVEE",-0.00778947656290193,"ancient_FAVEE"
"4186","ancient","FAVEE",-0.00809000238136288,"ancient_FAVEE"
"4187","ancient","FAVEE",0.02719157352112,"ancient_FAVEE"
"4188","ancient","FAVEE",-0.0102238034803034,"ancient_FAVEE"
"4189","ancient","FAVEE",0.0251986227673861,"ancient_FAVEE"
"4190","ancient","FAVEE",-0.0117496945059477,"ancient_FAVEE"
"4191","ancient","FAVEE",-0.0153143912734665,"ancient_FAVEE"
"4192","ancient","FAVEE",-0.0168382938945486,"ancient_FAVEE"
"4193","ancient","FAVEE",0.00149415544398753,"ancient_FAVEE"
"4194","ancient","FAVEE",0.0037470336372969,"ancient_FAVEE"
"4195","ancient","FAVEE",-0.0020640995310017,"ancient_FAVEE"
"4196","ancient","FAVEE",0.0106784970489664,"ancient_FAVEE"
"4197","ancient","FAVEE",-0.00707558084067275,"ancient_FAVEE"
"4198","ancient","FAVEE",-0.00829190769844551,"ancient_FAVEE"
"4199","ancient","FAVEE",-0.0119884681219048,"ancient_FAVEE"
"4200","ancient","FAVEE",0.00913779667203804,"ancient_FAVEE"
"4201","ancient","FAVEE",0.0333765967371979,"ancient_FAVEE"
"4202","ancient","FAVEE",-0.00113464003743237,"ancient_FAVEE"
"4203","ancient","FAVEE",0.0120621080588094,"ancient_FAVEE"
"4204","ancient","FAVEE",-0.00990353857452045,"ancient_FAVEE"
"4205","ancient","FAVEE",0.0188863917700019,"ancient_FAVEE"
"4206","ancient","FAVEE",0.00930730913350178,"ancient_FAVEE"
"4207","ancient","FAVEE",-0.00391847163421278,"ancient_FAVEE"
"4208","ancient","FAVEE",-0.00369171310628616,"ancient_FAVEE"
"4209","ancient","FAVEE",0.000350908404514896,"ancient_FAVEE"
"4210","ancient","FAVEE",0.0295655235760967,"ancient_FAVEE"
"4211","ancient","FAVEE",-0.00323384525746822,"ancient_FAVEE"
"4212","ancient","FAVEE",0.00735256173238036,"ancient_FAVEE"
"4213","ancient","FAVEE",-0.000793945539078957,"ancient_FAVEE"
"4214","ancient","FAVEE",-0.0200371477944318,"ancient_FAVEE"
"4215","ancient","FAVEE",-0.00508652081780084,"ancient_FAVEE"
"4216","ancient","FAVEE",0.0107251391702325,"ancient_FAVEE"
"4217","ancient","FAVEE",-0.0171544597475472,"ancient_FAVEE"
"4218","ancient","FAVEE",-0.00216991252889681,"ancient_FAVEE"
"4219","ancient","FAVEE",-0.00325254639457579,"ancient_FAVEE"
"4220","ancient","FAVEE",-0.0223075197214485,"ancient_FAVEE"
"4221","ancient","FAVEE",0.0178690168976493,"ancient_FAVEE"
"4222","ancient","FAVEE",0.0118992184806048,"ancient_FAVEE"
"4223","ancient","FAVEE",2.70271237867742e-05,"ancient_FAVEE"
"4224","ancient","FAVEE",0.00967743652933491,"ancient_FAVEE"
"4225","ancient","FAVEE",-0.00591299177500066,"ancient_FAVEE"
"4226","ancient","FAVEE",-0.0079267368082975,"ancient_FAVEE"
"4227","ancient","FAVEE",-0.0211011653155312,"ancient_FAVEE"
"4228","ancient","FAVEE",0.0302943162114118,"ancient_FAVEE"
"4229","ancient","FAVEE",-0.0126195973696336,"ancient_FAVEE"
"4230","ancient","FAVEE",-0.00594268297320234,"ancient_FAVEE"
"4231","ancient","FAVEE",0.00923425202984077,"ancient_FAVEE"
"4232","ancient","FAVEE",-0.00732272069668266,"ancient_FAVEE"
"4233","ancient","FAVEE",-0.0124153725549256,"ancient_FAVEE"
"4234","ancient","FAVEE",-0.00106556363306603,"ancient_FAVEE"
"4235","ancient","FAVEE",0.00378228843854107,"ancient_FAVEE"
"4236","ancient","FAVEE",0.00910814101285081,"ancient_FAVEE"
"4237","ancient","FAVEE",-0.00024374756147408,"ancient_FAVEE"
"4238","ancient","FAVEE",0.0165254823245054,"ancient_FAVEE"
"4239","ancient","FAVEE",0.0232823406130616,"ancient_FAVEE"
"4240","ancient","FAVEE",-0.000434924414939152,"ancient_FAVEE"
"4241","ancient","FAVEE",-0.00831701861659563,"ancient_FAVEE"
"4242","ancient","FAVEE",-0.0113103331538464,"ancient_FAVEE"
"4243","ancient","FAVEE",0.0120796551669735,"ancient_FAVEE"
"4244","ancient","FAVEE",0.00549260657527473,"ancient_FAVEE"
"4245","ancient","FAVEE",-0.00219172356054221,"ancient_FAVEE"
"4246","ancient","FAVEE",-0.0108025442646168,"ancient_FAVEE"
"4247","ancient","FAVEE",0.000983884065585734,"ancient_FAVEE"
"4248","ancient","FAVEE",-0.00301425169815759,"ancient_FAVEE"
"4249","ancient","FAVEE",0.0059130626552243,"ancient_FAVEE"
"4250","ancient","FAVEE",0.00678365661757455,"ancient_FAVEE"
"4251","ancient","FAVEE",-0.0205013772916753,"ancient_FAVEE"
"4252","ancient","FAVEE",0.000536923727127022,"ancient_FAVEE"
"4253","ancient","FAVEE",0.0015154587754264,"ancient_FAVEE"
"4254","ancient","FAVEE",0.00906309287242794,"ancient_FAVEE"
"4255","ancient","FAVEE",-0.0043941957938076,"ancient_FAVEE"
"4256","ancient","FAVEE",-0.0110997758669909,"ancient_FAVEE"
"4257","ancient","FAVEE",-0.00980720262516889,"ancient_FAVEE"
"4258","ancient","FAVEE",-0.00596874734574682,"ancient_FAVEE"
"4259","ancient","FAVEE",0.0050261631095202,"ancient_FAVEE"
"4260","ancient","FAVEE",-0.0100848104277289,"ancient_FAVEE"
"4261","ancient","FAVEE",0.000795368682099446,"ancient_FAVEE"
"4262","ancient","FAVEE",-0.00972072219178757,"ancient_FAVEE"
"4263","ancient","FAVEE",0.00759429553724953,"ancient_FAVEE"
"4264","ancient","FAVEE",-0.0086596228589467,"ancient_FAVEE"
"4265","ancient","FAVEE",-0.0152087334208423,"ancient_FAVEE"
"4266","ancient","FAVEE",0.00196825582007765,"ancient_FAVEE"
"4267","ancient","FAVEE",-0.00701430112903653,"ancient_FAVEE"
"4268","ancient","FAVEE",-0.00262111572457501,"ancient_FAVEE"
"4269","ancient","FAVEE",0.00920611597671328,"ancient_FAVEE"
"4270","ancient","FAVEE",-0.00624457490082941,"ancient_FAVEE"
"4271","ancient","FAVEE",0.0270094994356501,"ancient_FAVEE"
"4272","ancient","FAVEE",0.000892786923014657,"ancient_FAVEE"
"4273","ancient","FAVEE",-0.012074803300279,"ancient_FAVEE"
"4274","ancient","FAVEE",0.0046414005299478,"ancient_FAVEE"
"4275","ancient","FAVEE",0.0303381251017851,"ancient_FAVEE"
"4276","ancient","FAVEE",-0.00541210807012554,"ancient_FAVEE"
"4277","ancient","FAVEE",-0.00815611417916608,"ancient_FAVEE"
"4278","ancient","FAVEE",-0.00379095689208685,"ancient_FAVEE"
"4279","ancient","FAVEE",0.00483050065879533,"ancient_FAVEE"
"4280","ancient","FAVEE",-0.00174686826582294,"ancient_FAVEE"
"4281","ancient","FAVEE",0.0149890409259265,"ancient_FAVEE"
"4282","ancient","FAVEE",0.00157813120103827,"ancient_FAVEE"
"4283","ancient","FAVEE",-0.0181915643114712,"ancient_FAVEE"
"4284","ancient","FAVEE",0.000939368944444627,"ancient_FAVEE"
"4285","ancient","FAVEE",-0.00709848784541334,"ancient_FAVEE"
"4286","ancient","FAVEE",-0.000688881695696391,"ancient_FAVEE"
"4287","ancient","FAVEE",0.00155505873218491,"ancient_FAVEE"
"4288","ancient","FAVEE",0.00138696862252056,"ancient_FAVEE"
"4289","ancient","FAVEE",0.0101060561648651,"ancient_FAVEE"
"4290","ancient","FAVEE",0.026132157774912,"ancient_FAVEE"
"4291","ancient","FAVEE",-0.0074943304874801,"ancient_FAVEE"
"4292","ancient","FAVEE",0.000799331974529885,"ancient_FAVEE"
"4293","ancient","FAVEE",-0.0166055630649132,"ancient_FAVEE"
"4294","ancient","FAVEE",-0.00988768458061005,"ancient_FAVEE"
"4295","ancient","FAVEE",-5.88073435006024e-05,"ancient_FAVEE"
"4296","ancient","FAVEE",-0.0163409986740748,"ancient_FAVEE"
"4297","ancient","FAVEE",-5.07167121314317e-05,"ancient_FAVEE"
"4298","ancient","FAVEE",-0.00185686032873627,"ancient_FAVEE"
"4299","ancient","FAVEE",-0.0084805921724746,"ancient_FAVEE"
"4300","ancient","FAVEE",-0.0019250461148507,"ancient_FAVEE"
"4301","ancient","FAVEE",-0.00926687213075341,"ancient_FAVEE"
"4302","ancient","FAVEE",0.0155839399286637,"ancient_FAVEE"
"4303","ancient","FAVEE",0.0255350403860127,"ancient_FAVEE"
"4304","ancient","FAVEE",-0.00706206698207145,"ancient_FAVEE"
"4305","ancient","FAVEE",-0.00362397116224189,"ancient_FAVEE"
"4306","ancient","FAVEE",-0.00928481076149235,"ancient_FAVEE"
"4307","ancient","FAVEE",0.0148114534926778,"ancient_FAVEE"
"4308","ancient","FAVEE",-0.0247109831476844,"ancient_FAVEE"
"4309","ancient","FAVEE",-0.00524110451952926,"ancient_FAVEE"
"4310","ancient","FAVEE",-0.0133174039404477,"ancient_FAVEE"
"4311","ancient","FAVEE",0.000415279219187795,"ancient_FAVEE"
"4312","ancient","FAVEE",-0.0117236997278925,"ancient_FAVEE"
"4313","ancient","FAVEE",0.00942277357825814,"ancient_FAVEE"
"4314","ancient","FAVEE",0.017088619964965,"ancient_FAVEE"
"4315","ancient","FAVEE",-0.00448180299197197,"ancient_FAVEE"
"4316","ancient","FAVEE",0.00795687718931178,"ancient_FAVEE"
"4317","ancient","FAVEE",0.00353266843405471,"ancient_FAVEE"
"4318","ancient","FAVEE",-0.0165912116658089,"ancient_FAVEE"
"4319","ancient","FAVEE",-0.0137875552660872,"ancient_FAVEE"
"4320","ancient","FAVEE",0.0300470806835838,"ancient_FAVEE"
"4321","ancient","FAVEE",0.00167272498042787,"ancient_FAVEE"
"4322","ancient","FAVEE",-0.010467478480209,"ancient_FAVEE"
"4323","ancient","FAVEE",-0.00301259583723074,"ancient_FAVEE"
"4324","ancient","FAVEE",0.0141766057035792,"ancient_FAVEE"
"4325","ancient","FAVEE",0.0191495786119358,"ancient_FAVEE"
"4326","ancient","FAVEE",0.00815705695207557,"ancient_FAVEE"
"4327","ancient","FAVEE",-0.00349508727793563,"ancient_FAVEE"
"4328","ancient","FAVEE",0.0189180406140454,"ancient_FAVEE"
"4329","ancient","FAVEE",0.00644841897335007,"ancient_FAVEE"
"4330","ancient","FAVEE",0.00843955756702209,"ancient_FAVEE"
"4331","ancient","FAVEE",-0.00619066574342527,"ancient_FAVEE"
"4332","ancient","FAVEE",-0.0139092342910469,"ancient_FAVEE"
"4333","ancient","FAVEE",-0.00201465503646572,"ancient_FAVEE"
"4334","ancient","FAVEE",0.0109623793996958,"ancient_FAVEE"
"4335","ancient","FAVEE",0.00536971124567732,"ancient_FAVEE"
"4336","ancient","FAVEE",-0.0122575267804676,"ancient_FAVEE"
"4337","ancient","FAVEE",0.0148000745464125,"ancient_FAVEE"
"4338","ancient","FAVEE",-0.00573488348749471,"ancient_FAVEE"
"4339","ancient","FAVEE",-0.0128646287203118,"ancient_FAVEE"
"4340","ancient","FAVEE",-0.0100962626608487,"ancient_FAVEE"
"4341","ancient","FAVEE",-0.0193954264038876,"ancient_FAVEE"
"4342","ancient","FAVEE",0.00138912845832126,"ancient_FAVEE"
"4343","ancient","FAVEE",-0.00754146590213519,"ancient_FAVEE"
"4344","ancient","FAVEE",0.0238345076103116,"ancient_FAVEE"
"4345","ancient","FAVEE",-0.000871647671051626,"ancient_FAVEE"
"4346","ancient","FAVEE",-0.000969868309065978,"ancient_FAVEE"
"4347","ancient","FAVEE",-0.00842065321796172,"ancient_FAVEE"
"4348","ancient","FAVEE",0.0100974789984539,"ancient_FAVEE"
"4349","ancient","FAVEE",-0.0120845231877655,"ancient_FAVEE"
"4350","ancient","FAVEE",-0.0115494043678403,"ancient_FAVEE"
"4351","ancient","FAVEE",0.00143396600206106,"ancient_FAVEE"
"4352","ancient","FAVEE",-0.00823918435069908,"ancient_FAVEE"
"4353","ancient","FAVEE",0.00988838204201065,"ancient_FAVEE"
"4354","ancient","FAVEE",0.00787500495949337,"ancient_FAVEE"
"4355","ancient","FAVEE",-0.0183935205963798,"ancient_FAVEE"
"4356","ancient","FAVEE",0.0197422036452284,"ancient_FAVEE"
"4357","ancient","FAVEE",-0.00494098261944042,"ancient_FAVEE"
"4358","ancient","FAVEE",-0.00636310634934641,"ancient_FAVEE"
"4359","ancient","FAVEE",-0.00628393475495129,"ancient_FAVEE"
"4360","ancient","FAVEE",-0.000560646711595655,"ancient_FAVEE"
"4361","ancient","FAVEE",-0.00172715248655586,"ancient_FAVEE"
"4362","ancient","FAVEE",-0.0153984779333416,"ancient_FAVEE"
"4363","ancient","FAVEE",-0.00388022872054527,"ancient_FAVEE"
"4364","ancient","FAVEE",0.0154020527032438,"ancient_FAVEE"
"4365","ancient","FAVEE",-0.0162257426501435,"ancient_FAVEE"
"4366","ancient","FAVEE",-0.0306824169198422,"ancient_FAVEE"
"4367","ancient","FAVEE",0.000221629898684463,"ancient_FAVEE"
"4368","ancient","FAVEE",-0.00126464402707741,"ancient_FAVEE"
"4369","ancient","FAVEE",-0.017526257246287,"ancient_FAVEE"
"4370","ancient","FAVEE",-0.0129597726291395,"ancient_FAVEE"
"4371","ancient","FAVEE",-0.0132877430064531,"ancient_FAVEE"
"4372","ancient","FAVEE",-0.0119701169023292,"ancient_FAVEE"
"4373","ancient","FAVEE",0.000110306935944014,"ancient_FAVEE"
"4374","ancient","FAVEE",0.0165174547600515,"ancient_FAVEE"
"4375","ancient","FAVEE",0.00861857341809854,"ancient_FAVEE"
"4376","ancient","FAVEE",-0.00354693055704482,"ancient_FAVEE"
"4377","ancient","FAVEE",0.00793730043418566,"ancient_FAVEE"
"4378","ancient","FAVEE",-0.0133783946585767,"ancient_FAVEE"
"4379","ancient","FAVEE",-0.00246058177642605,"ancient_FAVEE"
"4380","ancient","FAVEE",-0.00380541250160372,"ancient_FAVEE"
"4381","ancient","FAVEE",0.0144564699698169,"ancient_FAVEE"
"4382","ancient","FAVEE",0.000615257550246272,"ancient_FAVEE"
"4383","ancient","FAVEE",0.0113351082975418,"ancient_FAVEE"
"4384","ancient","FAVEE",-0.00427978937650113,"ancient_FAVEE"
"4385","ancient","FAVEE",0.0014912384095931,"ancient_FAVEE"
"4386","ancient","FAVEE",0.00463050501977527,"ancient_FAVEE"
"4387","ancient","FAVEE",-0.00268708101460433,"ancient_FAVEE"
"4388","ancient","FAVEE",-0.0148558749859887,"ancient_FAVEE"
"4389","ancient","FAVEE",0.0033326792237061,"ancient_FAVEE"
"4390","ancient","FAVEE",0.000160051698887852,"ancient_FAVEE"
"4391","ancient","FAVEE",0.00755588745617717,"ancient_FAVEE"
"4392","ancient","FAVEE",0.019932156413715,"ancient_FAVEE"
"4393","ancient","FAVEE",-0.00840858185433034,"ancient_FAVEE"
"4394","ancient","FAVEE",0.00223199612117174,"ancient_FAVEE"
"4395","ancient","FAVEE",0.00769792849023833,"ancient_FAVEE"
"4396","ancient","FAVEE",-0.00348249113690895,"ancient_FAVEE"
"4397","ancient","FAVEE",0.00200322564985524,"ancient_FAVEE"
"4398","ancient","FAVEE",-0.0081372295117306,"ancient_FAVEE"
"4399","ancient","FAVEE",0.0155717543324858,"ancient_FAVEE"
"4400","ancient","FAVEE",-0.00680182977943488,"ancient_FAVEE"
"4401","ancient","FAVEE",-0.0211447283339473,"ancient_FAVEE"
"4402","ancient","FAVEE",0.0250377078133094,"ancient_FAVEE"
"4403","ancient","FAVEE",-0.00236600540390067,"ancient_FAVEE"
"4404","ancient","FAVEE",-0.0034982343598652,"ancient_FAVEE"
"4405","ancient","FAVEE",-0.0149016381924816,"ancient_FAVEE"
"4406","ancient","FAVEE",0.00238707750097274,"ancient_FAVEE"
"4407","ancient","FAVEE",0.0152532684873486,"ancient_FAVEE"
"4408","ancient","FAVEE",0.0105508116338555,"ancient_FAVEE"
"4409","ancient","FAVEE",0.0123854708919111,"ancient_FAVEE"
"4410","ancient","FAVEE",0.0267237131432111,"ancient_FAVEE"
"4411","ancient","FAVEE",-0.0183103208623915,"ancient_FAVEE"
"4412","ancient","FAVEE",-0.00373049200631456,"ancient_FAVEE"
"4413","ancient","FAVEE",0.00271542397204976,"ancient_FAVEE"
"4414","ancient","FAVEE",0.00745784965617226,"ancient_FAVEE"
"4415","ancient","FAVEE",-0.0135860766809184,"ancient_FAVEE"
"4416","ancient","FAVEE",-2.6407235021618e-05,"ancient_FAVEE"
"4417","ancient","FAVEE",0.000374190019479305,"ancient_FAVEE"
"4418","ancient","FAVEE",-0.0290292846508326,"ancient_FAVEE"
"4419","ancient","FAVEE",0.000379012973636076,"ancient_FAVEE"
"4420","ancient","FAVEE",0.0115241593377135,"ancient_FAVEE"
"4421","ancient","FAVEE",0.0113305958646996,"ancient_FAVEE"
"4422","ancient","FAVEE",0.00600809088093349,"ancient_FAVEE"
"4423","ancient","FAVEE",-0.0204645055971435,"ancient_FAVEE"
"4424","ancient","FAVEE",-0.00424749051135553,"ancient_FAVEE"
"4425","ancient","FAVEE",0.0139281231783283,"ancient_FAVEE"
"4426","ancient","FAVEE",0.0077824455084573,"ancient_FAVEE"
"4427","ancient","FAVEE",-0.00313758022130784,"ancient_FAVEE"
"4428","ancient","FAVEE",0.00352510159105446,"ancient_FAVEE"
"4429","ancient","FAVEE",-0.00145285086730182,"ancient_FAVEE"
"4430","ancient","FAVEE",-0.00475208461461666,"ancient_FAVEE"
"4431","ancient","FAVEE",0.000101348203156767,"ancient_FAVEE"
"4432","ancient","FAVEE",0.00945957989814644,"ancient_FAVEE"
"4433","ancient","FAVEE",-0.000640996203437471,"ancient_FAVEE"
"4434","ancient","FAVEE",0.0166101115972181,"ancient_FAVEE"
"4435","ancient","FAVEE",-0.00452064795896231,"ancient_FAVEE"
"4436","ancient","FAVEE",-0.0127469577247422,"ancient_FAVEE"
"4437","ancient","FAVEE",-0.0162617923648539,"ancient_FAVEE"
"4438","ancient","FAVEE",-0.00458289058667856,"ancient_FAVEE"
"4439","ancient","FAVEE",5.2371649966994e-05,"ancient_FAVEE"
"4440","ancient","FAVEE",-0.00747629925090478,"ancient_FAVEE"
"4441","ancient","FAVEE",-0.0160861786326419,"ancient_FAVEE"
"4442","ancient","FAVEE",0.00101562083407409,"ancient_FAVEE"
"4443","ancient","FAVEE",0.00116435062055103,"ancient_FAVEE"
"4444","ancient","FAVEE",0.0044158948676672,"ancient_FAVEE"
"4445","ancient","FAVEE",0.00840156669024282,"ancient_FAVEE"
"4446","ancient","FAVEE",-0.00142618397988886,"ancient_FAVEE"
"4447","ancient","FAVEE",0.0245751207921691,"ancient_FAVEE"
"4448","ancient","FAVEE",-0.000703853148403623,"ancient_FAVEE"
"4449","ancient","FAVEE",-0.0127461849654668,"ancient_FAVEE"
"4450","ancient","FAVEE",0.00335746926873218,"ancient_FAVEE"
"4451","ancient","FAVEE",0.00218138638872669,"ancient_FAVEE"
"4452","ancient","FAVEE",0.0110828080315755,"ancient_FAVEE"
"4453","ancient","FAVEE",0.016177176246192,"ancient_FAVEE"
"4454","ancient","FAVEE",-0.00583520702635802,"ancient_FAVEE"
"4455","ancient","FAVEE",-0.00537713913047169,"ancient_FAVEE"
"4456","ancient","FAVEE",-0.00923514871412113,"ancient_FAVEE"
"4457","ancient","FAVEE",-0.00528678830720422,"ancient_FAVEE"
"4458","ancient","FAVEE",8.02397099140407e-05,"ancient_FAVEE"
"4459","ancient","FAVEE",-0.00322445728723363,"ancient_FAVEE"
"4460","ancient","FAVEE",0.00409874559277505,"ancient_FAVEE"
"4461","ancient","FAVEE",0.0211587792998061,"ancient_FAVEE"
"4462","ancient","FAVEE",0.00137605214498886,"ancient_FAVEE"
"4463","ancient","FAVEE",0.00126727243060767,"ancient_FAVEE"
"4464","ancient","FAVEE",-0.00480305840767086,"ancient_FAVEE"
"4465","ancient","FAVEE",-0.00647995084854079,"ancient_FAVEE"
"4466","ancient","FAVEE",0.00770973238816999,"ancient_FAVEE"
"4467","ancient","FAVEE",0.000930457223377802,"ancient_FAVEE"
"4468","ancient","FAVEE",0.0151803922766119,"ancient_FAVEE"
"4469","ancient","FAVEE",0.01630967225263,"ancient_FAVEE"
"4470","ancient","FAVEE",0.000546821012977889,"ancient_FAVEE"
"4471","ancient","FAVEE",-0.00674186161567635,"ancient_FAVEE"
"4472","ancient","FAVEE",-0.00956329536890257,"ancient_FAVEE"
"4473","ancient","FAVEE",0.0081144229591023,"ancient_FAVEE"
"4474","ancient","FAVEE",-0.00197522074162525,"ancient_FAVEE"
"4475","ancient","FAVEE",-0.00379567009728339,"ancient_FAVEE"
"4476","ancient","FAVEE",-0.0134439268209883,"ancient_FAVEE"
"4477","ancient","FAVEE",-0.0115978905617526,"ancient_FAVEE"
"4478","ancient","FAVEE",-0.00355501574876892,"ancient_FAVEE"
"4479","ancient","FAVEE",0.00130025303163449,"ancient_FAVEE"
"4480","ancient","FAVEE",-0.0120453214459937,"ancient_FAVEE"
"4481","ancient","FAVEE",-0.0044222022844798,"ancient_FAVEE"
"4482","ancient","FAVEE",0.00833143008256857,"ancient_FAVEE"
"4483","ancient","FAVEE",0.00424984089957141,"ancient_FAVEE"
"4484","ancient","FAVEE",0.0068894949345449,"ancient_FAVEE"
"4485","ancient","FAVEE",-0.00249485447447849,"ancient_FAVEE"
"4486","ancient","FAVEE",0.0202470185321443,"ancient_FAVEE"
"4487","ancient","FAVEE",0.00870367050028725,"ancient_FAVEE"
"4488","ancient","FAVEE",0.02660496493308,"ancient_FAVEE"
"4489","ancient","FAVEE",-0.00154090856698061,"ancient_FAVEE"
"4490","ancient","FAVEE",0.0203149764136141,"ancient_FAVEE"
"4491","ancient","FAVEE",0.021583095879378,"ancient_FAVEE"
"4492","ancient","FAVEE",0.00531255320256193,"ancient_FAVEE"
"4493","ancient","FAVEE",-0.0113782392433016,"ancient_FAVEE"
"4494","ancient","FAVEE",-0.0117718343558956,"ancient_FAVEE"
"4495","ancient","FAVEE",-0.00666534446917274,"ancient_FAVEE"
"4496","ancient","FAVEE",0.00960784342462201,"ancient_FAVEE"
"4497","ancient","FAVEE",0.001323154234087,"ancient_FAVEE"
"4498","ancient","FAVEE",-0.0120014000044187,"ancient_FAVEE"
"4499","ancient","FAVEE",0.00247358341826703,"ancient_FAVEE"
"4500","ancient","FAVEE",0.00724227642314644,"ancient_FAVEE"
"4501","ancient","FAVEE",-0.00699837819998769,"ancient_FAVEE"
"4502","ancient","FAVEE",-0.00523223110675074,"ancient_FAVEE"
"4503","ancient","FAVEE",-0.0156530658832514,"ancient_FAVEE"
"4504","ancient","FAVEE",-0.00304902619522584,"ancient_FAVEE"
"4505","ancient","FAVEE",0.00238012721701552,"ancient_FAVEE"
"4506","ancient","FAVEE",-0.0114700252757114,"ancient_FAVEE"
"4507","ancient","FAVEE",0.00580895088159917,"ancient_FAVEE"
"4508","ancient","FAVEE",0.00292614570102408,"ancient_FAVEE"
"4509","ancient","FAVEE",0.00127034876418379,"ancient_FAVEE"
"4510","ancient","FAVEE",-0.00870900293489803,"ancient_FAVEE"
"4511","ancient","FAVEE",0.00086274580728102,"ancient_FAVEE"
"4512","ancient","FAVEE",0.00859041633167677,"ancient_FAVEE"
"4513","ancient","FAVEE",-0.0111564265395753,"ancient_FAVEE"
"4514","ancient","FAVEE",-0.0172679174577859,"ancient_FAVEE"
"4515","ancient","FAVEE",0.00964001882630829,"ancient_FAVEE"
"4516","ancient","FAVEE",-0.00447733753788271,"ancient_FAVEE"
"4517","ancient","FAVEE",-0.00452097516185516,"ancient_FAVEE"
"4518","ancient","FAVEE",-0.00726485958768386,"ancient_FAVEE"
"4519","ancient","FAVEE",-0.00563187091778426,"ancient_FAVEE"
"4520","ancient","FAVEE",-0.0127808704171937,"ancient_FAVEE"
"4521","ancient","FAVEE",-0.0214567335507858,"ancient_FAVEE"
"4522","ancient","FAVEE",-0.00581287392065609,"ancient_FAVEE"
"4523","ancient","FAVEE",-0.0013330225084975,"ancient_FAVEE"
"4524","ancient","FAVEE",-0.01065093486191,"ancient_FAVEE"
"4525","ancient","FAVEE",-0.008349802005763,"ancient_FAVEE"
"4526","ancient","FAVEE",-0.00208625016133719,"ancient_FAVEE"
"4527","ancient","FAVEE",0.0150700516148684,"ancient_FAVEE"
"4528","ancient","FAVEE",0.00684526356507117,"ancient_FAVEE"
"4529","ancient","FAVEE",-0.0206677503196801,"ancient_FAVEE"
"4530","ancient","FAVEE",0.00254556937339489,"ancient_FAVEE"
"4531","ancient","FAVEE",0.000311583891602198,"ancient_FAVEE"
"4532","ancient","FAVEE",0.00383692693696268,"ancient_FAVEE"
"4533","ancient","FAVEE",0.00843382589543072,"ancient_FAVEE"
"4534","ancient","FAVEE",0.00532021238765819,"ancient_FAVEE"
"4535","ancient","FAVEE",-0.0232133820676718,"ancient_FAVEE"
"4536","ancient","FAVEE",-0.00598933323745228,"ancient_FAVEE"
"4537","ancient","FAVEE",-0.012048921765744,"ancient_FAVEE"
"4538","ancient","FAVEE",0.0135472982094681,"ancient_FAVEE"
"4539","ancient","FAVEE",0.00316605907097738,"ancient_FAVEE"
"4540","ancient","FAVEE",-0.0264697753792411,"ancient_FAVEE"
"4541","ancient","FAVEE",0.00596665769785131,"ancient_FAVEE"
"4542","ancient","FAVEE",0.00187393494603283,"ancient_FAVEE"
"4543","ancient","FAVEE",-0.00599731814190182,"ancient_FAVEE"
"4544","ancient","FAVEE",-0.0119528880298855,"ancient_FAVEE"
"4545","ancient","FAVEE",-0.00234185314901715,"ancient_FAVEE"
"4546","ancient","FAVEE",-0.00648417385929766,"ancient_FAVEE"
"4547","ancient","FAVEE",0.00592436482007524,"ancient_FAVEE"
"4548","ancient","FAVEE",0.0034915945972226,"ancient_FAVEE"
"4549","ancient","FAVEE",0.000665790006763788,"ancient_FAVEE"
"4550","ancient","FAVEE",0.00890403214500165,"ancient_FAVEE"
"4551","ancient","FAVEE",-0.00905682030231134,"ancient_FAVEE"
"4552","ancient","FAVEE",-0.00176737691456841,"ancient_FAVEE"
"4553","ancient","FAVEE",0.030560333350127,"ancient_FAVEE"
"4554","ancient","FAVEE",0.00462793658421096,"ancient_FAVEE"
"4555","ancient","FAVEE",-0.0102053680286481,"ancient_FAVEE"
"4556","ancient","FAVEE",-0.00559580537865185,"ancient_FAVEE"
"4557","ancient","FAVEE",0.00213219567835889,"ancient_FAVEE"
"4558","ancient","FAVEE",0.0101054289573048,"ancient_FAVEE"
"4559","ancient","FAVEE",-0.00257575735954542,"ancient_FAVEE"
"4560","ancient","FAVEE",-0.00991625270639382,"ancient_FAVEE"
"4561","ancient","FAVEE",-0.0167519248255372,"ancient_FAVEE"
"4562","ancient","FAVEE",-0.00954198676265636,"ancient_FAVEE"
"4563","ancient","FAVEE",-0.00142092519477557,"ancient_FAVEE"
"4564","ancient","FAVEE",-0.0046132937190335,"ancient_FAVEE"
"4565","ancient","FAVEE",-0.00794283674010016,"ancient_FAVEE"
"4566","ancient","FAVEE",-0.00720989276547285,"ancient_FAVEE"
"4567","ancient","FAVEE",0.00140583855346304,"ancient_FAVEE"
"4568","ancient","FAVEE",0.0137560026872776,"ancient_FAVEE"
"4569","ancient","FAVEE",-0.0154476402916199,"ancient_FAVEE"
"4570","ancient","FAVEE",0.00503755458345292,"ancient_FAVEE"
"4571","ancient","FAVEE",0.000147641560755023,"ancient_FAVEE"
"4572","ancient","FAVEE",0.0107589249376323,"ancient_FAVEE"
"4573","ancient","FAVEE",-0.00504265337706606,"ancient_FAVEE"
"4574","ancient","FAVEE",0.013750704505947,"ancient_FAVEE"
"4575","ancient","FAVEE",-0.00728263282024514,"ancient_FAVEE"
"4576","ancient","FAVEE",0.0118057924776253,"ancient_FAVEE"
"4577","ancient","FAVEE",-0.0123999158529106,"ancient_FAVEE"
"4578","ancient","FAVEE",-0.00979251792417571,"ancient_FAVEE"
"4579","ancient","FAVEE",-0.0156215820417751,"ancient_FAVEE"
"4580","ancient","FAVEE",-0.0038198484294957,"ancient_FAVEE"
"4581","ancient","FAVEE",-0.0158916250782902,"ancient_FAVEE"
"4582","ancient","FAVEE",0.0111546809409885,"ancient_FAVEE"
"4583","ancient","FAVEE",-0.0114890551651865,"ancient_FAVEE"
"4584","ancient","FAVEE",0.00315028347389108,"ancient_FAVEE"
"4585","ancient","FAVEE",0.00878073916086586,"ancient_FAVEE"
"4586","ancient","FAVEE",0.00146308402651009,"ancient_FAVEE"
"4587","ancient","FAVEE",0.00809320366193787,"ancient_FAVEE"
"4588","ancient","FAVEE",-0.00221074682354057,"ancient_FAVEE"
"4589","ancient","FAVEE",-0.0126805085370745,"ancient_FAVEE"
"4590","ancient","FAVEE",0.00724686316483699,"ancient_FAVEE"
"4591","ancient","FAVEE",-0.0183016722882758,"ancient_FAVEE"
"4592","ancient","FAVEE",-0.0109681573906891,"ancient_FAVEE"
"4593","ancient","FAVEE",0.00995680176583064,"ancient_FAVEE"
"4594","ancient","FAVEE",-0.0107724081693835,"ancient_FAVEE"
"4595","ancient","FAVEE",0.000946504835685152,"ancient_FAVEE"
"4596","ancient","FAVEE",0.00516463270340123,"ancient_FAVEE"
"4597","ancient","FAVEE",0.0154135889047029,"ancient_FAVEE"
"4598","ancient","FAVEE",-0.00392089445212694,"ancient_FAVEE"
"4599","ancient","FAVEE",-0.00661853734533951,"ancient_FAVEE"
"4600","ancient","FAVEE",0.00179789869712096,"ancient_FAVEE"
"4601","ancient","FAVEE",-0.00179450514981839,"ancient_FAVEE"
"4602","ancient","FAVEE",-0.0108671841603992,"ancient_FAVEE"
"4603","ancient","FAVEE",0.0100947145378618,"ancient_FAVEE"
"4604","ancient","FAVEE",0.00301736597737901,"ancient_FAVEE"
"4605","ancient","FAVEE",-0.00470513269732193,"ancient_FAVEE"
"4606","ancient","FAVEE",0.0314516524261289,"ancient_FAVEE"
"4607","ancient","FAVEE",-0.0125322025483998,"ancient_FAVEE"
"4608","ancient","FAVEE",0.0117857714848185,"ancient_FAVEE"
"4609","ancient","FAVEE",-0.00576595398188086,"ancient_FAVEE"
"4610","ancient","FAVEE",0.0152346662528787,"ancient_FAVEE"
"4611","ancient","FAVEE",-0.00631590935131562,"ancient_FAVEE"
"4612","ancient","FAVEE",0.0091978130013811,"ancient_FAVEE"
"4613","ancient","FAVEE",-0.0109547968971113,"ancient_FAVEE"
"4614","ancient","FAVEE",-0.00918898676516074,"ancient_FAVEE"
"4615","ancient","FAVEE",-0.00816538966413413,"ancient_FAVEE"
"4616","ancient","FAVEE",-0.00899133729451068,"ancient_FAVEE"
"4617","ancient","FAVEE",0.00840682313466035,"ancient_FAVEE"
"4618","ancient","FAVEE",0.00693619069400815,"ancient_FAVEE"
"4619","ancient","FAVEE",-0.00158039251094518,"ancient_FAVEE"
"4620","ancient","FAVEE",0.00786454132417186,"ancient_FAVEE"
"4621","ancient","FAVEE",0.0121195581284462,"ancient_FAVEE"
"4622","ancient","FAVEE",-0.0137761790890957,"ancient_FAVEE"
"4623","ancient","FAVEE",-0.00622786483865517,"ancient_FAVEE"
"4624","ancient","FAVEE",0.0106209785716719,"ancient_FAVEE"
"4625","ancient","FAVEE",0.00924755865444868,"ancient_FAVEE"
"4626","ancient","FAVEE",0.0017889420412891,"ancient_FAVEE"
"4627","ancient","FAVEE",-1.70057810607664e-05,"ancient_FAVEE"
"4628","ancient","FAVEE",0.027407957129391,"ancient_FAVEE"
"4629","ancient","FAVEE",-0.0180992222484327,"ancient_FAVEE"
"4630","ancient","FAVEE",-0.0106832847278491,"ancient_FAVEE"
"4631","ancient","FAVEE",0.0193841402942315,"ancient_FAVEE"
"4632","ancient","FAVEE",-0.0116837338643423,"ancient_FAVEE"
"4633","ancient","FAVEE",-0.00992903204807295,"ancient_FAVEE"
"4634","ancient","FAVEE",0.00115402795445569,"ancient_FAVEE"
"4635","ancient","FAVEE",-0.0155002175931381,"ancient_FAVEE"
"4636","ancient","FAVEE",-0.0109835639820344,"ancient_FAVEE"
"4637","ancient","FAVEE",-0.0187120840800875,"ancient_FAVEE"
"4638","ancient","FAVEE",0.00222571952901454,"ancient_FAVEE"
"4639","ancient","FAVEE",-0.000784220442720214,"ancient_FAVEE"
"4640","ancient","FAVEE",0.019905152828756,"ancient_FAVEE"
"4641","ancient","FAVEE",0.0205838821357315,"ancient_FAVEE"
"4642","ancient","FAVEE",0.00991681206674475,"ancient_FAVEE"
"4643","ancient","FAVEE",0.0345170440078368,"ancient_FAVEE"
"4644","ancient","FAVEE",0.00226358479944401,"ancient_FAVEE"
"4645","ancient","FAVEE",-0.00298575972740479,"ancient_FAVEE"
"4646","ancient","FAVEE",-0.00531247727830378,"ancient_FAVEE"
"4647","ancient","FAVEE",-0.00127507215635201,"ancient_FAVEE"
"4648","ancient","FAVEE",-0.0130972177565323,"ancient_FAVEE"
"4649","ancient","FAVEE",-0.00804444954078015,"ancient_FAVEE"
"4650","ancient","FAVEE",-0.0156399179644094,"ancient_FAVEE"
"4651","ancient","FAVEE",-0.00692712112433166,"ancient_FAVEE"
"4652","ancient","FAVEE",0.00660588219240571,"ancient_FAVEE"
"4653","ancient","FAVEE",-0.00971317146991725,"ancient_FAVEE"
"4654","ancient","FAVEE",-0.00558015621210399,"ancient_FAVEE"
"4655","ancient","FAVEE",0.021857503060714,"ancient_FAVEE"
"4656","ancient","FAVEE",-0.00573337077165207,"ancient_FAVEE"
"4657","ancient","FAVEE",0.00286017500431724,"ancient_FAVEE"
"4658","ancient","FAVEE",0.0050314326090859,"ancient_FAVEE"
"4659","ancient","FAVEE",0.0100172302224647,"ancient_FAVEE"
"4660","ancient","FAVEE",-0.00564235212480773,"ancient_FAVEE"
"4661","ancient","FAVEE",-0.00321474844387501,"ancient_FAVEE"
"4662","ancient","FAVEE",-0.00281209493760254,"ancient_FAVEE"
"4663","ancient","FAVEE",0.00733622743429405,"ancient_FAVEE"
"4664","ancient","FAVEE",0.00972573553352179,"ancient_FAVEE"
"4665","ancient","FAVEE",-0.0144014817846361,"ancient_FAVEE"
"4666","ancient","FAVEE",-0.00142301510641146,"ancient_FAVEE"
"4667","ancient","FAVEE",0.0178637371451769,"ancient_FAVEE"
"4668","ancient","FAVEE",-0.0253436001548236,"ancient_FAVEE"
"4669","ancient","FAVEE",0.0151956434589459,"ancient_FAVEE"
"4670","ancient","FAVEE",0.0115960452363396,"ancient_FAVEE"
"4671","ancient","FAVEE",-0.0296086756210859,"ancient_FAVEE"
"4672","ancient","FAVEE",-0.0129571695446844,"ancient_FAVEE"
"4673","ancient","FAVEE",0.0149101610613448,"ancient_FAVEE"
"4674","ancient","FAVEE",0.00575967956558169,"ancient_FAVEE"
"4675","ancient","FAVEE",0.0211850687088187,"ancient_FAVEE"
"4676","ancient","FAVEE",0.00919916453889194,"ancient_FAVEE"
"4677","ancient","FAVEE",-0.0126093518475957,"ancient_FAVEE"
"4678","ancient","FAVEE",0.0102518679938564,"ancient_FAVEE"
"4679","ancient","FAVEE",0.00096816477706779,"ancient_FAVEE"
"4680","ancient","FAVEE",-0.0026744753459569,"ancient_FAVEE"
"4681","ancient","FAVEE",0.0123546362143806,"ancient_FAVEE"
"4682","ancient","FAVEE",0.0303081182722992,"ancient_FAVEE"
"4683","ancient","FAVEE",-0.00318879827090945,"ancient_FAVEE"
"4684","ancient","FAVEE",-0.0106709357445139,"ancient_FAVEE"
"4685","ancient","FAVEE",0.00579895093481043,"ancient_FAVEE"
"4686","ancient","FAVEE",-0.00375856064081074,"ancient_FAVEE"
"4687","ancient","FAVEE",0.0014111887246135,"ancient_FAVEE"
"4688","ancient","FAVEE",-0.0114019239524495,"ancient_FAVEE"
"4689","ancient","FAVEE",0.0254119681195965,"ancient_FAVEE"
"4690","ancient","FAVEE",0.00190444525587941,"ancient_FAVEE"
"4691","ancient","FAVEE",0.012638403277602,"ancient_FAVEE"
"4692","ancient","FAVEE",0.00907978308813956,"ancient_FAVEE"
"4693","ancient","FAVEE",0.0262824022223168,"ancient_FAVEE"
"4694","ancient","FAVEE",0.0156515943438736,"ancient_FAVEE"
"4695","ancient","FAVEE",-0.00724875068870872,"ancient_FAVEE"
"4696","ancient","FAVEE",0.00865889219922739,"ancient_FAVEE"
"4697","ancient","FAVEE",0.0114132220293247,"ancient_FAVEE"
"4698","ancient","FAVEE",-0.0155760122229062,"ancient_FAVEE"
"4699","ancient","FAVEE",-0.00693494867468472,"ancient_FAVEE"
"4700","ancient","FAVEE",0.0153309868393539,"ancient_FAVEE"
"4701","ancient","FAVEE",0.000375537271209182,"ancient_FAVEE"
"4702","ancient","FAVEE",-0.00369697907832444,"ancient_FAVEE"
"4703","ancient","FAVEE",-0.00475757740337059,"ancient_FAVEE"
"4704","ancient","FAVEE",0.0188626809835252,"ancient_FAVEE"
"4705","ancient","FAVEE",0.000812572664046035,"ancient_FAVEE"
"4706","ancient","FAVEE",0.00522536640654262,"ancient_FAVEE"
"4707","ancient","FAVEE",-0.0111386787249919,"ancient_FAVEE"
"4708","ancient","FAVEE",0.00460071363320166,"ancient_FAVEE"
"4709","ancient","FAVEE",0.017684586292,"ancient_FAVEE"
"4710","ancient","FAVEE",-0.00505946616611325,"ancient_FAVEE"
"4711","ancient","FAVEE",0.00904847489774762,"ancient_FAVEE"
"4712","ancient","FAVEE",-0.0135858661501704,"ancient_FAVEE"
"4713","ancient","FAVEE",-0.0169008670878474,"ancient_FAVEE"
"4714","ancient","FAVEE",0.00493633007452829,"ancient_FAVEE"
"4715","ancient","FAVEE",0.00480970367589361,"ancient_FAVEE"
"4716","ancient","FAVEE",-0.0265424057509882,"ancient_FAVEE"
"4717","ancient","FAVEE",0.00859978231255826,"ancient_FAVEE"
"4718","ancient","FAVEE",0.00582088275954393,"ancient_FAVEE"
"4719","ancient","FAVEE",0.0086839800400954,"ancient_FAVEE"
"4720","ancient","FAVEE",0.00631240668143619,"ancient_FAVEE"
"4721","ancient","FAVEE",0.00833322262694063,"ancient_FAVEE"
"4722","ancient","FAVEE",-0.00405001362580815,"ancient_FAVEE"
"4723","ancient","FAVEE",-0.00275107932897635,"ancient_FAVEE"
"4724","ancient","FAVEE",-0.00195080102104202,"ancient_FAVEE"
"4725","ancient","FAVEE",-0.0099804697274652,"ancient_FAVEE"
"4726","ancient","FAVEE",0.0077047059912876,"ancient_FAVEE"
"4727","ancient","FAVEE",0.020272788075926,"ancient_FAVEE"
"4728","ancient","FAVEE",0.00114771104298988,"ancient_FAVEE"
"4729","ancient","FAVEE",0.00903842174133984,"ancient_FAVEE"
"4730","ancient","FAVEE",-0.00979113711148413,"ancient_FAVEE"
"4731","ancient","FAVEE",-0.00444049805264325,"ancient_FAVEE"
"4732","ancient","FAVEE",0.0087734467397175,"ancient_FAVEE"
"4733","ancient","FAVEE",-0.0128823890625626,"ancient_FAVEE"
"4734","ancient","FAVEE",-0.00114803745466162,"ancient_FAVEE"
"4735","ancient","FAVEE",-0.00623647988477664,"ancient_FAVEE"
"4736","ancient","FAVEE",-0.00967555279673095,"ancient_FAVEE"
"4737","ancient","FAVEE",-0.0110147304119791,"ancient_FAVEE"
"4738","ancient","FAVEE",0.0085639675245798,"ancient_FAVEE"
"4739","ancient","FAVEE",0.0204513586013927,"ancient_FAVEE"
"4740","ancient","FAVEE",-0.0129564550060951,"ancient_FAVEE"
"4741","ancient","FAVEE",0.00933769538647322,"ancient_FAVEE"
"4742","ancient","FAVEE",-0.006558910164908,"ancient_FAVEE"
"4743","ancient","FAVEE",-0.00655555558524466,"ancient_FAVEE"
"4744","ancient","FAVEE",0.00252193098364899,"ancient_FAVEE"
"4745","ancient","FAVEE",-0.000388862258740143,"ancient_FAVEE"
"4746","ancient","FAVEE",-0.00637239146083785,"ancient_FAVEE"
"4747","ancient","FAVEE",-0.0141654577938754,"ancient_FAVEE"
"4748","ancient","FAVEE",-0.0208616245777489,"ancient_FAVEE"
"4749","ancient","FAVEE",0.00577204163703263,"ancient_FAVEE"
"4750","ancient","FAVEE",-0.00197429059528583,"ancient_FAVEE"
"4751","ancient","FAVEE",0.0290357595427783,"ancient_FAVEE"
"4752","ancient","FAVEE",0.0213283452346292,"ancient_FAVEE"
"4753","ancient","FAVEE",0.000411633437191713,"ancient_FAVEE"
"4754","ancient","FAVEE",0.0148999347264185,"ancient_FAVEE"
"4755","ancient","FAVEE",-0.00628400289886862,"ancient_FAVEE"
"4756","ancient","FAVEE",0.0124809579599238,"ancient_FAVEE"
"4757","ancient","FAVEE",0.0150338944918936,"ancient_FAVEE"
"4758","ancient","FAVEE",0.00458760563805767,"ancient_FAVEE"
"4759","ancient","FAVEE",0.0158335398888821,"ancient_FAVEE"
"4760","ancient","FAVEE",-0.00183392131250863,"ancient_FAVEE"
"4761","ancient","FAVEE",-0.0127221652071502,"ancient_FAVEE"
"4762","ancient","FAVEE",0.0151604516586819,"ancient_FAVEE"
"4763","ancient","FAVEE",-0.00488416865860137,"ancient_FAVEE"
"4764","ancient","FAVEE",-0.00953067002615014,"ancient_FAVEE"
"4765","ancient","FAVEE",0.0030735913026864,"ancient_FAVEE"
"4766","ancient","FAVEE",-0.00649860520470077,"ancient_FAVEE"
"4767","ancient","FAVEE",0.0159808244770504,"ancient_FAVEE"
"4768","ancient","FAVEE",0.01179390869933,"ancient_FAVEE"
"4769","ancient","FAVEE",0.00535974037626405,"ancient_FAVEE"
"4770","ancient","FAVEE",-0.00625592892363001,"ancient_FAVEE"
"4771","ancient","FAVEE",-0.00606527061669407,"ancient_FAVEE"
"4772","ancient","FAVEE",0.0155642772930805,"ancient_FAVEE"
"4773","ancient","FAVEE",-0.0131671492071686,"ancient_FAVEE"
"4774","ancient","FAVEE",0.01386445447348,"ancient_FAVEE"
"4775","ancient","FAVEE",0.0160593439404205,"ancient_FAVEE"
"4776","ancient","FAVEE",0.00229802045607573,"ancient_FAVEE"
"4777","ancient","FAVEE",-0.0127575546808193,"ancient_FAVEE"
"4778","ancient","FAVEE",0.0109878336748363,"ancient_FAVEE"
"4779","ancient","FAVEE",-0.00894287559548489,"ancient_FAVEE"
"4780","ancient","FAVEE",-0.000289626879663646,"ancient_FAVEE"
"4781","ancient","FAVEE",0.0112144451345407,"ancient_FAVEE"
"4782","ancient","FAVEE",-0.00853864716361071,"ancient_FAVEE"
"4783","ancient","FAVEE",0.00163999707564022,"ancient_FAVEE"
"4784","ancient","FAVEE",0.0102472375701675,"ancient_FAVEE"
"4785","ancient","FAVEE",-0.0250074271553874,"ancient_FAVEE"
"4786","ancient","FAVEE",0.00701124668591087,"ancient_FAVEE"
"4787","ancient","FAVEE",0.00708192890646942,"ancient_FAVEE"
"4788","ancient","FAVEE",0.00218699037701287,"ancient_FAVEE"
"4789","ancient","FAVEE",0.0172281108274823,"ancient_FAVEE"
"4790","ancient","FAVEE",0.0113327816789265,"ancient_FAVEE"
"4791","ancient","FAVEE",0.0144899976343,"ancient_FAVEE"
"4792","ancient","FAVEE",0.000939030038072994,"ancient_FAVEE"
"4793","ancient","FAVEE",0.0112677819423809,"ancient_FAVEE"
"4794","ancient","FAVEE",-0.0101619548147604,"ancient_FAVEE"
"4795","ancient","FAVEE",0.00614931913311856,"ancient_FAVEE"
"4796","ancient","FAVEE",-0.000303087528645898,"ancient_FAVEE"
"4797","ancient","FAVEE",-0.0194375046299725,"ancient_FAVEE"
"4798","ancient","FAVEE",-0.00338877772286449,"ancient_FAVEE"
"4799","ancient","FAVEE",0.00943918719625983,"ancient_FAVEE"
"4800","ancient","FAVEE",0.00817259205091469,"ancient_FAVEE"
"4801","ancient","FAVEE",0.0107456208185579,"ancient_FAVEE"
"4802","ancient","FAVEE",0.0135605838667168,"ancient_FAVEE"
"4803","ancient","FAVEE",-0.00632857868029414,"ancient_FAVEE"
"4804","ancient","FAVEE",0.00724768669413304,"ancient_FAVEE"
"4805","ancient","FAVEE",-0.00629640627865454,"ancient_FAVEE"
"4806","ancient","FAVEE",0.000535548024405052,"ancient_FAVEE"
"4807","ancient","FAVEE",-0.010857865850589,"ancient_FAVEE"
"4808","ancient","FAVEE",0.0174047692682556,"ancient_FAVEE"
"4809","ancient","FAVEE",0.000814945239420284,"ancient_FAVEE"
"4810","ancient","FAVEE",-0.0167729638561608,"ancient_FAVEE"
"4811","ancient","FAVEE",0.0129590323428968,"ancient_FAVEE"
"4812","ancient","FAVEE",-0.011191765506964,"ancient_FAVEE"
"4813","ancient","FAVEE",0.00119590708953098,"ancient_FAVEE"
"4814","ancient","FAVEE",-0.00601293882449004,"ancient_FAVEE"
"4815","ancient","FAVEE",0.00457697670346112,"ancient_FAVEE"
"4816","ancient","FAVEE",0.0209431502856926,"ancient_FAVEE"
"4817","ancient","FAVEE",0.00310829894157162,"ancient_FAVEE"
"4818","ancient","FAVEE",-0.0156012904843192,"ancient_FAVEE"
"4819","ancient","FAVEE",0.00288014374356385,"ancient_FAVEE"
"4820","ancient","FAVEE",0.000111748672660379,"ancient_FAVEE"
"4821","ancient","FAVEE",-0.0149878225113659,"ancient_FAVEE"
"4822","ancient","FAVEE",0.036932775613953,"ancient_FAVEE"
"4823","ancient","FAVEE",-0.0210278901645217,"ancient_FAVEE"
"4824","ancient","FAVEE",-0.00547056183669659,"ancient_FAVEE"
"4825","ancient","FAVEE",-0.0173821895653105,"ancient_FAVEE"
"4826","ancient","FAVEE",-0.00836827006232121,"ancient_FAVEE"
"4827","ancient","FAVEE",-0.00118815615575454,"ancient_FAVEE"
"4828","ancient","FAVEE",-0.0104523291346242,"ancient_FAVEE"
"4829","ancient","FAVEE",-0.00906728614645843,"ancient_FAVEE"
"4830","ancient","FAVEE",-0.00581956089282438,"ancient_FAVEE"
"4831","ancient","FAVEE",0.000964732954444461,"ancient_FAVEE"
"4832","ancient","FAVEE",-0.0030670639264077,"ancient_FAVEE"
"4833","ancient","FAVEE",0.00764371362478126,"ancient_FAVEE"
"4834","ancient","FAVEE",0.00298922626485393,"ancient_FAVEE"
"4835","ancient","FAVEE",0.00218101524009518,"ancient_FAVEE"
"4836","ancient","FAVEE",-0.0109095549404862,"ancient_FAVEE"
"4837","ancient","FAVEE",0.00404552225922782,"ancient_FAVEE"
"4838","ancient","FAVEE",-0.00877134034430868,"ancient_FAVEE"
"4839","ancient","FAVEE",-0.0142428023598455,"ancient_FAVEE"
"4840","ancient","FAVEE",-0.00114157044195943,"ancient_FAVEE"
"4841","ancient","FAVEE",-0.0266903051509195,"ancient_FAVEE"
"4842","ancient","FAVEE",-0.00389202899204689,"ancient_FAVEE"
"4843","ancient","FAVEE",-0.00237408522191479,"ancient_FAVEE"
"4844","ancient","FAVEE",0.0137873331637306,"ancient_FAVEE"
"4845","ancient","FAVEE",-0.0106928398105738,"ancient_FAVEE"
"4846","ancient","FAVEE",0.0200086275045571,"ancient_FAVEE"
"4847","ancient","FAVEE",0.00685934426765631,"ancient_FAVEE"
"4848","ancient","FAVEE",0.00177728455222868,"ancient_FAVEE"
"4849","ancient","FAVEE",0.022558337403909,"ancient_FAVEE"
"4850","ancient","FAVEE",-0.00615305508135262,"ancient_FAVEE"
"4851","ancient","FAVEE",-0.0177876436975729,"ancient_FAVEE"
"4852","ancient","FAVEE",0.0012363296854618,"ancient_FAVEE"
"4853","ancient","FAVEE",-0.00659207640618566,"ancient_FAVEE"
"4854","ancient","FAVEE",-0.00368338570200249,"ancient_FAVEE"
"4855","ancient","FAVEE",0.0134529014111651,"ancient_FAVEE"
"4856","ancient","FAVEE",0.00667653372017905,"ancient_FAVEE"
"4857","ancient","FAVEE",0.00390081484302355,"ancient_FAVEE"
"4858","ancient","FAVEE",0.0104291819283444,"ancient_FAVEE"
"4859","ancient","FAVEE",-0.0122751957696488,"ancient_FAVEE"
"4860","ancient","FAVEE",0.0160419526368782,"ancient_FAVEE"
"4861","ancient","FAVEE",-0.00328819614701958,"ancient_FAVEE"
"4862","ancient","FAVEE",0.0111053518987982,"ancient_FAVEE"
"4863","ancient","FAVEE",-0.00685579221239316,"ancient_FAVEE"
"4864","ancient","FAVEE",0.016902068293349,"ancient_FAVEE"
"4865","ancient","FAVEE",-0.00891636685338951,"ancient_FAVEE"
"4866","ancient","FAVEE",-0.00142150832472707,"ancient_FAVEE"
"4867","ancient","FAVEE",0.00933969641760542,"ancient_FAVEE"
"4868","ancient","FAVEE",0.00936138873311811,"ancient_FAVEE"
"4869","ancient","FAVEE",0.00241181308361304,"ancient_FAVEE"
"4870","ancient","FAVEE",0.0123255450584814,"ancient_FAVEE"
"4871","ancient","FAVEE",-0.0118612219663752,"ancient_FAVEE"
"4872","ancient","FAVEE",-0.00320657658047279,"ancient_FAVEE"
"4873","ancient","FAVEE",0.00163562749117437,"ancient_FAVEE"
"4874","ancient","FAVEE",0.00433977029869992,"ancient_FAVEE"
"4875","ancient","FAVEE",0.019087311192625,"ancient_FAVEE"
"4876","ancient","FAVEE",-0.00217054619809614,"ancient_FAVEE"
"4877","ancient","FAVEE",0.0372916013064808,"ancient_FAVEE"
"4878","ancient","FAVEE",0.00129945811816826,"ancient_FAVEE"
"4879","ancient","FAVEE",0.0200217572582813,"ancient_FAVEE"
"4880","ancient","FAVEE",-0.0011108513486448,"ancient_FAVEE"
"4881","ancient","FAVEE",0.0021314060397,"ancient_FAVEE"
"4882","ancient","FAVEE",-0.0191917992907864,"ancient_FAVEE"
"4883","ancient","FAVEE",0.00672576125529559,"ancient_FAVEE"
"4884","ancient","FAVEE",0.00503787479722604,"ancient_FAVEE"
"4885","ancient","FAVEE",-0.0157490147936144,"ancient_FAVEE"
"4886","ancient","FAVEE",-0.00344766995779573,"ancient_FAVEE"
"4887","ancient","FAVEE",0.0148972550253869,"ancient_FAVEE"
"4888","ancient","FAVEE",0.00210937412549721,"ancient_FAVEE"
"4889","ancient","FAVEE",0.0268474942118637,"ancient_FAVEE"
"4890","ancient","FAVEE",0.0177107134017843,"ancient_FAVEE"
"4891","ancient","FAVEE",0.00676986665577652,"ancient_FAVEE"
"4892","ancient","FAVEE",0.0207368743951178,"ancient_FAVEE"
"4893","ancient","FAVEE",0.00657329865250146,"ancient_FAVEE"
"4894","ancient","FAVEE",0.00171758873336665,"ancient_FAVEE"
"4895","ancient","FAVEE",-0.0191726592897081,"ancient_FAVEE"
"4896","ancient","FAVEE",0.00422990812791735,"ancient_FAVEE"
"4897","ancient","FAVEE",-5.20603703988078e-05,"ancient_FAVEE"
"4898","ancient","FAVEE",-0.0133249241343705,"ancient_FAVEE"
"4899","ancient","FAVEE",-0.00181763719102715,"ancient_FAVEE"
"4900","ancient","FAVEE",0.00408050125398316,"ancient_FAVEE"
"4901","ancient","FAVEE",0.00497836962968183,"ancient_FAVEE"
"4902","ancient","FAVEE",-0.00445051412056192,"ancient_FAVEE"
"4903","ancient","FAVEE",-0.000573393382436813,"ancient_FAVEE"
"4904","ancient","FAVEE",-0.00308217697472449,"ancient_FAVEE"
"4905","ancient","FAVEE",-0.0128265980517046,"ancient_FAVEE"
"4906","ancient","FAVEE",-0.00112862339437442,"ancient_FAVEE"
"4907","ancient","FAVEE",-0.0154380079329677,"ancient_FAVEE"
"4908","ancient","FAVEE",-0.0140081393682813,"ancient_FAVEE"
"4909","ancient","FAVEE",-0.0146055898612642,"ancient_FAVEE"
"4910","ancient","FAVEE",-0.0222026079903226,"ancient_FAVEE"
"4911","ancient","FAVEE",-0.00995956513849373,"ancient_FAVEE"
"4912","ancient","FAVEE",0.00411601712522314,"ancient_FAVEE"
"4913","ancient","FAVEE",0.00315587252787898,"ancient_FAVEE"
"4914","ancient","FAVEE",0.00789395477079951,"ancient_FAVEE"
"4915","ancient","FAVEE",-0.0105314303433089,"ancient_FAVEE"
"4916","ancient","FAVEE",-0.0135066674564526,"ancient_FAVEE"
"4917","ancient","FAVEE",-0.00295163294371041,"ancient_FAVEE"
"4918","ancient","FAVEE",-0.0160252649267001,"ancient_FAVEE"
"4919","ancient","FAVEE",0.0186710661891807,"ancient_FAVEE"
"4920","ancient","FAVEE",0.00342117351259496,"ancient_FAVEE"
"4921","ancient","FAVEE",0.0119572827685888,"ancient_FAVEE"
"4922","ancient","FAVEE",-0.012858010023931,"ancient_FAVEE"
"4923","ancient","FAVEE",0.0134057848869138,"ancient_FAVEE"
"4924","ancient","FAVEE",-0.00206176918705372,"ancient_FAVEE"
"4925","ancient","FAVEE",-0.0101200328218755,"ancient_FAVEE"
"4926","ancient","FAVEE",0.00368353837470745,"ancient_FAVEE"
"4927","ancient","FAVEE",0.00156906756552004,"ancient_FAVEE"
"4928","ancient","FAVEE",-0.00532084935361211,"ancient_FAVEE"
"4929","ancient","FAVEE",0.0107688514986639,"ancient_FAVEE"
"4930","ancient","FAVEE",0.000737757928644055,"ancient_FAVEE"
"4931","ancient","FAVEE",0.0102888381624477,"ancient_FAVEE"
"4932","ancient","FAVEE",0.0152052686306731,"ancient_FAVEE"
"4933","ancient","FAVEE",0.0107802290602923,"ancient_FAVEE"
"4934","ancient","FAVEE",-0.00585465260361908,"ancient_FAVEE"
"4935","ancient","FAVEE",0.0121204660876273,"ancient_FAVEE"
"4936","ancient","FAVEE",0.00675533301207856,"ancient_FAVEE"
"4937","ancient","FAVEE",-0.00194287110645901,"ancient_FAVEE"
"4938","ancient","FAVEE",0.00328634528305886,"ancient_FAVEE"
"4939","ancient","FAVEE",0.00941221806238626,"ancient_FAVEE"
"4940","ancient","FAVEE",-0.001370854745446,"ancient_FAVEE"
"4941","ancient","FAVEE",0.0155888814341154,"ancient_FAVEE"
"4942","ancient","FAVEE",-0.00694233841602851,"ancient_FAVEE"
"4943","ancient","FAVEE",-0.000774086054279389,"ancient_FAVEE"
"4944","ancient","FAVEE",0.0255445908862484,"ancient_FAVEE"
"4945","ancient","FAVEE",-0.00186033942682039,"ancient_FAVEE"
"4946","ancient","FAVEE",-0.00799580998184434,"ancient_FAVEE"
"4947","ancient","FAVEE",0.00875825908584439,"ancient_FAVEE"
"4948","ancient","FAVEE",0.00147555680298009,"ancient_FAVEE"
"4949","ancient","FAVEE",-0.00812267193359433,"ancient_FAVEE"
"4950","ancient","FAVEE",0.0210616107880509,"ancient_FAVEE"
"4951","ancient","FAVEE",-0.006583785661813,"ancient_FAVEE"
"4952","ancient","FAVEE",0.00412341372381647,"ancient_FAVEE"
"4953","ancient","FAVEE",0.00657130240166342,"ancient_FAVEE"
"4954","ancient","FAVEE",0.0015064760752333,"ancient_FAVEE"
"4955","ancient","FAVEE",0.0140239280534833,"ancient_FAVEE"
"4956","ancient","FAVEE",-0.00484739929533199,"ancient_FAVEE"
"4957","ancient","FAVEE",0.00402717038030129,"ancient_FAVEE"
"4958","ancient","FAVEE",0.0135578349997739,"ancient_FAVEE"
"4959","ancient","FAVEE",-0.00774426856284909,"ancient_FAVEE"
"4960","ancient","FAVEE",-0.00131912856705976,"ancient_FAVEE"
"4961","ancient","FAVEE",-0.00367929541858532,"ancient_FAVEE"
"4962","ancient","FAVEE",-0.0101099470275973,"ancient_FAVEE"
"4963","ancient","FAVEE",-0.0021146681199495,"ancient_FAVEE"
"4964","ancient","FAVEE",-0.0038695330926034,"ancient_FAVEE"
"4965","ancient","FAVEE",-0.0132916384516741,"ancient_FAVEE"
"4966","ancient","FAVEE",0.00386405180952298,"ancient_FAVEE"
"4967","ancient","FAVEE",-0.00843895943683721,"ancient_FAVEE"
"4968","ancient","FAVEE",0.00470225400418336,"ancient_FAVEE"
"4969","ancient","FAVEE",0.0320433861818187,"ancient_FAVEE"
"4970","ancient","FAVEE",-0.0120783214319375,"ancient_FAVEE"
"4971","ancient","FAVEE",-0.0116799401240003,"ancient_FAVEE"
"4972","ancient","FAVEE",0.0154633416787604,"ancient_FAVEE"
"4973","ancient","FAVEE",0.00617925046692442,"ancient_FAVEE"
"4974","ancient","FAVEE",0.0221395047777887,"ancient_FAVEE"
"4975","ancient","FAVEE",0.000651308748496225,"ancient_FAVEE"
"4976","ancient","FAVEE",0.00340479681824465,"ancient_FAVEE"
"4977","ancient","FAVEE",-0.00576824252298066,"ancient_FAVEE"
"4978","ancient","FAVEE",0.0170482331388215,"ancient_FAVEE"
"4979","ancient","FAVEE",0.0045217591630637,"ancient_FAVEE"
"4980","ancient","FAVEE",0.0206834520035285,"ancient_FAVEE"
"4981","ancient","FAVEE",-0.00123141778486625,"ancient_FAVEE"
"4982","ancient","FAVEE",0.00759232378129808,"ancient_FAVEE"
"4983","ancient","FAVEE",-0.00308782533732742,"ancient_FAVEE"
"4984","ancient","FAVEE",-0.00848883343256089,"ancient_FAVEE"
"4985","ancient","FAVEE",-0.0100309209849172,"ancient_FAVEE"
"4986","ancient","FAVEE",-0.00428663330715535,"ancient_FAVEE"
"4987","ancient","FAVEE",-0.00927438965430502,"ancient_FAVEE"
"4988","ancient","FAVEE",0.0267940795676477,"ancient_FAVEE"
"4989","ancient","FAVEE",-0.0109028572208979,"ancient_FAVEE"
"4990","ancient","FAVEE",-0.00487559333837269,"ancient_FAVEE"
"4991","ancient","FAVEE",-0.00806535185499095,"ancient_FAVEE"
"4992","ancient","FAVEE",0.00942983305072732,"ancient_FAVEE"
"4993","ancient","FAVEE",-0.00178640251826252,"ancient_FAVEE"
"4994","ancient","FAVEE",0.00970431163976764,"ancient_FAVEE"
"4995","ancient","FAVEE",-0.0114433439155458,"ancient_FAVEE"
"4996","ancient","FAVEE",0.00594854377867092,"ancient_FAVEE"
"4997","ancient","FAVEE",0.0201561152057755,"ancient_FAVEE"
"4998","ancient","FAVEE",0.00242609805311244,"ancient_FAVEE"
"4999","ancient","FAVEE",-0.00696360884585659,"ancient_FAVEE"
"5000","ancient","FAVEE",0.00697822032593038,"ancient_FAVEE"
"5001","ancient","HPP",-0.0150078948446971,"ancient_HPP"
"5002","ancient","HPP",0.0115499183339484,"ancient_HPP"
"5003","ancient","HPP",-0.00936862669330394,"ancient_HPP"
"5004","ancient","HPP",0.00834148354747142,"ancient_HPP"
"5005","ancient","HPP",0.011759527615919,"ancient_HPP"
"5006","ancient","HPP",-0.00416558803795136,"ancient_HPP"
"5007","ancient","HPP",-0.00479037939150057,"ancient_HPP"
"5008","ancient","HPP",-0.0168478145598214,"ancient_HPP"
"5009","ancient","HPP",0.000653263040749479,"ancient_HPP"
"5010","ancient","HPP",0.00154893186391543,"ancient_HPP"
"5011","ancient","HPP",0.00611881786011062,"ancient_HPP"
"5012","ancient","HPP",0.00497158906649165,"ancient_HPP"
"5013","ancient","HPP",0.0155473432168663,"ancient_HPP"
"5014","ancient","HPP",-0.00670310012959261,"ancient_HPP"
"5015","ancient","HPP",-0.00997799287961047,"ancient_HPP"
"5016","ancient","HPP",-0.0045271424252844,"ancient_HPP"
"5017","ancient","HPP",-0.00739391696535814,"ancient_HPP"
"5018","ancient","HPP",-0.0025077429604673,"ancient_HPP"
"5019","ancient","HPP",-0.00716369274025014,"ancient_HPP"
"5020","ancient","HPP",0.00658762761593481,"ancient_HPP"
"5021","ancient","HPP",0.0281675807488825,"ancient_HPP"
"5022","ancient","HPP",-0.00863557084817294,"ancient_HPP"
"5023","ancient","HPP",-0.00449124647534584,"ancient_HPP"
"5024","ancient","HPP",-0.00803874662027868,"ancient_HPP"
"5025","ancient","HPP",-0.00389009743420596,"ancient_HPP"
"5026","ancient","HPP",-0.00519201038157627,"ancient_HPP"
"5027","ancient","HPP",-0.00675816941825338,"ancient_HPP"
"5028","ancient","HPP",0.0111425209262119,"ancient_HPP"
"5029","ancient","HPP",0.0181853351362472,"ancient_HPP"
"5030","ancient","HPP",-0.014125488782151,"ancient_HPP"
"5031","ancient","HPP",-0.0132329914886985,"ancient_HPP"
"5032","ancient","HPP",0.0374484858135213,"ancient_HPP"
"5033","ancient","HPP",0.0143619119062444,"ancient_HPP"
"5034","ancient","HPP",0.0196492844198864,"ancient_HPP"
"5035","ancient","HPP",-0.0114817304451093,"ancient_HPP"
"5036","ancient","HPP",-0.0132435152009295,"ancient_HPP"
"5037","ancient","HPP",0.00278409852686182,"ancient_HPP"
"5038","ancient","HPP",0.0134333745024118,"ancient_HPP"
"5039","ancient","HPP",0.00176358676133924,"ancient_HPP"
"5040","ancient","HPP",0.0202608130128157,"ancient_HPP"
"5041","ancient","HPP",-0.0166436833746285,"ancient_HPP"
"5042","ancient","HPP",-0.00132216748940392,"ancient_HPP"
"5043","ancient","HPP",0.0150770918566269,"ancient_HPP"
"5044","ancient","HPP",0.0300818872518313,"ancient_HPP"
"5045","ancient","HPP",-0.0227178835780886,"ancient_HPP"
"5046","ancient","HPP",0.000219772593097778,"ancient_HPP"
"5047","ancient","HPP",0.0115799037057846,"ancient_HPP"
"5048","ancient","HPP",-0.00197535844993264,"ancient_HPP"
"5049","ancient","HPP",0.0271868572652196,"ancient_HPP"
"5050","ancient","HPP",-0.0118291571091733,"ancient_HPP"
"5051","ancient","HPP",0.0133772960906604,"ancient_HPP"
"5052","ancient","HPP",-0.00371667242305698,"ancient_HPP"
"5053","ancient","HPP",-0.00843316958827837,"ancient_HPP"
"5054","ancient","HPP",0.016515524742117,"ancient_HPP"
"5055","ancient","HPP",-0.00846084839305027,"ancient_HPP"
"5056","ancient","HPP",-0.0125736016291844,"ancient_HPP"
"5057","ancient","HPP",-0.00984060797884157,"ancient_HPP"
"5058","ancient","HPP",0.0178658755978381,"ancient_HPP"
"5059","ancient","HPP",-0.0144531654657268,"ancient_HPP"
"5060","ancient","HPP",0.00280846164147876,"ancient_HPP"
"5061","ancient","HPP",-0.0093697799768361,"ancient_HPP"
"5062","ancient","HPP",-0.00700208888530582,"ancient_HPP"
"5063","ancient","HPP",-0.0136268378149321,"ancient_HPP"
"5064","ancient","HPP",0.01764228275304,"ancient_HPP"
"5065","ancient","HPP",-0.00240956969979194,"ancient_HPP"
"5066","ancient","HPP",0.0205530262277775,"ancient_HPP"
"5067","ancient","HPP",0.00601473402133292,"ancient_HPP"
"5068","ancient","HPP",-0.0155875639800504,"ancient_HPP"
"5069","ancient","HPP",-0.00657609478061318,"ancient_HPP"
"5070","ancient","HPP",3.35173026534821e-05,"ancient_HPP"
"5071","ancient","HPP",0.0139344761971366,"ancient_HPP"
"5072","ancient","HPP",-0.0140976658169376,"ancient_HPP"
"5073","ancient","HPP",-0.0063318869926777,"ancient_HPP"
"5074","ancient","HPP",0.00276189781886768,"ancient_HPP"
"5075","ancient","HPP",-0.00749742416236975,"ancient_HPP"
"5076","ancient","HPP",0.00571257373590626,"ancient_HPP"
"5077","ancient","HPP",0.0182664974648232,"ancient_HPP"
"5078","ancient","HPP",0.0313428586338098,"ancient_HPP"
"5079","ancient","HPP",-0.013456151852172,"ancient_HPP"
"5080","ancient","HPP",0.0020261029253478,"ancient_HPP"
"5081","ancient","HPP",-0.00375761398844876,"ancient_HPP"
"5082","ancient","HPP",-0.010966356866674,"ancient_HPP"
"5083","ancient","HPP",0.00713673473768583,"ancient_HPP"
"5084","ancient","HPP",-0.00775056989767949,"ancient_HPP"
"5085","ancient","HPP",-0.00928818516693558,"ancient_HPP"
"5086","ancient","HPP",-0.0172880805482245,"ancient_HPP"
"5087","ancient","HPP",0.00710487528010983,"ancient_HPP"
"5088","ancient","HPP",-0.00166180948962587,"ancient_HPP"
"5089","ancient","HPP",-0.00869510911052085,"ancient_HPP"
"5090","ancient","HPP",0.00530791537655863,"ancient_HPP"
"5091","ancient","HPP",-0.000925726275222946,"ancient_HPP"
"5092","ancient","HPP",-0.00128007264047997,"ancient_HPP"
"5093","ancient","HPP",-0.0124778790960149,"ancient_HPP"
"5094","ancient","HPP",0.00637657672954901,"ancient_HPP"
"5095","ancient","HPP",0.0126074793329417,"ancient_HPP"
"5096","ancient","HPP",0.0260159861591913,"ancient_HPP"
"5097","ancient","HPP",-0.0177630892030341,"ancient_HPP"
"5098","ancient","HPP",0.00110376442050058,"ancient_HPP"
"5099","ancient","HPP",-0.0101495438050197,"ancient_HPP"
"5100","ancient","HPP",0.00964973955426862,"ancient_HPP"
"5101","ancient","HPP",-0.0115166172719572,"ancient_HPP"
"5102","ancient","HPP",-0.0053360266626551,"ancient_HPP"
"5103","ancient","HPP",-0.0102802973254786,"ancient_HPP"
"5104","ancient","HPP",0.00543506488597959,"ancient_HPP"
"5105","ancient","HPP",-0.00578811380726293,"ancient_HPP"
"5106","ancient","HPP",-0.0210678231644467,"ancient_HPP"
"5107","ancient","HPP",-0.0130504843697337,"ancient_HPP"
"5108","ancient","HPP",-0.00344882232271216,"ancient_HPP"
"5109","ancient","HPP",-0.0243690972752627,"ancient_HPP"
"5110","ancient","HPP",0.0139696513448675,"ancient_HPP"
"5111","ancient","HPP",-0.00590156807473945,"ancient_HPP"
"5112","ancient","HPP",0.0219698350470395,"ancient_HPP"
"5113","ancient","HPP",-0.0126032986801376,"ancient_HPP"
"5114","ancient","HPP",0.0175603996222565,"ancient_HPP"
"5115","ancient","HPP",-0.0150941027887263,"ancient_HPP"
"5116","ancient","HPP",-0.00351196459609808,"ancient_HPP"
"5117","ancient","HPP",-0.00442176114253303,"ancient_HPP"
"5118","ancient","HPP",0.0157520510438252,"ancient_HPP"
"5119","ancient","HPP",-0.00834177186835446,"ancient_HPP"
"5120","ancient","HPP",0.0144384611006917,"ancient_HPP"
"5121","ancient","HPP",-0.0122026768131526,"ancient_HPP"
"5122","ancient","HPP",-0.00967669755683293,"ancient_HPP"
"5123","ancient","HPP",-0.00594712277425988,"ancient_HPP"
"5124","ancient","HPP",-0.00188064503985376,"ancient_HPP"
"5125","ancient","HPP",0.00451820447791014,"ancient_HPP"
"5126","ancient","HPP",-0.00281826455150214,"ancient_HPP"
"5127","ancient","HPP",-0.000904967171644016,"ancient_HPP"
"5128","ancient","HPP",0.0146797856797968,"ancient_HPP"
"5129","ancient","HPP",-0.0100960602812156,"ancient_HPP"
"5130","ancient","HPP",-0.00115652714209703,"ancient_HPP"
"5131","ancient","HPP",-0.0132254951457395,"ancient_HPP"
"5132","ancient","HPP",-0.0192526990452639,"ancient_HPP"
"5133","ancient","HPP",-0.00523439355138325,"ancient_HPP"
"5134","ancient","HPP",-0.0145843514675103,"ancient_HPP"
"5135","ancient","HPP",-0.0120929707171556,"ancient_HPP"
"5136","ancient","HPP",-0.00866022228367292,"ancient_HPP"
"5137","ancient","HPP",0.000795261075647027,"ancient_HPP"
"5138","ancient","HPP",0.0183341087118962,"ancient_HPP"
"5139","ancient","HPP",0.00195719423430107,"ancient_HPP"
"5140","ancient","HPP",-0.0148468676315189,"ancient_HPP"
"5141","ancient","HPP",0.0253454959456801,"ancient_HPP"
"5142","ancient","HPP",-0.00303681178084699,"ancient_HPP"
"5143","ancient","HPP",0.0242768345926897,"ancient_HPP"
"5144","ancient","HPP",0.00692424224688483,"ancient_HPP"
"5145","ancient","HPP",0.00238823395444693,"ancient_HPP"
"5146","ancient","HPP",0.0216766127089871,"ancient_HPP"
"5147","ancient","HPP",0.00462531568595976,"ancient_HPP"
"5148","ancient","HPP",-0.0100810675952975,"ancient_HPP"
"5149","ancient","HPP",-0.0150295189109252,"ancient_HPP"
"5150","ancient","HPP",0.00484732276590111,"ancient_HPP"
"5151","ancient","HPP",-0.0191592830791587,"ancient_HPP"
"5152","ancient","HPP",-0.00235623033642941,"ancient_HPP"
"5153","ancient","HPP",-0.00240683065140305,"ancient_HPP"
"5154","ancient","HPP",0.00395958276701877,"ancient_HPP"
"5155","ancient","HPP",-0.00790611901407996,"ancient_HPP"
"5156","ancient","HPP",-0.0151325936266122,"ancient_HPP"
"5157","ancient","HPP",-0.00221956623786811,"ancient_HPP"
"5158","ancient","HPP",-0.00713630225636127,"ancient_HPP"
"5159","ancient","HPP",-0.00151736072722247,"ancient_HPP"
"5160","ancient","HPP",-0.00911259774916379,"ancient_HPP"
"5161","ancient","HPP",0.0113878819976795,"ancient_HPP"
"5162","ancient","HPP",0.00409422861939878,"ancient_HPP"
"5163","ancient","HPP",0.00214316120386233,"ancient_HPP"
"5164","ancient","HPP",0.00225185817676867,"ancient_HPP"
"5165","ancient","HPP",0.0330603861340833,"ancient_HPP"
"5166","ancient","HPP",-0.000682527610378111,"ancient_HPP"
"5167","ancient","HPP",0.0023200460656078,"ancient_HPP"
"5168","ancient","HPP",-0.000548458399764183,"ancient_HPP"
"5169","ancient","HPP",0.021063210030318,"ancient_HPP"
"5170","ancient","HPP",-0.000643027649401534,"ancient_HPP"
"5171","ancient","HPP",0.00574933464849395,"ancient_HPP"
"5172","ancient","HPP",-0.017461361398932,"ancient_HPP"
"5173","ancient","HPP",-0.00214806265887402,"ancient_HPP"
"5174","ancient","HPP",0.00953916849562251,"ancient_HPP"
"5175","ancient","HPP",0.00714235699490513,"ancient_HPP"
"5176","ancient","HPP",-0.00179559037935676,"ancient_HPP"
"5177","ancient","HPP",-0.0131698492153126,"ancient_HPP"
"5178","ancient","HPP",-0.00814470454479614,"ancient_HPP"
"5179","ancient","HPP",0.00917415425769298,"ancient_HPP"
"5180","ancient","HPP",-0.0129624023399648,"ancient_HPP"
"5181","ancient","HPP",-0.0128557236132398,"ancient_HPP"
"5182","ancient","HPP",0.0260378985463023,"ancient_HPP"
"5183","ancient","HPP",0.0135200149277655,"ancient_HPP"
"5184","ancient","HPP",-0.00593530161805521,"ancient_HPP"
"5185","ancient","HPP",-0.00615010067592054,"ancient_HPP"
"5186","ancient","HPP",-9.13256397031436e-05,"ancient_HPP"
"5187","ancient","HPP",0.0253538572512883,"ancient_HPP"
"5188","ancient","HPP",-0.00767877799780236,"ancient_HPP"
"5189","ancient","HPP",0.00561670704229523,"ancient_HPP"
"5190","ancient","HPP",-0.00414295484863266,"ancient_HPP"
"5191","ancient","HPP",-0.0012512405521759,"ancient_HPP"
"5192","ancient","HPP",0.00687378609235271,"ancient_HPP"
"5193","ancient","HPP",0.00697181519258655,"ancient_HPP"
"5194","ancient","HPP",0.021116405233239,"ancient_HPP"
"5195","ancient","HPP",-0.0129837380853098,"ancient_HPP"
"5196","ancient","HPP",0.00733812687448976,"ancient_HPP"
"5197","ancient","HPP",0.00465962587104161,"ancient_HPP"
"5198","ancient","HPP",-0.0063488979247771,"ancient_HPP"
"5199","ancient","HPP",-0.00825051830887208,"ancient_HPP"
"5200","ancient","HPP",0.0030977916476101,"ancient_HPP"
"5201","ancient","HPP",0.0255480413660162,"ancient_HPP"
"5202","ancient","HPP",-0.00514919473044473,"ancient_HPP"
"5203","ancient","HPP",0.0147583531204254,"ancient_HPP"
"5204","ancient","HPP",0.0172472831432743,"ancient_HPP"
"5205","ancient","HPP",-0.00299687933854586,"ancient_HPP"
"5206","ancient","HPP",0.00197276356198527,"ancient_HPP"
"5207","ancient","HPP",-0.0118662063426441,"ancient_HPP"
"5208","ancient","HPP",-0.00954219586489444,"ancient_HPP"
"5209","ancient","HPP",-0.00773687465573506,"ancient_HPP"
"5210","ancient","HPP",-0.000514148214682339,"ancient_HPP"
"5211","ancient","HPP",-0.00168487516026912,"ancient_HPP"
"5212","ancient","HPP",-0.00733279293815351,"ancient_HPP"
"5213","ancient","HPP",-0.00646653284505771,"ancient_HPP"
"5214","ancient","HPP",-0.0142018938161568,"ancient_HPP"
"5215","ancient","HPP",-0.00203057189903493,"ancient_HPP"
"5216","ancient","HPP",0.000888388720869175,"ancient_HPP"
"5217","ancient","HPP",-0.0157608448307579,"ancient_HPP"
"5218","ancient","HPP",-0.0193978686098749,"ancient_HPP"
"5219","ancient","HPP",-0.00978539452973928,"ancient_HPP"
"5220","ancient","HPP",-0.00964656802455518,"ancient_HPP"
"5221","ancient","HPP",0.00794590729593957,"ancient_HPP"
"5222","ancient","HPP",-0.00835042149484568,"ancient_HPP"
"5223","ancient","HPP",-0.0203943055816636,"ancient_HPP"
"5224","ancient","HPP",0.00068641994229916,"ancient_HPP"
"5225","ancient","HPP",-0.00541199921533633,"ancient_HPP"
"5226","ancient","HPP",-0.0031848645542884,"ancient_HPP"
"5227","ancient","HPP",-0.000942593046880828,"ancient_HPP"
"5228","ancient","HPP",0.0178849047761188,"ancient_HPP"
"5229","ancient","HPP",0.0110225794388669,"ancient_HPP"
"5230","ancient","HPP",0.0272827239588306,"ancient_HPP"
"5231","ancient","HPP",-0.00240164087550832,"ancient_HPP"
"5232","ancient","HPP",0.00684668392934688,"ancient_HPP"
"5233","ancient","HPP",-0.0162936618226171,"ancient_HPP"
"5234","ancient","HPP",-0.0155310530869745,"ancient_HPP"
"5235","ancient","HPP",-0.0105788535998673,"ancient_HPP"
"5236","ancient","HPP",-0.0169406538841605,"ancient_HPP"
"5237","ancient","HPP",0.00867406168605887,"ancient_HPP"
"5238","ancient","HPP",0.0161757385814535,"ancient_HPP"
"5239","ancient","HPP",0.00814989432069087,"ancient_HPP"
"5240","ancient","HPP",-0.00463223538715274,"ancient_HPP"
"5241","ancient","HPP",0.00205666493895011,"ancient_HPP"
"5242","ancient","HPP",-0.00425453503036942,"ancient_HPP"
"5243","ancient","HPP",0.0276163112205087,"ancient_HPP"
"5244","ancient","HPP",-0.0138201569670109,"ancient_HPP"
"5245","ancient","HPP",0.00823538146251244,"ancient_HPP"
"5246","ancient","HPP",0.0125761965171318,"ancient_HPP"
"5247","ancient","HPP",-0.00146661625180731,"ancient_HPP"
"5248","ancient","HPP",-0.00304445228424757,"ancient_HPP"
"5249","ancient","HPP",0.00285012400907814,"ancient_HPP"
"5250","ancient","HPP",-0.00891553042560547,"ancient_HPP"
"5251","ancient","HPP",-0.00941922700827758,"ancient_HPP"
"5252","ancient","HPP",-0.0193030110393545,"ancient_HPP"
"5253","ancient","HPP",0.0113917743296006,"ancient_HPP"
"5254","ancient","HPP",-0.00327193746096669,"ancient_HPP"
"5255","ancient","HPP",-0.0131748948307658,"ancient_HPP"
"5256","ancient","HPP",-0.00353748099424718,"ancient_HPP"
"5257","ancient","HPP",-0.0108272420406069,"ancient_HPP"
"5258","ancient","HPP",-0.0103999504919405,"ancient_HPP"
"5259","ancient","HPP",0.00616048022771,"ancient_HPP"
"5260","ancient","HPP",0.00304704717219494,"ancient_HPP"
"5261","ancient","HPP",-0.00190673807976895,"ancient_HPP"
"5262","ancient","HPP",-0.00285862947512784,"ancient_HPP"
"5263","ancient","HPP",-0.0129933968348917,"ancient_HPP"
"5264","ancient","HPP",-0.00916608127296784,"ancient_HPP"
"5265","ancient","HPP",-0.0134018033657188,"ancient_HPP"
"5266","ancient","HPP",0.0109574189192997,"ancient_HPP"
"5267","ancient","HPP",-0.017015328992868,"ancient_HPP"
"5268","ancient","HPP",0.0100483431750724,"ancient_HPP"
"5269","ancient","HPP",0.00315012188788199,"ancient_HPP"
"5270","ancient","HPP",0.00334574760702511,"ancient_HPP"
"5271","ancient","HPP",0.0188497706112145,"ancient_HPP"
"5272","ancient","HPP",0.00253945825760178,"ancient_HPP"
"5273","ancient","HPP",0.00751948070992237,"ancient_HPP"
"5274","ancient","HPP",0.00756907190180537,"ancient_HPP"
"5275","ancient","HPP",0.0123478463777635,"ancient_HPP"
"5276","ancient","HPP",-0.0212798831739231,"ancient_HPP"
"5277","ancient","HPP",0.00551536225190642,"ancient_HPP"
"5278","ancient","HPP",0.00678253253287033,"ancient_HPP"
"5279","ancient","HPP",0.0178851930970018,"ancient_HPP"
"5280","ancient","HPP",0.0110959571036008,"ancient_HPP"
"5281","ancient","HPP",0.00498067117430743,"ancient_HPP"
"5282","ancient","HPP",0.00445520636496575,"ancient_HPP"
"5283","ancient","HPP",-0.0121614469268777,"ancient_HPP"
"5284","ancient","HPP",0.0338133361201441,"ancient_HPP"
"5285","ancient","HPP",-0.0136366407249555,"ancient_HPP"
"5286","ancient","HPP",0.0205312580011079,"ancient_HPP"
"5287","ancient","HPP",0.000356725012542113,"ancient_HPP"
"5288","ancient","HPP",0.00318976600930009,"ancient_HPP"
"5289","ancient","HPP",0.00794014087827876,"ancient_HPP"
"5290","ancient","HPP",0.013268599117754,"ancient_HPP"
"5291","ancient","HPP",0.012914252752497,"ancient_HPP"
"5292","ancient","HPP",0.020482243450991,"ancient_HPP"
"5293","ancient","HPP",-0.00679637193525628,"ancient_HPP"
"5294","ancient","HPP",-0.0150414842275713,"ancient_HPP"
"5295","ancient","HPP",0.00792572483412672,"ancient_HPP"
"5296","ancient","HPP",-0.0142099668008819,"ancient_HPP"
"5297","ancient","HPP",-0.0128007984850205,"ancient_HPP"
"5298","ancient","HPP",0.00154431872978678,"ancient_HPP"
"5299","ancient","HPP",-0.00683471861270069,"ancient_HPP"
"5300","ancient","HPP",0.0233980325411816,"ancient_HPP"
"5301","ancient","HPP",-0.0111027326443523,"ancient_HPP"
"5302","ancient","HPP",-0.00718358688117995,"ancient_HPP"
"5303","ancient","HPP",0.011968704416565,"ancient_HPP"
"5304","ancient","HPP",-0.00190587311711983,"ancient_HPP"
"5305","ancient","HPP",-0.00323777143632637,"ancient_HPP"
"5306","ancient","HPP",-0.0132883490982423,"ancient_HPP"
"5307","ancient","HPP",-0.00218943670559036,"ancient_HPP"
"5308","ancient","HPP",-0.00661170240966871,"ancient_HPP"
"5309","ancient","HPP",0.000489064297857797,"ancient_HPP"
"5310","ancient","HPP",-0.00404723231546315,"ancient_HPP"
"5311","ancient","HPP",0.00872639192633076,"ancient_HPP"
"5312","ancient","HPP",-0.0147174115550336,"ancient_HPP"
"5313","ancient","HPP",0.00279952369410449,"ancient_HPP"
"5314","ancient","HPP",-0.00853091036762916,"ancient_HPP"
"5315","ancient","HPP",0.0159471001212022,"ancient_HPP"
"5316","ancient","HPP",0.0124840779950003,"ancient_HPP"
"5317","ancient","HPP",0.0073518221164342,"ancient_HPP"
"5318","ancient","HPP",-0.0170908690642247,"ancient_HPP"
"5319","ancient","HPP",-0.0114825954077584,"ancient_HPP"
"5320","ancient","HPP",0.0488623887708953,"ancient_HPP"
"5321","ancient","HPP",0.00510536995622254,"ancient_HPP"
"5322","ancient","HPP",-0.00506817656231029,"ancient_HPP"
"5323","ancient","HPP",0.00670612749886454,"ancient_HPP"
"5324","ancient","HPP",-0.0072795977352325,"ancient_HPP"
"5325","ancient","HPP",0.0139005984933793,"ancient_HPP"
"5326","ancient","HPP",-0.00795441276198927,"ancient_HPP"
"5327","ancient","HPP",-0.014263738645569,"ancient_HPP"
"5328","ancient","HPP",0.00858122236171977,"ancient_HPP"
"5329","ancient","HPP",-0.0106739994912707,"ancient_HPP"
"5330","ancient","HPP",-0.0121575545949567,"ancient_HPP"
"5331","ancient","HPP",0.0120720674531351,"ancient_HPP"
"5332","ancient","HPP",-0.00348442995176769,"ancient_HPP"
"5333","ancient","HPP",0.0174767865661747,"ancient_HPP"
"5334","ancient","HPP",-0.00252158236285325,"ancient_HPP"
"5335","ancient","HPP",-0.0117407867585213,"ancient_HPP"
"5336","ancient","HPP",-0.00866887191016414,"ancient_HPP"
"5337","ancient","HPP",0.0124457313175559,"ancient_HPP"
"5338","ancient","HPP",-0.00285142145305182,"ancient_HPP"
"5339","ancient","HPP",-0.0127193478355615,"ancient_HPP"
"5340","ancient","HPP",0.00672544499802826,"ancient_HPP"
"5341","ancient","HPP",-0.00731102471148394,"ancient_HPP"
"5342","ancient","HPP",-0.00597523406035635,"ancient_HPP"
"5343","ancient","HPP",-0.0218855011887501,"ancient_HPP"
"5344","ancient","HPP",0.0220385995776447,"ancient_HPP"
"5345","ancient","HPP",0.0158970764479946,"ancient_HPP"
"5346","ancient","HPP",-0.0147362965728728,"ancient_HPP"
"5347","ancient","HPP",0.00670540669665693,"ancient_HPP"
"5348","ancient","HPP",0.0209311590658854,"ancient_HPP"
"5349","ancient","HPP",-0.0109538149082617,"ancient_HPP"
"5350","ancient","HPP",0.00151779320854704,"ancient_HPP"
"5351","ancient","HPP",0.0107068680719374,"ancient_HPP"
"5352","ancient","HPP",0.00381787305300427,"ancient_HPP"
"5353","ancient","HPP",-0.00488307455539815,"ancient_HPP"
"5354","ancient","HPP",-0.00135575687227816,"ancient_HPP"
"5355","ancient","HPP",-0.0198610561084798,"ancient_HPP"
"5356","ancient","HPP",0.00952331084705527,"ancient_HPP"
"5357","ancient","HPP",0.00141140280270502,"ancient_HPP"
"5358","ancient","HPP",0.0103902917423587,"ancient_HPP"
"5359","ancient","HPP",0.0273509118476697,"ancient_HPP"
"5360","ancient","HPP",5.81687381534624e-05,"ancient_HPP"
"5361","ancient","HPP",-0.00349870183547821,"ancient_HPP"
"5362","ancient","HPP",-0.0159959705108776,"ancient_HPP"
"5363","ancient","HPP",-0.00573463028345888,"ancient_HPP"
"5364","ancient","HPP",0.029931383750884,"ancient_HPP"
"5365","ancient","HPP",-0.00875580065640092,"ancient_HPP"
"5366","ancient","HPP",-0.0119744708342258,"ancient_HPP"
"5367","ancient","HPP",-0.000804919825228891,"ancient_HPP"
"5368","ancient","HPP",-0.00407678520597482,"ancient_HPP"
"5369","ancient","HPP",-0.014784301999899,"ancient_HPP"
"5370","ancient","HPP",-0.00814470454479614,"ancient_HPP"
"5371","ancient","HPP",-0.00950687655672195,"ancient_HPP"
"5372","ancient","HPP",-0.0146567200091535,"ancient_HPP"
"5373","ancient","HPP",-0.00911951745035677,"ancient_HPP"
"5374","ancient","HPP",0.00720939160021209,"ancient_HPP"
"5375","ancient","HPP",0.0478607620232119,"ancient_HPP"
"5376","ancient","HPP",0.00235507705289725,"ancient_HPP"
"5377","ancient","HPP",0.0090758368365761,"ancient_HPP"
"5378","ancient","HPP",0.00363104112079389,"ancient_HPP"
"5379","ancient","HPP",0.0152392723533373,"ancient_HPP"
"5380","ancient","HPP",-0.0103375290207622,"ancient_HPP"
"5381","ancient","HPP",-0.00201875074283026,"ancient_HPP"
"5382","ancient","HPP",0.00942456094461383,"ancient_HPP"
"5383","ancient","HPP",-0.00408961548527013,"ancient_HPP"
"5384","ancient","HPP",-0.0111709205331914,"ancient_HPP"
"5385","ancient","HPP",0.00547615061181289,"ancient_HPP"
"5386","ancient","HPP",-0.00148578959052952,"ancient_HPP"
"5387","ancient","HPP",0.0117484272619219,"ancient_HPP"
"5388","ancient","HPP",0.000485604447261309,"ancient_HPP"
"5389","ancient","HPP",-0.0126083442955908,"ancient_HPP"
"5390","ancient","HPP",0.0066817643842476,"ancient_HPP"
"5391","ancient","HPP",0.00629483775920697,"ancient_HPP"
"5392","ancient","HPP",0.00736623816058623,"ancient_HPP"
"5393","ancient","HPP",-5.68712941797792e-05,"ancient_HPP"
"5394","ancient","HPP",-0.00388159196815626,"ancient_HPP"
"5395","ancient","HPP",0.0075586923500159,"ancient_HPP"
"5396","ancient","HPP",-0.0137097300688063,"ancient_HPP"
"5397","ancient","HPP",0.017589087550119,"ancient_HPP"
"5398","ancient","HPP",-0.0155198085725359,"ancient_HPP"
"5399","ancient","HPP",0.00236545660468671,"ancient_HPP"
"5400","ancient","HPP",0.0023030351335084,"ancient_HPP"
"5401","ancient","HPP",-0.019455532786483,"ancient_HPP"
"5402","ancient","HPP",0.0127439992710615,"ancient_HPP"
"5403","ancient","HPP",0.00225128153500259,"ancient_HPP"
"5404","ancient","HPP",-0.00323214917910707,"ancient_HPP"
"5405","ancient","HPP",-0.011348958678469,"ancient_HPP"
"5406","ancient","HPP",0.0134293380100492,"ancient_HPP"
"5407","ancient","HPP",0.000577434648509774,"ancient_HPP"
"5408","ancient","HPP",0.00616163351124216,"ancient_HPP"
"5409","ancient","HPP",0.0135175642002597,"ancient_HPP"
"5410","ancient","HPP",0.00467505103828428,"ancient_HPP"
"5411","ancient","HPP",0.00861553254680161,"ancient_HPP"
"5412","ancient","HPP",-0.00281639046576238,"ancient_HPP"
"5413","ancient","HPP",0.0097381099049206,"ancient_HPP"
"5414","ancient","HPP",-0.00420090734612384,"ancient_HPP"
"5415","ancient","HPP",-0.000789638818427733,"ancient_HPP"
"5416","ancient","HPP",-0.00209400249330389,"ancient_HPP"
"5417","ancient","HPP",-0.016498369649576,"ancient_HPP"
"5418","ancient","HPP",-0.0186305025796621,"ancient_HPP"
"5419","ancient","HPP",0.00748848621499549,"ancient_HPP"
"5420","ancient","HPP",0.0118530877424657,"ancient_HPP"
"5421","ancient","HPP",0.0136637428879613,"ancient_HPP"
"5422","ancient","HPP",-0.00715187158404547,"ancient_HPP"
"5423","ancient","HPP",-0.0189042632581092,"ancient_HPP"
"5424","ancient","HPP",-0.000750283017892677,"ancient_HPP"
"5425","ancient","HPP",0.00940423432235946,"ancient_HPP"
"5426","ancient","HPP",0.00921206845381283,"ancient_HPP"
"5427","ancient","HPP",0.00493929712759109,"ancient_HPP"
"5428","ancient","HPP",-0.0155947720021265,"ancient_HPP"
"5429","ancient","HPP",-0.0108589573377413,"ancient_HPP"
"5430","ancient","HPP",-0.00620243091619242,"ancient_HPP"
"5431","ancient","HPP",-0.0110002345704313,"ancient_HPP"
"5432","ancient","HPP",-0.00807305680536052,"ancient_HPP"
"5433","ancient","HPP",-0.00412233990549525,"ancient_HPP"
"5434","ancient","HPP",0.0194353503246702,"ancient_HPP"
"5435","ancient","HPP",0.0413516297676849,"ancient_HPP"
"5436","ancient","HPP",-0.0174906259685606,"ancient_HPP"
"5437","ancient","HPP",-0.0125365523957137,"ancient_HPP"
"5438","ancient","HPP",-0.00104105462843923,"ancient_HPP"
"5439","ancient","HPP",-0.0004168399166561,"ancient_HPP"
"5440","ancient","HPP",-0.00460167337355043,"ancient_HPP"
"5441","ancient","HPP",-0.00790337996569107,"ancient_HPP"
"5442","ancient","HPP",-0.00981696566643223,"ancient_HPP"
"5443","ancient","HPP",0.00759285837465623,"ancient_HPP"
"5444","ancient","HPP",0.000548890881088744,"ancient_HPP"
"5445","ancient","HPP",-0.000762824976304948,"ancient_HPP"
"5446","ancient","HPP",0.00557792788352626,"ancient_HPP"
"5447","ancient","HPP",0.0130878219240875,"ancient_HPP"
"5448","ancient","HPP",-0.00346237340421508,"ancient_HPP"
"5449","ancient","HPP",0.00988861340586785,"ancient_HPP"
"5450","ancient","HPP",0.00969370848893233,"ancient_HPP"
"5451","ancient","HPP",0.0271110288729799,"ancient_HPP"
"5452","ancient","HPP",-0.00313628248549604,"ancient_HPP"
"5453","ancient","HPP",0.0180740432753935,"ancient_HPP"
"5454","ancient","HPP",0.00518696476612306,"ancient_HPP"
"5455","ancient","HPP",0.0129683129180671,"ancient_HPP"
"5456","ancient","HPP",-0.014731106796978,"ancient_HPP"
"5457","ancient","HPP",-0.000238369290053904,"ancient_HPP"
"5458","ancient","HPP",-0.00366578378720029,"ancient_HPP"
"5459","ancient","HPP",-0.00473098528959418,"ancient_HPP"
"5460","ancient","HPP",-0.00042087640901867,"ancient_HPP"
"5461","ancient","HPP",0.0126293917200528,"ancient_HPP"
"5462","ancient","HPP",0.0142522058102474,"ancient_HPP"
"5463","ancient","HPP",-0.015155803457697,"ancient_HPP"
"5464","ancient","HPP",-0.0157340309886351,"ancient_HPP"
"5465","ancient","HPP",0.00250284150545561,"ancient_HPP"
"5466","ancient","HPP",0.01169609702165,"ancient_HPP"
"5467","ancient","HPP",-0.00300466400238796,"ancient_HPP"
"5468","ancient","HPP",-0.0133969019107072,"ancient_HPP"
"5469","ancient","HPP",0.0229185549126849,"ancient_HPP"
"5470","ancient","HPP",-0.0139948794221336,"ancient_HPP"
"5471","ancient","HPP",0.00544342619158777,"ancient_HPP"
"5472","ancient","HPP",-0.0162090396434447,"ancient_HPP"
"5473","ancient","HPP",-0.0155695439248604,"ancient_HPP"
"5474","ancient","HPP",-0.00799362440208281,"ancient_HPP"
"5475","ancient","HPP",-0.00958544399735054,"ancient_HPP"
"5476","ancient","HPP",-0.0134678288479352,"ancient_HPP"
"5477","ancient","HPP",-0.00862216392711155,"ancient_HPP"
"5478","ancient","HPP",-0.00599743476835048,"ancient_HPP"
"5479","ancient","HPP",0.0034491106435952,"ancient_HPP"
"5480","ancient","HPP",-0.011228152228475,"ancient_HPP"
"5481","ancient","HPP",-0.0109282985101126,"ancient_HPP"
"5482","ancient","HPP",0.00350043176077645,"ancient_HPP"
"5483","ancient","HPP",0.011366690412776,"ancient_HPP"
"5484","ancient","HPP",-0.00765946049863863,"ancient_HPP"
"5485","ancient","HPP",0.0254507330679899,"ancient_HPP"
"5486","ancient","HPP",0.0162127878149242,"ancient_HPP"
"5487","ancient","HPP",0.0108085011832092,"ancient_HPP"
"5488","ancient","HPP",0.00474410388977253,"ancient_HPP"
"5489","ancient","HPP",-0.00541704483078954,"ancient_HPP"
"5490","ancient","HPP",-0.00430254045739569,"ancient_HPP"
"5491","ancient","HPP",-0.0177845691088206,"ancient_HPP"
"5492","ancient","HPP",0.01025103275585,"ancient_HPP"
"5493","ancient","HPP",0.00376193880169437,"ancient_HPP"
"5494","ancient","HPP",-0.0170969238027685,"ancient_HPP"
"5495","ancient","HPP",-0.00606879418690306,"ancient_HPP"
"5496","ancient","HPP",-0.0139617225205839,"ancient_HPP"
"5497","ancient","HPP",-0.00065773201443661,"ancient_HPP"
"5498","ancient","HPP",-0.0107775066882823,"ancient_HPP"
"5499","ancient","HPP",-0.00202336387695891,"ancient_HPP"
"5500","ancient","HPP",0.0149519605933872,"ancient_HPP"
"5501","ancient","HPP",-0.00794086168048636,"ancient_HPP"
"5502","ancient","HPP",-0.0140865654629405,"ancient_HPP"
"5503","ancient","HPP",0.0119428996975329,"ancient_HPP"
"5504","ancient","HPP",0.00284003277817171,"ancient_HPP"
"5505","ancient","HPP",0.0109304609167354,"ancient_HPP"
"5506","ancient","HPP",0.00154388624846222,"ancient_HPP"
"5507","ancient","HPP",-0.00146459800562603,"ancient_HPP"
"5508","ancient","HPP",-0.00435991631312079,"ancient_HPP"
"5509","ancient","HPP",0.0120491459429334,"ancient_HPP"
"5510","ancient","HPP",-0.00518321659464353,"ancient_HPP"
"5511","ancient","HPP",0.00723591712145183,"ancient_HPP"
"5512","ancient","HPP",0.0020360499958127,"ancient_HPP"
"5513","ancient","HPP",-0.0141824321565516,"ancient_HPP"
"5514","ancient","HPP",-0.0245247905521047,"ancient_HPP"
"5515","ancient","HPP",-0.00864868944835129,"ancient_HPP"
"5516","ancient","HPP",0.01233328617317,"ancient_HPP"
"5517","ancient","HPP",-0.0105952878902006,"ancient_HPP"
"5518","ancient","HPP",0.00388087116594866,"ancient_HPP"
"5519","ancient","HPP",-0.0137316424559174,"ancient_HPP"
"5520","ancient","HPP",-0.0105932696440193,"ancient_HPP"
"5521","ancient","HPP",-0.0117286772814336,"ancient_HPP"
"5522","ancient","HPP",0.0116760587202787,"ancient_HPP"
"5523","ancient","HPP",-5.97545030101863e-05,"ancient_HPP"
"5524","ancient","HPP",0.00515178961839209,"ancient_HPP"
"5525","ancient","HPP",-0.00217891299335937,"ancient_HPP"
"5526","ancient","HPP",0.0206140060945406,"ancient_HPP"
"5527","ancient","HPP",-0.00284969152775358,"ancient_HPP"
"5528","ancient","HPP",0.00167045911611709,"ancient_HPP"
"5529","ancient","HPP",0.00937713215935364,"ancient_HPP"
"5530","ancient","HPP",-0.000664075073863506,"ancient_HPP"
"5531","ancient","HPP",-0.0135133835474556,"ancient_HPP"
"5532","ancient","HPP",0.00543953385966672,"ancient_HPP"
"5533","ancient","HPP",0.00603621392711946,"ancient_HPP"
"5534","ancient","HPP",-0.00195157197708178,"ancient_HPP"
"5535","ancient","HPP",0.00198025990494433,"ancient_HPP"
"5536","ancient","HPP",-0.0152425880434922,"ancient_HPP"
"5537","ancient","HPP",-0.0124989265204769,"ancient_HPP"
"5538","ancient","HPP",-0.00408932716438709,"ancient_HPP"
"5539","ancient","HPP",0.0394092119786396,"ancient_HPP"
"5540","ancient","HPP",-0.0103290235547125,"ancient_HPP"
"5541","ancient","HPP",0.000492956629778847,"ancient_HPP"
"5542","ancient","HPP",-0.0198632185151026,"ancient_HPP"
"5543","ancient","HPP",0.00818261874091599,"ancient_HPP"
"5544","ancient","HPP",-0.0103895709401511,"ancient_HPP"
"5545","ancient","HPP",-0.000141637633793747,"ancient_HPP"
"5546","ancient","HPP",0.00983613900515444,"ancient_HPP"
"5547","ancient","HPP",-0.00496611096971388,"ancient_HPP"
"5548","ancient","HPP",0.001241293481711,"ancient_HPP"
"5549","ancient","HPP",-0.0132466867306429,"ancient_HPP"
"5550","ancient","HPP",-0.00278208028068053,"ancient_HPP"
"5551","ancient","HPP",-0.00135143205903255,"ancient_HPP"
"5552","ancient","HPP",0.00991845461726256,"ancient_HPP"
"5553","ancient","HPP",0.00214705353578338,"ancient_HPP"
"5554","ancient","HPP",0.0138524489059115,"ancient_HPP"
"5555","ancient","HPP",0.00634096910049348,"ancient_HPP"
"5556","ancient","HPP",0.000144376682182633,"ancient_HPP"
"5557","ancient","HPP",-0.00527519095633351,"ancient_HPP"
"5558","ancient","HPP",0.00420364639451273,"ancient_HPP"
"5559","ancient","HPP",-0.00819299829270546,"ancient_HPP"
"5560","ancient","HPP",0.00035542756856843,"ancient_HPP"
"5561","ancient","HPP",-0.00251740171004916,"ancient_HPP"
"5562","ancient","HPP",0.0141906493017182,"ancient_HPP"
"5563","ancient","HPP",0.00725163060957755,"ancient_HPP"
"5564","ancient","HPP",0.00359961414454245,"ancient_HPP"
"5565","ancient","HPP",-0.0221585410649896,"ancient_HPP"
"5566","ancient","HPP",-0.0128279006480263,"ancient_HPP"
"5567","ancient","HPP",-0.00551665969588011,"ancient_HPP"
"5568","ancient","HPP",0.0187407853174251,"ancient_HPP"
"5569","ancient","HPP",-0.0111060483345072,"ancient_HPP"
"5570","ancient","HPP",-0.0182995102059313,"ancient_HPP"
"5571","ancient","HPP",-0.0187707706892614,"ancient_HPP"
"5572","ancient","HPP",0.0075827671437498,"ancient_HPP"
"5573","ancient","HPP",-0.00385679637221476,"ancient_HPP"
"5574","ancient","HPP",0.0169925516431078,"ancient_HPP"
"5575","ancient","HPP",-0.005423820371541,"ancient_HPP"
"5576","ancient","HPP",0.00646191971092906,"ancient_HPP"
"5577","ancient","HPP",-0.0222172143646884,"ancient_HPP"
"5578","ancient","HPP",0.0126193004891464,"ancient_HPP"
"5579","ancient","HPP",-0.0170701099606458,"ancient_HPP"
"5580","ancient","HPP",-0.0135230422970375,"ancient_HPP"
"5581","ancient","HPP",-0.0144596526855952,"ancient_HPP"
"5582","ancient","HPP",0.0283998232201718,"ancient_HPP"
"5583","ancient","HPP",-0.0117214692593576,"ancient_HPP"
"5584","ancient","HPP",0.00637037783056364,"ancient_HPP"
"5585","ancient","HPP",0.00309952157290835,"ancient_HPP"
"5586","ancient","HPP",-0.00596139465797039,"ancient_HPP"
"5587","ancient","HPP",0.0243197944042628,"ancient_HPP"
"5588","ancient","HPP",-0.00783302967022914,"ancient_HPP"
"5589","ancient","HPP",-0.0108005723589256,"ancient_HPP"
"5590","ancient","HPP",-0.0134319328979966,"ancient_HPP"
"5591","ancient","HPP",-0.0136010330959,"ancient_HPP"
"5592","ancient","HPP",-0.014933075575548,"ancient_HPP"
"5593","ancient","HPP",-0.00313066022827674,"ancient_HPP"
"5594","ancient","HPP",-0.0120097901423983,"ancient_HPP"
"5595","ancient","HPP",-0.000461817974410451,"ancient_HPP"
"5596","ancient","HPP",-0.00387380730431416,"ancient_HPP"
"5597","ancient","HPP",0.00831423722402407,"ancient_HPP"
"5598","ancient","HPP",0.00384511937645161,"ancient_HPP"
"5599","ancient","HPP",-0.00104754184830764,"ancient_HPP"
"5600","ancient","HPP",-0.0185209406441066,"ancient_HPP"
"5601","ancient","HPP",-0.00814297461949789,"ancient_HPP"
"5602","ancient","HPP",-0.00825383399902705,"ancient_HPP"
"5603","ancient","HPP",-0.00467591600093341,"ancient_HPP"
"5604","ancient","HPP",0.00761304083646908,"ancient_HPP"
"5605","ancient","HPP",0.00394459008110066,"ancient_HPP"
"5606","ancient","HPP",0.0347427384866258,"ancient_HPP"
"5607","ancient","HPP",-0.00736393159352191,"ancient_HPP"
"5608","ancient","HPP",0.00963618847276571,"ancient_HPP"
"5609","ancient","HPP",-0.00586985277760497,"ancient_HPP"
"5610","ancient","HPP",0.0144941070311186,"ancient_HPP"
"5611","ancient","HPP",-0.00791231791306533,"ancient_HPP"
"5612","ancient","HPP",-0.0064062737805022,"ancient_HPP"
"5613","ancient","HPP",-0.0112479022089633,"ancient_HPP"
"5614","ancient","HPP",0.00714466356196945,"ancient_HPP"
"5615","ancient","HPP",-0.00158324204899728,"ancient_HPP"
"5616","ancient","HPP",-0.00523626763712302,"ancient_HPP"
"5617","ancient","HPP",0.0102498794723179,"ancient_HPP"
"5618","ancient","HPP",0.0118476096456879,"ancient_HPP"
"5619","ancient","HPP",-0.00682462738179427,"ancient_HPP"
"5620","ancient","HPP",0.00228357347390315,"ancient_HPP"
"5621","ancient","HPP",-0.00612847660969248,"ancient_HPP"
"5622","ancient","HPP",-0.00723952113248984,"ancient_HPP"
"5623","ancient","HPP",-0.00708209793034962,"ancient_HPP"
"5624","ancient","HPP",0.0153902083356091,"ancient_HPP"
"5625","ancient","HPP",0.00772462101820583,"ancient_HPP"
"5626","ancient","HPP",-0.0104026895403294,"ancient_HPP"
"5627","ancient","HPP",-0.00266055302847887,"ancient_HPP"
"5628","ancient","HPP",0.0218344683924519,"ancient_HPP"
"5629","ancient","HPP",-0.0156110621320183,"ancient_HPP"
"5630","ancient","HPP",-0.00742649722514174,"ancient_HPP"
"5631","ancient","HPP",0.02578734769894,"ancient_HPP"
"5632","ancient","HPP",-0.00654264955818046,"ancient_HPP"
"5633","ancient","HPP",-0.0160534905270442,"ancient_HPP"
"5634","ancient","HPP",-0.000501317935387027,"ancient_HPP"
"5635","ancient","HPP",0.00595822312825695,"ancient_HPP"
"5636","ancient","HPP",-0.0126854701318042,"ancient_HPP"
"5637","ancient","HPP",-0.0054797546228509,"ancient_HPP"
"5638","ancient","HPP",0.0184145502382646,"ancient_HPP"
"5639","ancient","HPP",-0.00320274044903692,"ancient_HPP"
"5640","ancient","HPP",-0.00244604229149659,"ancient_HPP"
"5641","ancient","HPP",0.0252408354651363,"ancient_HPP"
"5642","ancient","HPP",-0.004460540301302,"ancient_HPP"
"5643","ancient","HPP",0.0339200148468692,"ancient_HPP"
"5644","ancient","HPP",-0.00417798583592211,"ancient_HPP"
"5645","ancient","HPP",0.00170448098031589,"ancient_HPP"
"5646","ancient","HPP",-0.0014771399640383,"ancient_HPP"
"5647","ancient","HPP",0.00654063131199917,"ancient_HPP"
"5648","ancient","HPP",0.0128836907388947,"ancient_HPP"
"5649","ancient","HPP",0.0126011362735148,"ancient_HPP"
"5650","ancient","HPP",-0.0144146746278408,"ancient_HPP"
"5651","ancient","HPP",0.000431544281691176,"ancient_HPP"
"5652","ancient","HPP",0.00790179420083434,"ancient_HPP"
"5653","ancient","HPP",-0.0152330734543519,"ancient_HPP"
"5654","ancient","HPP",-0.00804984697427575,"ancient_HPP"
"5655","ancient","HPP",0.0281259183812831,"ancient_HPP"
"5656","ancient","HPP",-0.00241648940098492,"ancient_HPP"
"5657","ancient","HPP",0.00287621704899332,"ancient_HPP"
"5658","ancient","HPP",-0.00246247658182991,"ancient_HPP"
"5659","ancient","HPP",0.00630954212424205,"ancient_HPP"
"5660","ancient","HPP",-0.00270437780270106,"ancient_HPP"
"5661","ancient","HPP",-0.00917300097416082,"ancient_HPP"
"5662","ancient","HPP",-0.00365785496291667,"ancient_HPP"
"5663","ancient","HPP",-0.00059213901354485,"ancient_HPP"
"5664","ancient","HPP",0.0119441971415066,"ancient_HPP"
"5665","ancient","HPP",-0.00793278869576122,"ancient_HPP"
"5666","ancient","HPP",-0.00978092555605214,"ancient_HPP"
"5667","ancient","HPP",0.0188414093056063,"ancient_HPP"
"5668","ancient","HPP",-0.00245051126518372,"ancient_HPP"
"5669","ancient","HPP",0.0178500179492709,"ancient_HPP"
"5670","ancient","HPP",-0.00123595954537475,"ancient_HPP"
"5671","ancient","HPP",-0.00654783933407519,"ancient_HPP"
"5672","ancient","HPP",-0.0150517196189193,"ancient_HPP"
"5673","ancient","HPP",0.0115980679214162,"ancient_HPP"
"5674","ancient","HPP",-0.00709593733273557,"ancient_HPP"
"5675","ancient","HPP",0.0409644148217612,"ancient_HPP"
"5676","ancient","HPP",0.0155301881243253,"ancient_HPP"
"5677","ancient","HPP",-0.00402041847334036,"ancient_HPP"
"5678","ancient","HPP",0.0129275155131169,"ancient_HPP"
"5679","ancient","HPP",-0.0073128987972237,"ancient_HPP"
"5680","ancient","HPP",0.00853408189734261,"ancient_HPP"
"5681","ancient","HPP",-0.00393651709637552,"ancient_HPP"
"5682","ancient","HPP",0.0294719444237587,"ancient_HPP"
"5683","ancient","HPP",-0.00158151212369903,"ancient_HPP"
"5684","ancient","HPP",-0.00291586117041142,"ancient_HPP"
"5685","ancient","HPP",-0.00648354377715711,"ancient_HPP"
"5686","ancient","HPP",-0.000856817584176218,"ancient_HPP"
"5687","ancient","HPP",0.00200246061293846,"ancient_HPP"
"5688","ancient","HPP",-0.0121160363877988,"ancient_HPP"
"5689","ancient","HPP",0.0225025078784572,"ancient_HPP"
"5690","ancient","HPP",0.00895041725245339,"ancient_HPP"
"5691","ancient","HPP",0.00992292359094969,"ancient_HPP"
"5692","ancient","HPP",0.00251855499358133,"ancient_HPP"
"5693","ancient","HPP",-0.0116408835725477,"ancient_HPP"
"5694","ancient","HPP",0.00365324182878802,"ancient_HPP"
"5695","ancient","HPP",-0.00271836136552853,"ancient_HPP"
"5696","ancient","HPP",0.00577888753900563,"ancient_HPP"
"5697","ancient","HPP",0.0102387791183208,"ancient_HPP"
"5698","ancient","HPP",0.00253671920921289,"ancient_HPP"
"5699","ancient","HPP",-0.00159736977226627,"ancient_HPP"
"5700","ancient","HPP",0.00208001893047641,"ancient_HPP"
"5701","ancient","HPP",-0.017369098716359,"ancient_HPP"
"5702","ancient","HPP",-0.00942340766108167,"ancient_HPP"
"5703","ancient","HPP",-0.00426880691407993,"ancient_HPP"
"5704","ancient","HPP",0.00437779220786932,"ancient_HPP"
"5705","ancient","HPP",-0.0110570337843903,"ancient_HPP"
"5706","ancient","HPP",0.0172034583690521,"ancient_HPP"
"5707","ancient","HPP",0.0249982134420576,"ancient_HPP"
"5708","ancient","HPP",-0.00384915586881418,"ancient_HPP"
"5709","ancient","HPP",0.0121532297817111,"ancient_HPP"
"5710","ancient","HPP",0.0089277840631347,"ancient_HPP"
"5711","ancient","HPP",-0.0047141185179363,"ancient_HPP"
"5712","ancient","HPP",-3.42381048610838e-05,"ancient_HPP"
"5713","ancient","HPP",-0.0122313647410151,"ancient_HPP"
"5714","ancient","HPP",0.017447521996546,"ancient_HPP"
"5715","ancient","HPP",-7.56842317981853e-06,"ancient_HPP"
"5716","ancient","HPP",-0.000424336259615159,"ancient_HPP"
"5717","ancient","HPP",-0.00689137366621819,"ancient_HPP"
"5718","ancient","HPP",0.00917199185107017,"ancient_HPP"
"5719","ancient","HPP",0.00324281705177958,"ancient_HPP"
"5720","ancient","HPP",0.0101286405409992,"ancient_HPP"
"5721","ancient","HPP",0.00185584944391226,"ancient_HPP"
"5722","ancient","HPP",0.0059487085391166,"ancient_HPP"
"5723","ancient","HPP",-0.0091842454885994,"ancient_HPP"
"5724","ancient","HPP",-0.00487255084316717,"ancient_HPP"
"5725","ancient","HPP",0.000713377944863466,"ancient_HPP"
"5726","ancient","HPP",0.00959135457545288,"ancient_HPP"
"5727","ancient","HPP",0.0143743097042151,"ancient_HPP"
"5728","ancient","HPP",-0.00967612091506685,"ancient_HPP"
"5729","ancient","HPP",-0.0201500977937281,"ancient_HPP"
"5730","ancient","HPP",0.00819919719169083,"ancient_HPP"
"5731","ancient","HPP",-0.00515755603605291,"ancient_HPP"
"5732","ancient","HPP",0.00430917183770563,"ancient_HPP"
"5733","ancient","HPP",0.00894984061068731,"ancient_HPP"
"5734","ancient","HPP",-0.0132840242849967,"ancient_HPP"
"5735","ancient","HPP",0.00449153479622888,"ancient_HPP"
"5736","ancient","HPP",-0.0158988063732929,"ancient_HPP"
"5737","ancient","HPP",-0.00242859887807263,"ancient_HPP"
"5738","ancient","HPP",0.00831063321298607,"ancient_HPP"
"5739","ancient","HPP",0.0192663942872083,"ancient_HPP"
"5740","ancient","HPP",-0.00859679168940397,"ancient_HPP"
"5741","ancient","HPP",0.0106356528138263,"ancient_HPP"
"5742","ancient","HPP",-0.00980572115199365,"ancient_HPP"
"5743","ancient","HPP",-0.00712203037265076,"ancient_HPP"
"5744","ancient","HPP",0.00561685120273675,"ancient_HPP"
"5745","ancient","HPP",-0.00748199899512708,"ancient_HPP"
"5746","ancient","HPP",-0.013856197077391,"ancient_HPP"
"5747","ancient","HPP",0.0158624779420298,"ancient_HPP"
"5748","ancient","HPP",-0.0104201329537534,"ancient_HPP"
"5749","ancient","HPP",0.00692842289968892,"ancient_HPP"
"5750","ancient","HPP",-0.00577009375207289,"ancient_HPP"
"5751","ancient","HPP",0.0139164561419465,"ancient_HPP"
"5752","ancient","HPP",0.0445325299098315,"ancient_HPP"
"5753","ancient","HPP",-0.00123177889257066,"ancient_HPP"
"5754","ancient","HPP",-0.00171385140901472,"ancient_HPP"
"5755","ancient","HPP",0.00207843316561969,"ancient_HPP"
"5756","ancient","HPP",-0.00639719167268642,"ancient_HPP"
"5757","ancient","HPP",0.0205169861173974,"ancient_HPP"
"5758","ancient","HPP",0.00620344003928307,"ancient_HPP"
"5759","ancient","HPP",0.0376921169596907,"ancient_HPP"
"5760","ancient","HPP",0.0127442875919445,"ancient_HPP"
"5761","ancient","HPP",-0.00726806489991087,"ancient_HPP"
"5762","ancient","HPP",-0.0138750820952302,"ancient_HPP"
"5763","ancient","HPP",-0.00786258256074081,"ancient_HPP"
"5764","ancient","HPP",-0.00169438974940947,"ancient_HPP"
"5765","ancient","HPP",0.0232087498814654,"ancient_HPP"
"5766","ancient","HPP",-0.00228328515302011,"ancient_HPP"
"5767","ancient","HPP",0.00949390211698512,"ancient_HPP"
"5768","ancient","HPP",0.0193058942481849,"ancient_HPP"
"5769","ancient","HPP",0.0182503514953729,"ancient_HPP"
"5770","ancient","HPP",-0.0026543541294935,"ancient_HPP"
"5771","ancient","HPP",-0.00505505796213193,"ancient_HPP"
"5772","ancient","HPP",0.00539469996235389,"ancient_HPP"
"5773","ancient","HPP",-0.0177684231393703,"ancient_HPP"
"5774","ancient","HPP",0.0087648827642167,"ancient_HPP"
"5775","ancient","HPP",0.00511517286624592,"ancient_HPP"
"5776","ancient","HPP",0.0210091498647479,"ancient_HPP"
"5777","ancient","HPP",0.00548148454814914,"ancient_HPP"
"5778","ancient","HPP",0.0106542495107824,"ancient_HPP"
"5779","ancient","HPP",-0.0146477820617793,"ancient_HPP"
"5780","ancient","HPP",-0.00294800894887046,"ancient_HPP"
"5781","ancient","HPP",0.0251270928767768,"ancient_HPP"
"5782","ancient","HPP",-0.0073588859780687,"ancient_HPP"
"5783","ancient","HPP",-0.0104628044444434,"ancient_HPP"
"5784","ancient","HPP",-0.00284623167715709,"ancient_HPP"
"5785","ancient","HPP",-0.00904152665149426,"ancient_HPP"
"5786","ancient","HPP",-0.00375112676858034,"ancient_HPP"
"5787","ancient","HPP",0.00055955875376125,"ancient_HPP"
"5788","ancient","HPP",0.00324916011120647,"ancient_HPP"
"5789","ancient","HPP",0.00476644875820819,"ancient_HPP"
"5790","ancient","HPP",0.0130889752076197,"ancient_HPP"
"5791","ancient","HPP",0.0225071210125859,"ancient_HPP"
"5792","ancient","HPP",0.0163729500654533,"ancient_HPP"
"5793","ancient","HPP",-0.000989301029933422,"ancient_HPP"
"5794","ancient","HPP",-0.00289207469756056,"ancient_HPP"
"5795","ancient","HPP",-0.00713024751781742,"ancient_HPP"
"5796","ancient","HPP",0.00408111001922043,"ancient_HPP"
"5797","ancient","HPP",-0.0218024647744344,"ancient_HPP"
"5798","ancient","HPP",0.0269860417701817,"ancient_HPP"
"5799","ancient","HPP",0.0288836256619141,"ancient_HPP"
"5800","ancient","HPP",-0.00813576659742188,"ancient_HPP"
"5801","ancient","HPP",0.000211987929255679,"ancient_HPP"
"5802","ancient","HPP",-0.0100603084917186,"ancient_HPP"
"5803","ancient","HPP",0.00378990592734932,"ancient_HPP"
"5804","ancient","HPP",0.01059427876711,"ancient_HPP"
"5805","ancient","HPP",-0.00762832184327024,"ancient_HPP"
"5806","ancient","HPP",-0.0153749273288079,"ancient_HPP"
"5807","ancient","HPP",-0.00818997092343353,"ancient_HPP"
"5808","ancient","HPP",0.0147269261441739,"ancient_HPP"
"5809","ancient","HPP",0.00336333518089059,"ancient_HPP"
"5810","ancient","HPP",-0.0207707084944732,"ancient_HPP"
"5811","ancient","HPP",-0.00841601449573744,"ancient_HPP"
"5812","ancient","HPP",0.00183941515357894,"ancient_HPP"
"5813","ancient","HPP",-0.0120674543190065,"ancient_HPP"
"5814","ancient","HPP",-0.00778084359039877,"ancient_HPP"
"5815","ancient","HPP",-0.0158324925701935,"ancient_HPP"
"5816","ancient","HPP",0.0154712265037435,"ancient_HPP"
"5817","ancient","HPP",0.00954306082754356,"ancient_HPP"
"5818","ancient","HPP",0.0105418043663966,"ancient_HPP"
"5819","ancient","HPP",-0.0035942802082062,"ancient_HPP"
"5820","ancient","HPP",0.0107199866721157,"ancient_HPP"
"5821","ancient","HPP",-0.0109285868309957,"ancient_HPP"
"5822","ancient","HPP",0.0240878402538565,"ancient_HPP"
"5823","ancient","HPP",-0.00713702305856887,"ancient_HPP"
"5824","ancient","HPP",0.0274972346958129,"ancient_HPP"
"5825","ancient","HPP",0.00638407307250807,"ancient_HPP"
"5826","ancient","HPP",-0.00516116004709092,"ancient_HPP"
"5827","ancient","HPP",-0.00916247726192983,"ancient_HPP"
"5828","ancient","HPP",0.0168716010326722,"ancient_HPP"
"5829","ancient","HPP",-0.000394062566895885,"ancient_HPP"
"5830","ancient","HPP",-0.0106114338596509,"ancient_HPP"
"5831","ancient","HPP",-0.00450119354581074,"ancient_HPP"
"5832","ancient","HPP",-0.00984997840754039,"ancient_HPP"
"5833","ancient","HPP",-0.0148304333411855,"ancient_HPP"
"5834","ancient","HPP",-0.00186911220453214,"ancient_HPP"
"5835","ancient","HPP",0.00500762917687174,"ancient_HPP"
"5836","ancient","HPP",-0.00472795792032225,"ancient_HPP"
"5837","ancient","HPP",-0.0113192616275158,"ancient_HPP"
"5838","ancient","HPP",-0.00206935105780391,"ancient_HPP"
"5839","ancient","HPP",-0.014918947852279,"ancient_HPP"
"5840","ancient","HPP",-0.00734519073612426,"ancient_HPP"
"5841","ancient","HPP",-0.0111317088930979,"ancient_HPP"
"5842","ancient","HPP",0.00384209200717969,"ancient_HPP"
"5843","ancient","HPP",-0.00961196951859029,"ancient_HPP"
"5844","ancient","HPP",0.00410345488765609,"ancient_HPP"
"5845","ancient","HPP",-0.00404867391987835,"ancient_HPP"
"5846","ancient","HPP",0.00957434364335348,"ancient_HPP"
"5847","ancient","HPP",0.011161405944051,"ancient_HPP"
"5848","ancient","HPP",-0.00644173724911621,"ancient_HPP"
"5849","ancient","HPP",0.0304526679074216,"ancient_HPP"
"5850","ancient","HPP",0.000616357967720269,"ancient_HPP"
"5851","ancient","HPP",0.00320245212815388,"ancient_HPP"
"5852","ancient","HPP",-0.00988212618599943,"ancient_HPP"
"5853","ancient","HPP",-0.00665797791139674,"ancient_HPP"
"5854","ancient","HPP",-0.00983109338970123,"ancient_HPP"
"5855","ancient","HPP",0.0174387282096133,"ancient_HPP"
"5856","ancient","HPP",0.00168357771629544,"ancient_HPP"
"5857","ancient","HPP",0.000334235983664938,"ancient_HPP"
"5858","ancient","HPP",0.0115951847125858,"ancient_HPP"
"5859","ancient","HPP",-0.0215781511274287,"ancient_HPP"
"5860","ancient","HPP",0.00976564454925099,"ancient_HPP"
"5861","ancient","HPP",0.0119132026465797,"ancient_HPP"
"5862","ancient","HPP",0.0208848835641573,"ancient_HPP"
"5863","ancient","HPP",0.0131784988418038,"ancient_HPP"
"5864","ancient","HPP",0.0047318502522433,"ancient_HPP"
"5865","ancient","HPP",-0.00683529525446677,"ancient_HPP"
"5866","ancient","HPP",-0.00264685778653444,"ancient_HPP"
"5867","ancient","HPP",-0.00371652826261546,"ancient_HPP"
"5868","ancient","HPP",-0.00619695281941465,"ancient_HPP"
"5869","ancient","HPP",-0.00591353339138564,"ancient_HPP"
"5870","ancient","HPP",0.00799102951413544,"ancient_HPP"
"5871","ancient","HPP",-0.00674216760924463,"ancient_HPP"
"5872","ancient","HPP",0.00366967611912134,"ancient_HPP"
"5873","ancient","HPP",-0.00860702708075191,"ancient_HPP"
"5874","ancient","HPP",0.00517557609124295,"ancient_HPP"
"5875","ancient","HPP",0.0169325808994353,"ancient_HPP"
"5876","ancient","HPP",-0.0064714343000694,"ancient_HPP"
"5877","ancient","HPP",0.00605610806804927,"ancient_HPP"
"5878","ancient","HPP",0.00592016477169557,"ancient_HPP"
"5879","ancient","HPP",0.00875507985419331,"ancient_HPP"
"5880","ancient","HPP",-0.00259049105389998,"ancient_HPP"
"5881","ancient","HPP",-0.00464420070379893,"ancient_HPP"
"5882","ancient","HPP",-0.00575221785732436,"ancient_HPP"
"5883","ancient","HPP",7.48913493698234e-05,"ancient_HPP"
"5884","ancient","HPP",-0.00137392108790972,"ancient_HPP"
"5885","ancient","HPP",-0.0025814089460842,"ancient_HPP"
"5886","ancient","HPP",-0.0190758141835184,"ancient_HPP"
"5887","ancient","HPP",0.00253052031022752,"ancient_HPP"
"5888","ancient","HPP",0.00651295250722726,"ancient_HPP"
"5889","ancient","HPP",0.0312085011023128,"ancient_HPP"
"5890","ancient","HPP",0.0265255933199657,"ancient_HPP"
"5891","ancient","HPP",-0.00776210273300112,"ancient_HPP"
"5892","ancient","HPP",-0.00873331162752374,"ancient_HPP"
"5893","ancient","HPP",0.00177944440990648,"ancient_HPP"
"5894","ancient","HPP",-0.000844275625763947,"ancient_HPP"
"5895","ancient","HPP",0.0105543463248088,"ancient_HPP"
"5896","ancient","HPP",0.00208160469533314,"ancient_HPP"
"5897","ancient","HPP",-0.00740631476332889,"ancient_HPP"
"5898","ancient","HPP",0.00800544555828748,"ancient_HPP"
"5899","ancient","HPP",0.0130539442203302,"ancient_HPP"
"5900","ancient","HPP",-0.000577002167185213,"ancient_HPP"
"5901","ancient","HPP",-0.0131959422552278,"ancient_HPP"
"5902","ancient","HPP",-0.0262632213163987,"ancient_HPP"
"5903","ancient","HPP",-0.00597292749329202,"ancient_HPP"
"5904","ancient","HPP",0.00194047162308471,"ancient_HPP"
"5905","ancient","HPP",-0.0124587057572927,"ancient_HPP"
"5906","ancient","HPP",0.01369300745759,"ancient_HPP"
"5907","ancient","HPP",-0.00721530217831442,"ancient_HPP"
"5908","ancient","HPP",-0.001878770954114,"ancient_HPP"
"5909","ancient","HPP",0.0144501380964549,"ancient_HPP"
"5910","ancient","HPP",-0.000223953245901868,"ancient_HPP"
"5911","ancient","HPP",-0.0131744623494413,"ancient_HPP"
"5912","ancient","HPP",0.00326400863668307,"ancient_HPP"
"5913","ancient","HPP",-0.00411441108121163,"ancient_HPP"
"5914","ancient","HPP",0.00339043734389642,"ancient_HPP"
"5915","ancient","HPP",-0.00515640275252074,"ancient_HPP"
"5916","ancient","HPP",0.00510392835180734,"ancient_HPP"
"5917","ancient","HPP",-0.00497576971929574,"ancient_HPP"
"5918","ancient","HPP",-0.0114997505002993,"ancient_HPP"
"5919","ancient","HPP",-0.0181505924698408,"ancient_HPP"
"5920","ancient","HPP",-0.00594481620719555,"ancient_HPP"
"5921","ancient","HPP",0.0130379424113215,"ancient_HPP"
"5922","ancient","HPP",-0.0165567546283918,"ancient_HPP"
"5923","ancient","HPP",0.00735600276923829,"ancient_HPP"
"5924","ancient","HPP",-0.00126147594352385,"ancient_HPP"
"5925","ancient","HPP",-0.00659670972375059,"ancient_HPP"
"5926","ancient","HPP",0.00724456674794305,"ancient_HPP"
"5927","ancient","HPP",-0.000961622225161514,"ancient_HPP"
"5928","ancient","HPP",-0.00374247714208912,"ancient_HPP"
"5929","ancient","HPP",0.0287734870845926,"ancient_HPP"
"5930","ancient","HPP",0.00383488398510367,"ancient_HPP"
"5931","ancient","HPP",0.00632381400795256,"ancient_HPP"
"5932","ancient","HPP",0.0047637097098193,"ancient_HPP"
"5933","ancient","HPP",0.00722611421142845,"ancient_HPP"
"5934","ancient","HPP",-0.000495263196843173,"ancient_HPP"
"5935","ancient","HPP",0.00887703958771953,"ancient_HPP"
"5936","ancient","HPP",0.00402286920084621,"ancient_HPP"
"5937","ancient","HPP",0.0156469580819568,"ancient_HPP"
"5938","ancient","HPP",0.00825037414843056,"ancient_HPP"
"5939","ancient","HPP",0.00973998399066036,"ancient_HPP"
"5940","ancient","HPP",-0.00407981257524675,"ancient_HPP"
"5941","ancient","HPP",0.00810390713984588,"ancient_HPP"
"5942","ancient","HPP",-0.0163622821927808,"ancient_HPP"
"5943","ancient","HPP",-0.00352940800952204,"ancient_HPP"
"5944","ancient","HPP",-0.00353243537879397,"ancient_HPP"
"5945","ancient","HPP",0.00774984909547189,"ancient_HPP"
"5946","ancient","HPP",0.015056909394814,"ancient_HPP"
"5947","ancient","HPP",0.00616422839918953,"ancient_HPP"
"5948","ancient","HPP",-0.00502175690014073,"ancient_HPP"
"5949","ancient","HPP",-0.000734281208883918,"ancient_HPP"
"5950","ancient","HPP",0.0270888281649857,"ancient_HPP"
"5951","ancient","HPP",-0.0022612286054675,"ancient_HPP"
"5952","ancient","HPP",0.0248524672356805,"ancient_HPP"
"5953","ancient","HPP",0.00121347051649757,"ancient_HPP"
"5954","ancient","HPP",0.00403281627131111,"ancient_HPP"
"5955","ancient","HPP",0.00767257909881698,"ancient_HPP"
"5956","ancient","HPP",0.00500705253510566,"ancient_HPP"
"5957","ancient","HPP",0.0204829642531986,"ancient_HPP"
"5958","ancient","HPP",-0.00358894627186995,"ancient_HPP"
"5959","ancient","HPP",-0.0103251312227915,"ancient_HPP"
"5960","ancient","HPP",0.00695033528680002,"ancient_HPP"
"5961","ancient","HPP",-0.0032366181527942,"ancient_HPP"
"5962","ancient","HPP",-0.0092897709317923,"ancient_HPP"
"5963","ancient","HPP",-0.00243393281440888,"ancient_HPP"
"5964","ancient","HPP",-0.00218222868351434,"ancient_HPP"
"5965","ancient","HPP",0.00910438060399713,"ancient_HPP"
"5966","ancient","HPP",0.00026547145305973,"ancient_HPP"
"5967","ancient","HPP",-0.0064551441701776,"ancient_HPP"
"5968","ancient","HPP",-0.00500287188230157,"ancient_HPP"
"5969","ancient","HPP",0.000623710150237807,"ancient_HPP"
"5970","ancient","HPP",-0.0168642488501547,"ancient_HPP"
"5971","ancient","HPP",-0.0139475947973149,"ancient_HPP"
"5972","ancient","HPP",0.0269079068108777,"ancient_HPP"
"5973","ancient","HPP",0.00869107261815828,"ancient_HPP"
"5974","ancient","HPP",0.00202797701108756,"ancient_HPP"
"5975","ancient","HPP",0.00125095223129286,"ancient_HPP"
"5976","ancient","HPP",0.00266314791642624,"ancient_HPP"
"5977","ancient","HPP",0.0032358973505866,"ancient_HPP"
"5978","ancient","HPP",-0.00300538480459556,"ancient_HPP"
"5979","ancient","HPP",-0.00608955329048199,"ancient_HPP"
"5980","ancient","HPP",0.020787286945248,"ancient_HPP"
"5981","ancient","HPP",0.00628849469978007,"ancient_HPP"
"5982","ancient","HPP",0.00341321469365664,"ancient_HPP"
"5983","ancient","HPP",0.0104900507678908,"ancient_HPP"
"5984","ancient","HPP",-0.00446025198041896,"ancient_HPP"
"5985","ancient","HPP",-0.00284406927053428,"ancient_HPP"
"5986","ancient","HPP",-0.00215743308757284,"ancient_HPP"
"5987","ancient","HPP",-0.0119287719742639,"ancient_HPP"
"5988","ancient","HPP",0.0469861406245079,"ancient_HPP"
"5989","ancient","HPP",-0.00414900958717652,"ancient_HPP"
"5990","ancient","HPP",-0.00927059759307009,"ancient_HPP"
"5991","ancient","HPP",-0.010101970859318,"ancient_HPP"
"5992","ancient","HPP",0.00395612291642228,"ancient_HPP"
"5993","ancient","HPP",-0.012386481376091,"ancient_HPP"
"5994","ancient","HPP",0.0053501543859241,"ancient_HPP"
"5995","ancient","HPP",-0.0101531478160577,"ancient_HPP"
"5996","ancient","HPP",-0.00358101744758633,"ancient_HPP"
"5997","ancient","HPP",-0.00794662809814717,"ancient_HPP"
"5998","ancient","HPP",0.0281629676147539,"ancient_HPP"
"5999","ancient","HPP",0.0150422050297789,"ancient_HPP"
"6000","ancient","HPP",0.00368120895444297,"ancient_HPP"
