{
 "cells": [
  {
   "cell_type": "code",
   "execution_count": 1,
   "id": "5303f1e1",
   "metadata": {
    "ExecuteTime": {
     "end_time": "2022-12-23T11:32:06.867875Z",
     "start_time": "2022-12-23T11:32:05.747551Z"
    }
   },
   "outputs": [],
   "source": [
    "import numpy as np\n",
    "import pandas as pd\n",
    "import glob\n",
    "\n",
    "from sklearn.metrics.pairwise import euclidean_distances\n",
    "from sklearn import preprocessing\n",
    "\n",
    "import matplotlib.pyplot as plt\n",
    "import seaborn as sns\n",
    "\n",
    "from scipy.stats import spearmanr\n",
    "import re"
   ]
  },
  {
   "cell_type": "code",
   "execution_count": 2,
   "id": "23074e40",
   "metadata": {
    "ExecuteTime": {
     "end_time": "2022-12-23T11:32:07.377531Z",
     "start_time": "2022-12-23T11:32:07.372530Z"
    }
   },
   "outputs": [],
   "source": [
    "def fix_region(region):\n",
    "    region = [i.replace('USA','United States') for i in region]\n",
    "    region = [i.replace('UK','United Kingdom') for i in region]\n",
    "    region = [i.replace('HK','Hong Kong') for i in region]\n",
    "    region = [i.replace('South_africa','South Africa') for i in region]\n",
    "    return region\n",
    "\n",
    "# region_list = ['United States','United Kingdom','Germany','France',\n",
    "#                'Australia','South Africa','India','Chile','Mexico',\n",
    "#                'Spain','Brazil','Portugal','Egypt',\n",
    "#                'Qatar','Russia','Israel','Japan','China',\n",
    "#                'Hong Kong']\n",
    "\n",
    "# # Russian Federation\n",
    "# # Egypt, Arab Rep.\n",
    "# # Hong Kong SAR, China"
   ]
  },
  {
   "cell_type": "code",
   "execution_count": 3,
   "id": "8ff04e4c",
   "metadata": {
    "ExecuteTime": {
     "end_time": "2022-12-23T11:32:16.747133Z",
     "start_time": "2022-12-23T11:32:16.360507Z"
    }
   },
   "outputs": [
    {
     "data": {
      "text/plain": [
       "['Australia',\n",
       " 'Brazil',\n",
       " 'Chile',\n",
       " 'CHN',\n",
       " 'Egypt',\n",
       " 'France',\n",
       " 'Germany',\n",
       " 'Hong Kong',\n",
       " 'India',\n",
       " 'Israel',\n",
       " 'Japan',\n",
       " 'Mexico',\n",
       " 'Portugal',\n",
       " 'Qatar',\n",
       " 'Russia',\n",
       " 'South Africa',\n",
       " 'Spain',\n",
       " 'United Kingdom',\n",
       " 'United States']"
      ]
     },
     "execution_count": 3,
     "metadata": {},
     "output_type": "execute_result"
    }
   ],
   "source": [
    "demo_df = pd.read_excel('Demographics.xlsx',sheet_name='S3(gender&education)',header=1,index_col=0)\n",
    "demo_df = demo_df.iloc[0:19,:]\n",
    "regions_old = demo_df.index.to_list()\n",
    "regions_new = fix_region(regions_old)\n",
    "demo_df.index = regions_new\n",
    "\n",
    "regions_new"
   ]
  },
  {
   "cell_type": "markdown",
   "id": "4289420f",
   "metadata": {},
   "source": [
    "# Gender"
   ]
  },
  {
   "cell_type": "code",
   "execution_count": 5,
   "id": "5bc0b16e",
   "metadata": {
    "ExecuteTime": {
     "end_time": "2022-12-23T11:33:02.436011Z",
     "start_time": "2022-12-23T11:33:02.403602Z"
    }
   },
   "outputs": [
    {
     "name": "stderr",
     "output_type": "stream",
     "text": [
      "C:\\Users\\10563\\AppData\\Local\\Temp\\ipykernel_69800\\2444095986.py:2: SettingWithCopyWarning: \n",
      "A value is trying to be set on a copy of a slice from a DataFrame.\n",
      "Try using .loc[row_indexer,col_indexer] = value instead\n",
      "\n",
      "See the caveats in the documentation: https://pandas.pydata.org/pandas-docs/stable/user_guide/indexing.html#returning-a-view-versus-a-copy\n",
      "  gender_df['ratio'] = gender_df['female'] / (gender_df['male']+gender_df['female'])\n"
     ]
    },
    {
     "data": {
      "text/html": [
       "<div>\n",
       "<style scoped>\n",
       "    .dataframe tbody tr th:only-of-type {\n",
       "        vertical-align: middle;\n",
       "    }\n",
       "\n",
       "    .dataframe tbody tr th {\n",
       "        vertical-align: top;\n",
       "    }\n",
       "\n",
       "    .dataframe thead th {\n",
       "        text-align: right;\n",
       "    }\n",
       "</style>\n",
       "<table border=\"1\" class=\"dataframe\">\n",
       "  <thead>\n",
       "    <tr style=\"text-align: right;\">\n",
       "      <th></th>\n",
       "      <th>Australia</th>\n",
       "      <th>Brazil</th>\n",
       "      <th>Chile</th>\n",
       "      <th>CHN</th>\n",
       "      <th>Egypt</th>\n",
       "      <th>France</th>\n",
       "      <th>Germany</th>\n",
       "      <th>Hong Kong</th>\n",
       "      <th>India</th>\n",
       "      <th>Israel</th>\n",
       "      <th>Japan</th>\n",
       "      <th>Mexico</th>\n",
       "      <th>Portugal</th>\n",
       "      <th>Qatar</th>\n",
       "      <th>Russia</th>\n",
       "      <th>South Africa</th>\n",
       "      <th>Spain</th>\n",
       "      <th>United Kingdom</th>\n",
       "      <th>United States</th>\n",
       "    </tr>\n",
       "  </thead>\n",
       "  <tbody>\n",
       "    <tr>\n",
       "      <th>Australia</th>\n",
       "      <td>0.000000</td>\n",
       "      <td>0.118725</td>\n",
       "      <td>0.229445</td>\n",
       "      <td>0.002070</td>\n",
       "      <td>0.249551</td>\n",
       "      <td>0.044177</td>\n",
       "      <td>0.038098</td>\n",
       "      <td>0.028089</td>\n",
       "      <td>0.217580</td>\n",
       "      <td>0.021446</td>\n",
       "      <td>0.102712</td>\n",
       "      <td>0.115315</td>\n",
       "      <td>0.175637</td>\n",
       "      <td>0.297724</td>\n",
       "      <td>0.103829</td>\n",
       "      <td>0.099084</td>\n",
       "      <td>0.096091</td>\n",
       "      <td>0.121340</td>\n",
       "      <td>0.197979</td>\n",
       "    </tr>\n",
       "    <tr>\n",
       "      <th>Brazil</th>\n",
       "      <td>0.118725</td>\n",
       "      <td>0.000000</td>\n",
       "      <td>0.348170</td>\n",
       "      <td>0.120795</td>\n",
       "      <td>0.368276</td>\n",
       "      <td>0.162902</td>\n",
       "      <td>0.156823</td>\n",
       "      <td>0.146814</td>\n",
       "      <td>0.336305</td>\n",
       "      <td>0.140171</td>\n",
       "      <td>0.016013</td>\n",
       "      <td>0.234041</td>\n",
       "      <td>0.294363</td>\n",
       "      <td>0.416450</td>\n",
       "      <td>0.222554</td>\n",
       "      <td>0.019641</td>\n",
       "      <td>0.214816</td>\n",
       "      <td>0.002614</td>\n",
       "      <td>0.079254</td>\n",
       "    </tr>\n",
       "    <tr>\n",
       "      <th>Chile</th>\n",
       "      <td>0.229445</td>\n",
       "      <td>0.348170</td>\n",
       "      <td>0.000000</td>\n",
       "      <td>0.227375</td>\n",
       "      <td>0.020106</td>\n",
       "      <td>0.185268</td>\n",
       "      <td>0.191347</td>\n",
       "      <td>0.201356</td>\n",
       "      <td>0.011865</td>\n",
       "      <td>0.207999</td>\n",
       "      <td>0.332157</td>\n",
       "      <td>0.114130</td>\n",
       "      <td>0.053808</td>\n",
       "      <td>0.068280</td>\n",
       "      <td>0.125616</td>\n",
       "      <td>0.328529</td>\n",
       "      <td>0.133354</td>\n",
       "      <td>0.350784</td>\n",
       "      <td>0.427424</td>\n",
       "    </tr>\n",
       "    <tr>\n",
       "      <th>CHN</th>\n",
       "      <td>0.002070</td>\n",
       "      <td>0.120795</td>\n",
       "      <td>0.227375</td>\n",
       "      <td>0.000000</td>\n",
       "      <td>0.247482</td>\n",
       "      <td>0.042107</td>\n",
       "      <td>0.036028</td>\n",
       "      <td>0.026020</td>\n",
       "      <td>0.215510</td>\n",
       "      <td>0.019376</td>\n",
       "      <td>0.104782</td>\n",
       "      <td>0.113246</td>\n",
       "      <td>0.173568</td>\n",
       "      <td>0.295655</td>\n",
       "      <td>0.101759</td>\n",
       "      <td>0.101154</td>\n",
       "      <td>0.094021</td>\n",
       "      <td>0.123409</td>\n",
       "      <td>0.200048</td>\n",
       "    </tr>\n",
       "    <tr>\n",
       "      <th>Egypt</th>\n",
       "      <td>0.249551</td>\n",
       "      <td>0.368276</td>\n",
       "      <td>0.020106</td>\n",
       "      <td>0.247482</td>\n",
       "      <td>0.000000</td>\n",
       "      <td>0.205375</td>\n",
       "      <td>0.211453</td>\n",
       "      <td>0.221462</td>\n",
       "      <td>0.031972</td>\n",
       "      <td>0.228106</td>\n",
       "      <td>0.352264</td>\n",
       "      <td>0.134236</td>\n",
       "      <td>0.073914</td>\n",
       "      <td>0.048173</td>\n",
       "      <td>0.145722</td>\n",
       "      <td>0.348636</td>\n",
       "      <td>0.153460</td>\n",
       "      <td>0.370891</td>\n",
       "      <td>0.447530</td>\n",
       "    </tr>\n",
       "    <tr>\n",
       "      <th>France</th>\n",
       "      <td>0.044177</td>\n",
       "      <td>0.162902</td>\n",
       "      <td>0.185268</td>\n",
       "      <td>0.042107</td>\n",
       "      <td>0.205375</td>\n",
       "      <td>0.000000</td>\n",
       "      <td>0.006079</td>\n",
       "      <td>0.016087</td>\n",
       "      <td>0.173403</td>\n",
       "      <td>0.022731</td>\n",
       "      <td>0.146889</td>\n",
       "      <td>0.071139</td>\n",
       "      <td>0.131461</td>\n",
       "      <td>0.253548</td>\n",
       "      <td>0.059652</td>\n",
       "      <td>0.143261</td>\n",
       "      <td>0.051914</td>\n",
       "      <td>0.165516</td>\n",
       "      <td>0.242155</td>\n",
       "    </tr>\n",
       "    <tr>\n",
       "      <th>Germany</th>\n",
       "      <td>0.038098</td>\n",
       "      <td>0.156823</td>\n",
       "      <td>0.191347</td>\n",
       "      <td>0.036028</td>\n",
       "      <td>0.211453</td>\n",
       "      <td>0.006079</td>\n",
       "      <td>0.000000</td>\n",
       "      <td>0.010009</td>\n",
       "      <td>0.179482</td>\n",
       "      <td>0.016652</td>\n",
       "      <td>0.140810</td>\n",
       "      <td>0.077217</td>\n",
       "      <td>0.137539</td>\n",
       "      <td>0.259626</td>\n",
       "      <td>0.065731</td>\n",
       "      <td>0.137182</td>\n",
       "      <td>0.057993</td>\n",
       "      <td>0.159438</td>\n",
       "      <td>0.236077</td>\n",
       "    </tr>\n",
       "    <tr>\n",
       "      <th>Hong Kong</th>\n",
       "      <td>0.028089</td>\n",
       "      <td>0.146814</td>\n",
       "      <td>0.201356</td>\n",
       "      <td>0.026020</td>\n",
       "      <td>0.221462</td>\n",
       "      <td>0.016087</td>\n",
       "      <td>0.010009</td>\n",
       "      <td>0.000000</td>\n",
       "      <td>0.189490</td>\n",
       "      <td>0.006644</td>\n",
       "      <td>0.130802</td>\n",
       "      <td>0.087226</td>\n",
       "      <td>0.147548</td>\n",
       "      <td>0.269635</td>\n",
       "      <td>0.075740</td>\n",
       "      <td>0.127174</td>\n",
       "      <td>0.068001</td>\n",
       "      <td>0.149429</td>\n",
       "      <td>0.226068</td>\n",
       "    </tr>\n",
       "    <tr>\n",
       "      <th>India</th>\n",
       "      <td>0.217580</td>\n",
       "      <td>0.336305</td>\n",
       "      <td>0.011865</td>\n",
       "      <td>0.215510</td>\n",
       "      <td>0.031972</td>\n",
       "      <td>0.173403</td>\n",
       "      <td>0.179482</td>\n",
       "      <td>0.189490</td>\n",
       "      <td>0.000000</td>\n",
       "      <td>0.196134</td>\n",
       "      <td>0.320292</td>\n",
       "      <td>0.102264</td>\n",
       "      <td>0.041942</td>\n",
       "      <td>0.080145</td>\n",
       "      <td>0.113751</td>\n",
       "      <td>0.316664</td>\n",
       "      <td>0.121489</td>\n",
       "      <td>0.338919</td>\n",
       "      <td>0.415559</td>\n",
       "    </tr>\n",
       "    <tr>\n",
       "      <th>Israel</th>\n",
       "      <td>0.021446</td>\n",
       "      <td>0.140171</td>\n",
       "      <td>0.207999</td>\n",
       "      <td>0.019376</td>\n",
       "      <td>0.228106</td>\n",
       "      <td>0.022731</td>\n",
       "      <td>0.016652</td>\n",
       "      <td>0.006644</td>\n",
       "      <td>0.196134</td>\n",
       "      <td>0.000000</td>\n",
       "      <td>0.124158</td>\n",
       "      <td>0.093870</td>\n",
       "      <td>0.154192</td>\n",
       "      <td>0.276279</td>\n",
       "      <td>0.082383</td>\n",
       "      <td>0.120530</td>\n",
       "      <td>0.074645</td>\n",
       "      <td>0.142785</td>\n",
       "      <td>0.219424</td>\n",
       "    </tr>\n",
       "    <tr>\n",
       "      <th>Japan</th>\n",
       "      <td>0.102712</td>\n",
       "      <td>0.016013</td>\n",
       "      <td>0.332157</td>\n",
       "      <td>0.104782</td>\n",
       "      <td>0.352264</td>\n",
       "      <td>0.146889</td>\n",
       "      <td>0.140810</td>\n",
       "      <td>0.130802</td>\n",
       "      <td>0.320292</td>\n",
       "      <td>0.124158</td>\n",
       "      <td>0.000000</td>\n",
       "      <td>0.218028</td>\n",
       "      <td>0.278350</td>\n",
       "      <td>0.400437</td>\n",
       "      <td>0.206541</td>\n",
       "      <td>0.003628</td>\n",
       "      <td>0.198803</td>\n",
       "      <td>0.018627</td>\n",
       "      <td>0.095267</td>\n",
       "    </tr>\n",
       "    <tr>\n",
       "      <th>Mexico</th>\n",
       "      <td>0.115315</td>\n",
       "      <td>0.234041</td>\n",
       "      <td>0.114130</td>\n",
       "      <td>0.113246</td>\n",
       "      <td>0.134236</td>\n",
       "      <td>0.071139</td>\n",
       "      <td>0.077217</td>\n",
       "      <td>0.087226</td>\n",
       "      <td>0.102264</td>\n",
       "      <td>0.093870</td>\n",
       "      <td>0.218028</td>\n",
       "      <td>0.000000</td>\n",
       "      <td>0.060322</td>\n",
       "      <td>0.182409</td>\n",
       "      <td>0.011486</td>\n",
       "      <td>0.214400</td>\n",
       "      <td>0.019225</td>\n",
       "      <td>0.236655</td>\n",
       "      <td>0.313294</td>\n",
       "    </tr>\n",
       "    <tr>\n",
       "      <th>Portugal</th>\n",
       "      <td>0.175637</td>\n",
       "      <td>0.294363</td>\n",
       "      <td>0.053808</td>\n",
       "      <td>0.173568</td>\n",
       "      <td>0.073914</td>\n",
       "      <td>0.131461</td>\n",
       "      <td>0.137539</td>\n",
       "      <td>0.147548</td>\n",
       "      <td>0.041942</td>\n",
       "      <td>0.154192</td>\n",
       "      <td>0.278350</td>\n",
       "      <td>0.060322</td>\n",
       "      <td>0.000000</td>\n",
       "      <td>0.122087</td>\n",
       "      <td>0.071809</td>\n",
       "      <td>0.274722</td>\n",
       "      <td>0.079547</td>\n",
       "      <td>0.296977</td>\n",
       "      <td>0.373616</td>\n",
       "    </tr>\n",
       "    <tr>\n",
       "      <th>Qatar</th>\n",
       "      <td>0.297724</td>\n",
       "      <td>0.416450</td>\n",
       "      <td>0.068280</td>\n",
       "      <td>0.295655</td>\n",
       "      <td>0.048173</td>\n",
       "      <td>0.253548</td>\n",
       "      <td>0.259626</td>\n",
       "      <td>0.269635</td>\n",
       "      <td>0.080145</td>\n",
       "      <td>0.276279</td>\n",
       "      <td>0.400437</td>\n",
       "      <td>0.182409</td>\n",
       "      <td>0.122087</td>\n",
       "      <td>0.000000</td>\n",
       "      <td>0.193896</td>\n",
       "      <td>0.396809</td>\n",
       "      <td>0.201634</td>\n",
       "      <td>0.419064</td>\n",
       "      <td>0.495703</td>\n",
       "    </tr>\n",
       "    <tr>\n",
       "      <th>Russia</th>\n",
       "      <td>0.103829</td>\n",
       "      <td>0.222554</td>\n",
       "      <td>0.125616</td>\n",
       "      <td>0.101759</td>\n",
       "      <td>0.145722</td>\n",
       "      <td>0.059652</td>\n",
       "      <td>0.065731</td>\n",
       "      <td>0.075740</td>\n",
       "      <td>0.113751</td>\n",
       "      <td>0.082383</td>\n",
       "      <td>0.206541</td>\n",
       "      <td>0.011486</td>\n",
       "      <td>0.071809</td>\n",
       "      <td>0.193896</td>\n",
       "      <td>0.000000</td>\n",
       "      <td>0.202913</td>\n",
       "      <td>0.007738</td>\n",
       "      <td>0.225168</td>\n",
       "      <td>0.301808</td>\n",
       "    </tr>\n",
       "    <tr>\n",
       "      <th>South Africa</th>\n",
       "      <td>0.099084</td>\n",
       "      <td>0.019641</td>\n",
       "      <td>0.328529</td>\n",
       "      <td>0.101154</td>\n",
       "      <td>0.348636</td>\n",
       "      <td>0.143261</td>\n",
       "      <td>0.137182</td>\n",
       "      <td>0.127174</td>\n",
       "      <td>0.316664</td>\n",
       "      <td>0.120530</td>\n",
       "      <td>0.003628</td>\n",
       "      <td>0.214400</td>\n",
       "      <td>0.274722</td>\n",
       "      <td>0.396809</td>\n",
       "      <td>0.202913</td>\n",
       "      <td>0.000000</td>\n",
       "      <td>0.195175</td>\n",
       "      <td>0.022255</td>\n",
       "      <td>0.098894</td>\n",
       "    </tr>\n",
       "    <tr>\n",
       "      <th>Spain</th>\n",
       "      <td>0.096091</td>\n",
       "      <td>0.214816</td>\n",
       "      <td>0.133354</td>\n",
       "      <td>0.094021</td>\n",
       "      <td>0.153460</td>\n",
       "      <td>0.051914</td>\n",
       "      <td>0.057993</td>\n",
       "      <td>0.068001</td>\n",
       "      <td>0.121489</td>\n",
       "      <td>0.074645</td>\n",
       "      <td>0.198803</td>\n",
       "      <td>0.019225</td>\n",
       "      <td>0.079547</td>\n",
       "      <td>0.201634</td>\n",
       "      <td>0.007738</td>\n",
       "      <td>0.195175</td>\n",
       "      <td>0.000000</td>\n",
       "      <td>0.217430</td>\n",
       "      <td>0.294070</td>\n",
       "    </tr>\n",
       "    <tr>\n",
       "      <th>United Kingdom</th>\n",
       "      <td>0.121340</td>\n",
       "      <td>0.002614</td>\n",
       "      <td>0.350784</td>\n",
       "      <td>0.123409</td>\n",
       "      <td>0.370891</td>\n",
       "      <td>0.165516</td>\n",
       "      <td>0.159438</td>\n",
       "      <td>0.149429</td>\n",
       "      <td>0.338919</td>\n",
       "      <td>0.142785</td>\n",
       "      <td>0.018627</td>\n",
       "      <td>0.236655</td>\n",
       "      <td>0.296977</td>\n",
       "      <td>0.419064</td>\n",
       "      <td>0.225168</td>\n",
       "      <td>0.022255</td>\n",
       "      <td>0.217430</td>\n",
       "      <td>0.000000</td>\n",
       "      <td>0.076639</td>\n",
       "    </tr>\n",
       "    <tr>\n",
       "      <th>United States</th>\n",
       "      <td>0.197979</td>\n",
       "      <td>0.079254</td>\n",
       "      <td>0.427424</td>\n",
       "      <td>0.200048</td>\n",
       "      <td>0.447530</td>\n",
       "      <td>0.242155</td>\n",
       "      <td>0.236077</td>\n",
       "      <td>0.226068</td>\n",
       "      <td>0.415559</td>\n",
       "      <td>0.219424</td>\n",
       "      <td>0.095267</td>\n",
       "      <td>0.313294</td>\n",
       "      <td>0.373616</td>\n",
       "      <td>0.495703</td>\n",
       "      <td>0.301808</td>\n",
       "      <td>0.098894</td>\n",
       "      <td>0.294070</td>\n",
       "      <td>0.076639</td>\n",
       "      <td>0.000000</td>\n",
       "    </tr>\n",
       "  </tbody>\n",
       "</table>\n",
       "</div>"
      ],
      "text/plain": [
       "                Australia    Brazil     Chile       CHN     Egypt    France  \\\n",
       "Australia        0.000000  0.118725  0.229445  0.002070  0.249551  0.044177   \n",
       "Brazil           0.118725  0.000000  0.348170  0.120795  0.368276  0.162902   \n",
       "Chile            0.229445  0.348170  0.000000  0.227375  0.020106  0.185268   \n",
       "CHN              0.002070  0.120795  0.227375  0.000000  0.247482  0.042107   \n",
       "Egypt            0.249551  0.368276  0.020106  0.247482  0.000000  0.205375   \n",
       "France           0.044177  0.162902  0.185268  0.042107  0.205375  0.000000   \n",
       "Germany          0.038098  0.156823  0.191347  0.036028  0.211453  0.006079   \n",
       "Hong Kong        0.028089  0.146814  0.201356  0.026020  0.221462  0.016087   \n",
       "India            0.217580  0.336305  0.011865  0.215510  0.031972  0.173403   \n",
       "Israel           0.021446  0.140171  0.207999  0.019376  0.228106  0.022731   \n",
       "Japan            0.102712  0.016013  0.332157  0.104782  0.352264  0.146889   \n",
       "Mexico           0.115315  0.234041  0.114130  0.113246  0.134236  0.071139   \n",
       "Portugal         0.175637  0.294363  0.053808  0.173568  0.073914  0.131461   \n",
       "Qatar            0.297724  0.416450  0.068280  0.295655  0.048173  0.253548   \n",
       "Russia           0.103829  0.222554  0.125616  0.101759  0.145722  0.059652   \n",
       "South Africa     0.099084  0.019641  0.328529  0.101154  0.348636  0.143261   \n",
       "Spain            0.096091  0.214816  0.133354  0.094021  0.153460  0.051914   \n",
       "United Kingdom   0.121340  0.002614  0.350784  0.123409  0.370891  0.165516   \n",
       "United States    0.197979  0.079254  0.427424  0.200048  0.447530  0.242155   \n",
       "\n",
       "                 Germany  Hong Kong     India    Israel     Japan    Mexico  \\\n",
       "Australia       0.038098   0.028089  0.217580  0.021446  0.102712  0.115315   \n",
       "Brazil          0.156823   0.146814  0.336305  0.140171  0.016013  0.234041   \n",
       "Chile           0.191347   0.201356  0.011865  0.207999  0.332157  0.114130   \n",
       "CHN             0.036028   0.026020  0.215510  0.019376  0.104782  0.113246   \n",
       "Egypt           0.211453   0.221462  0.031972  0.228106  0.352264  0.134236   \n",
       "France          0.006079   0.016087  0.173403  0.022731  0.146889  0.071139   \n",
       "Germany         0.000000   0.010009  0.179482  0.016652  0.140810  0.077217   \n",
       "Hong Kong       0.010009   0.000000  0.189490  0.006644  0.130802  0.087226   \n",
       "India           0.179482   0.189490  0.000000  0.196134  0.320292  0.102264   \n",
       "Israel          0.016652   0.006644  0.196134  0.000000  0.124158  0.093870   \n",
       "Japan           0.140810   0.130802  0.320292  0.124158  0.000000  0.218028   \n",
       "Mexico          0.077217   0.087226  0.102264  0.093870  0.218028  0.000000   \n",
       "Portugal        0.137539   0.147548  0.041942  0.154192  0.278350  0.060322   \n",
       "Qatar           0.259626   0.269635  0.080145  0.276279  0.400437  0.182409   \n",
       "Russia          0.065731   0.075740  0.113751  0.082383  0.206541  0.011486   \n",
       "South Africa    0.137182   0.127174  0.316664  0.120530  0.003628  0.214400   \n",
       "Spain           0.057993   0.068001  0.121489  0.074645  0.198803  0.019225   \n",
       "United Kingdom  0.159438   0.149429  0.338919  0.142785  0.018627  0.236655   \n",
       "United States   0.236077   0.226068  0.415559  0.219424  0.095267  0.313294   \n",
       "\n",
       "                Portugal     Qatar    Russia  South Africa     Spain  \\\n",
       "Australia       0.175637  0.297724  0.103829      0.099084  0.096091   \n",
       "Brazil          0.294363  0.416450  0.222554      0.019641  0.214816   \n",
       "Chile           0.053808  0.068280  0.125616      0.328529  0.133354   \n",
       "CHN             0.173568  0.295655  0.101759      0.101154  0.094021   \n",
       "Egypt           0.073914  0.048173  0.145722      0.348636  0.153460   \n",
       "France          0.131461  0.253548  0.059652      0.143261  0.051914   \n",
       "Germany         0.137539  0.259626  0.065731      0.137182  0.057993   \n",
       "Hong Kong       0.147548  0.269635  0.075740      0.127174  0.068001   \n",
       "India           0.041942  0.080145  0.113751      0.316664  0.121489   \n",
       "Israel          0.154192  0.276279  0.082383      0.120530  0.074645   \n",
       "Japan           0.278350  0.400437  0.206541      0.003628  0.198803   \n",
       "Mexico          0.060322  0.182409  0.011486      0.214400  0.019225   \n",
       "Portugal        0.000000  0.122087  0.071809      0.274722  0.079547   \n",
       "Qatar           0.122087  0.000000  0.193896      0.396809  0.201634   \n",
       "Russia          0.071809  0.193896  0.000000      0.202913  0.007738   \n",
       "South Africa    0.274722  0.396809  0.202913      0.000000  0.195175   \n",
       "Spain           0.079547  0.201634  0.007738      0.195175  0.000000   \n",
       "United Kingdom  0.296977  0.419064  0.225168      0.022255  0.217430   \n",
       "United States   0.373616  0.495703  0.301808      0.098894  0.294070   \n",
       "\n",
       "                United Kingdom  United States  \n",
       "Australia             0.121340       0.197979  \n",
       "Brazil                0.002614       0.079254  \n",
       "Chile                 0.350784       0.427424  \n",
       "CHN                   0.123409       0.200048  \n",
       "Egypt                 0.370891       0.447530  \n",
       "France                0.165516       0.242155  \n",
       "Germany               0.159438       0.236077  \n",
       "Hong Kong             0.149429       0.226068  \n",
       "India                 0.338919       0.415559  \n",
       "Israel                0.142785       0.219424  \n",
       "Japan                 0.018627       0.095267  \n",
       "Mexico                0.236655       0.313294  \n",
       "Portugal              0.296977       0.373616  \n",
       "Qatar                 0.419064       0.495703  \n",
       "Russia                0.225168       0.301808  \n",
       "South Africa          0.022255       0.098894  \n",
       "Spain                 0.217430       0.294070  \n",
       "United Kingdom        0.000000       0.076639  \n",
       "United States         0.076639       0.000000  "
      ]
     },
     "execution_count": 5,
     "metadata": {},
     "output_type": "execute_result"
    }
   ],
   "source": [
    "gender_df = demo_df[['female','male']]\n",
    "gender_df['ratio'] = gender_df['female'] / (gender_df['male']+gender_df['female'])\n",
    "\n",
    "gender_df = gender_df[['ratio']]\n",
    "gender_dist = pd.DataFrame(euclidean_distances(gender_df),\n",
    "                          index=gender_df.index,\n",
    "                          columns=gender_df.index)\n",
    "gender_dist.to_csv('output_data/rdm/gender_rdm.csv')\n",
    "gender_dist"
   ]
  },
  {
   "cell_type": "markdown",
   "id": "86995249",
   "metadata": {
    "ExecuteTime": {
     "end_time": "2022-10-07T02:00:22.634082Z",
     "start_time": "2022-10-07T02:00:22.605075Z"
    }
   },
   "source": [
    "# Education_ind"
   ]
  },
  {
   "cell_type": "code",
   "execution_count": 6,
   "id": "ad051b21",
   "metadata": {
    "ExecuteTime": {
     "end_time": "2022-12-23T11:33:08.105929Z",
     "start_time": "2022-12-23T11:33:08.072922Z"
    }
   },
   "outputs": [
    {
     "data": {
      "text/html": [
       "<div>\n",
       "<style scoped>\n",
       "    .dataframe tbody tr th:only-of-type {\n",
       "        vertical-align: middle;\n",
       "    }\n",
       "\n",
       "    .dataframe tbody tr th {\n",
       "        vertical-align: top;\n",
       "    }\n",
       "\n",
       "    .dataframe thead th {\n",
       "        text-align: right;\n",
       "    }\n",
       "</style>\n",
       "<table border=\"1\" class=\"dataframe\">\n",
       "  <thead>\n",
       "    <tr style=\"text-align: right;\">\n",
       "      <th></th>\n",
       "      <th>Australia</th>\n",
       "      <th>Brazil</th>\n",
       "      <th>Chile</th>\n",
       "      <th>CHN</th>\n",
       "      <th>Egypt</th>\n",
       "      <th>France</th>\n",
       "      <th>Germany</th>\n",
       "      <th>Hong Kong</th>\n",
       "      <th>India</th>\n",
       "      <th>Israel</th>\n",
       "      <th>Japan</th>\n",
       "      <th>Mexico</th>\n",
       "      <th>Portugal</th>\n",
       "      <th>Qatar</th>\n",
       "      <th>Russia</th>\n",
       "      <th>South Africa</th>\n",
       "      <th>Spain</th>\n",
       "      <th>United Kingdom</th>\n",
       "      <th>United States</th>\n",
       "    </tr>\n",
       "  </thead>\n",
       "  <tbody>\n",
       "    <tr>\n",
       "      <th>Australia</th>\n",
       "      <td>0.000000</td>\n",
       "      <td>0.295148</td>\n",
       "      <td>0.364984</td>\n",
       "      <td>0.233502</td>\n",
       "      <td>0.959958</td>\n",
       "      <td>0.801533</td>\n",
       "      <td>0.519220</td>\n",
       "      <td>0.063977</td>\n",
       "      <td>0.622635</td>\n",
       "      <td>1.655360</td>\n",
       "      <td>0.445302</td>\n",
       "      <td>0.587818</td>\n",
       "      <td>0.223481</td>\n",
       "      <td>0.995771</td>\n",
       "      <td>0.406377</td>\n",
       "      <td>0.264463</td>\n",
       "      <td>0.448758</td>\n",
       "      <td>0.225004</td>\n",
       "      <td>0.460145</td>\n",
       "    </tr>\n",
       "    <tr>\n",
       "      <th>Brazil</th>\n",
       "      <td>0.295148</td>\n",
       "      <td>0.000000</td>\n",
       "      <td>0.660132</td>\n",
       "      <td>0.528650</td>\n",
       "      <td>0.664811</td>\n",
       "      <td>1.096680</td>\n",
       "      <td>0.224073</td>\n",
       "      <td>0.231171</td>\n",
       "      <td>0.917783</td>\n",
       "      <td>1.360213</td>\n",
       "      <td>0.740449</td>\n",
       "      <td>0.882966</td>\n",
       "      <td>0.071666</td>\n",
       "      <td>0.700623</td>\n",
       "      <td>0.701524</td>\n",
       "      <td>0.030684</td>\n",
       "      <td>0.743905</td>\n",
       "      <td>0.070144</td>\n",
       "      <td>0.164997</td>\n",
       "    </tr>\n",
       "    <tr>\n",
       "      <th>Chile</th>\n",
       "      <td>0.364984</td>\n",
       "      <td>0.660132</td>\n",
       "      <td>0.000000</td>\n",
       "      <td>0.131482</td>\n",
       "      <td>1.324943</td>\n",
       "      <td>0.436548</td>\n",
       "      <td>0.884205</td>\n",
       "      <td>0.428961</td>\n",
       "      <td>0.257651</td>\n",
       "      <td>2.020345</td>\n",
       "      <td>0.080317</td>\n",
       "      <td>0.222834</td>\n",
       "      <td>0.588466</td>\n",
       "      <td>1.360755</td>\n",
       "      <td>0.041392</td>\n",
       "      <td>0.629448</td>\n",
       "      <td>0.083773</td>\n",
       "      <td>0.589988</td>\n",
       "      <td>0.825129</td>\n",
       "    </tr>\n",
       "    <tr>\n",
       "      <th>CHN</th>\n",
       "      <td>0.233502</td>\n",
       "      <td>0.528650</td>\n",
       "      <td>0.131482</td>\n",
       "      <td>0.000000</td>\n",
       "      <td>1.193461</td>\n",
       "      <td>0.568030</td>\n",
       "      <td>0.752723</td>\n",
       "      <td>0.297479</td>\n",
       "      <td>0.389133</td>\n",
       "      <td>1.888863</td>\n",
       "      <td>0.211799</td>\n",
       "      <td>0.354316</td>\n",
       "      <td>0.456984</td>\n",
       "      <td>1.229273</td>\n",
       "      <td>0.172874</td>\n",
       "      <td>0.497966</td>\n",
       "      <td>0.215255</td>\n",
       "      <td>0.458506</td>\n",
       "      <td>0.693647</td>\n",
       "    </tr>\n",
       "    <tr>\n",
       "      <th>Egypt</th>\n",
       "      <td>0.959958</td>\n",
       "      <td>0.664811</td>\n",
       "      <td>1.324943</td>\n",
       "      <td>1.193461</td>\n",
       "      <td>0.000000</td>\n",
       "      <td>1.761491</td>\n",
       "      <td>0.440738</td>\n",
       "      <td>0.895981</td>\n",
       "      <td>1.582593</td>\n",
       "      <td>0.695402</td>\n",
       "      <td>1.405260</td>\n",
       "      <td>1.547777</td>\n",
       "      <td>0.736477</td>\n",
       "      <td>0.035813</td>\n",
       "      <td>1.366335</td>\n",
       "      <td>0.695495</td>\n",
       "      <td>1.408716</td>\n",
       "      <td>0.734955</td>\n",
       "      <td>0.499813</td>\n",
       "    </tr>\n",
       "    <tr>\n",
       "      <th>France</th>\n",
       "      <td>0.801533</td>\n",
       "      <td>1.096680</td>\n",
       "      <td>0.436548</td>\n",
       "      <td>0.568030</td>\n",
       "      <td>1.761491</td>\n",
       "      <td>0.000000</td>\n",
       "      <td>1.320753</td>\n",
       "      <td>0.865510</td>\n",
       "      <td>0.178898</td>\n",
       "      <td>2.456893</td>\n",
       "      <td>0.356231</td>\n",
       "      <td>0.213714</td>\n",
       "      <td>1.025014</td>\n",
       "      <td>1.797304</td>\n",
       "      <td>0.395156</td>\n",
       "      <td>1.065996</td>\n",
       "      <td>0.352775</td>\n",
       "      <td>1.026536</td>\n",
       "      <td>1.261678</td>\n",
       "    </tr>\n",
       "    <tr>\n",
       "      <th>Germany</th>\n",
       "      <td>0.519220</td>\n",
       "      <td>0.224073</td>\n",
       "      <td>0.884205</td>\n",
       "      <td>0.752723</td>\n",
       "      <td>0.440738</td>\n",
       "      <td>1.320753</td>\n",
       "      <td>0.000000</td>\n",
       "      <td>0.455243</td>\n",
       "      <td>1.141855</td>\n",
       "      <td>1.136140</td>\n",
       "      <td>0.964522</td>\n",
       "      <td>1.107039</td>\n",
       "      <td>0.295739</td>\n",
       "      <td>0.476551</td>\n",
       "      <td>0.925597</td>\n",
       "      <td>0.254757</td>\n",
       "      <td>0.967978</td>\n",
       "      <td>0.294217</td>\n",
       "      <td>0.059075</td>\n",
       "    </tr>\n",
       "    <tr>\n",
       "      <th>Hong Kong</th>\n",
       "      <td>0.063977</td>\n",
       "      <td>0.231171</td>\n",
       "      <td>0.428961</td>\n",
       "      <td>0.297479</td>\n",
       "      <td>0.895981</td>\n",
       "      <td>0.865510</td>\n",
       "      <td>0.455243</td>\n",
       "      <td>0.000000</td>\n",
       "      <td>0.686612</td>\n",
       "      <td>1.591383</td>\n",
       "      <td>0.509279</td>\n",
       "      <td>0.651795</td>\n",
       "      <td>0.159504</td>\n",
       "      <td>0.931794</td>\n",
       "      <td>0.470354</td>\n",
       "      <td>0.200486</td>\n",
       "      <td>0.512735</td>\n",
       "      <td>0.161027</td>\n",
       "      <td>0.396168</td>\n",
       "    </tr>\n",
       "    <tr>\n",
       "      <th>India</th>\n",
       "      <td>0.622635</td>\n",
       "      <td>0.917783</td>\n",
       "      <td>0.257651</td>\n",
       "      <td>0.389133</td>\n",
       "      <td>1.582593</td>\n",
       "      <td>0.178898</td>\n",
       "      <td>1.141855</td>\n",
       "      <td>0.686612</td>\n",
       "      <td>0.000000</td>\n",
       "      <td>2.277995</td>\n",
       "      <td>0.177333</td>\n",
       "      <td>0.034817</td>\n",
       "      <td>0.846116</td>\n",
       "      <td>1.618406</td>\n",
       "      <td>0.216258</td>\n",
       "      <td>0.887098</td>\n",
       "      <td>0.173877</td>\n",
       "      <td>0.847639</td>\n",
       "      <td>1.082780</td>\n",
       "    </tr>\n",
       "    <tr>\n",
       "      <th>Israel</th>\n",
       "      <td>1.655360</td>\n",
       "      <td>1.360213</td>\n",
       "      <td>2.020345</td>\n",
       "      <td>1.888863</td>\n",
       "      <td>0.695402</td>\n",
       "      <td>2.456893</td>\n",
       "      <td>1.136140</td>\n",
       "      <td>1.591383</td>\n",
       "      <td>2.277995</td>\n",
       "      <td>0.000000</td>\n",
       "      <td>2.100662</td>\n",
       "      <td>2.243179</td>\n",
       "      <td>1.431879</td>\n",
       "      <td>0.659589</td>\n",
       "      <td>2.061737</td>\n",
       "      <td>1.390897</td>\n",
       "      <td>2.104118</td>\n",
       "      <td>1.430357</td>\n",
       "      <td>1.195216</td>\n",
       "    </tr>\n",
       "    <tr>\n",
       "      <th>Japan</th>\n",
       "      <td>0.445302</td>\n",
       "      <td>0.740449</td>\n",
       "      <td>0.080317</td>\n",
       "      <td>0.211799</td>\n",
       "      <td>1.405260</td>\n",
       "      <td>0.356231</td>\n",
       "      <td>0.964522</td>\n",
       "      <td>0.509279</td>\n",
       "      <td>0.177333</td>\n",
       "      <td>2.100662</td>\n",
       "      <td>0.000000</td>\n",
       "      <td>0.142517</td>\n",
       "      <td>0.668783</td>\n",
       "      <td>1.441073</td>\n",
       "      <td>0.038925</td>\n",
       "      <td>0.709765</td>\n",
       "      <td>0.003456</td>\n",
       "      <td>0.670305</td>\n",
       "      <td>0.905446</td>\n",
       "    </tr>\n",
       "    <tr>\n",
       "      <th>Mexico</th>\n",
       "      <td>0.587818</td>\n",
       "      <td>0.882966</td>\n",
       "      <td>0.222834</td>\n",
       "      <td>0.354316</td>\n",
       "      <td>1.547777</td>\n",
       "      <td>0.213714</td>\n",
       "      <td>1.107039</td>\n",
       "      <td>0.651795</td>\n",
       "      <td>0.034817</td>\n",
       "      <td>2.243179</td>\n",
       "      <td>0.142517</td>\n",
       "      <td>0.000000</td>\n",
       "      <td>0.811300</td>\n",
       "      <td>1.583589</td>\n",
       "      <td>0.181441</td>\n",
       "      <td>0.852282</td>\n",
       "      <td>0.139060</td>\n",
       "      <td>0.812822</td>\n",
       "      <td>1.047963</td>\n",
       "    </tr>\n",
       "    <tr>\n",
       "      <th>Portugal</th>\n",
       "      <td>0.223481</td>\n",
       "      <td>0.071666</td>\n",
       "      <td>0.588466</td>\n",
       "      <td>0.456984</td>\n",
       "      <td>0.736477</td>\n",
       "      <td>1.025014</td>\n",
       "      <td>0.295739</td>\n",
       "      <td>0.159504</td>\n",
       "      <td>0.846116</td>\n",
       "      <td>1.431879</td>\n",
       "      <td>0.668783</td>\n",
       "      <td>0.811300</td>\n",
       "      <td>0.000000</td>\n",
       "      <td>0.772290</td>\n",
       "      <td>0.629858</td>\n",
       "      <td>0.040982</td>\n",
       "      <td>0.672239</td>\n",
       "      <td>0.001522</td>\n",
       "      <td>0.236664</td>\n",
       "    </tr>\n",
       "    <tr>\n",
       "      <th>Qatar</th>\n",
       "      <td>0.995771</td>\n",
       "      <td>0.700623</td>\n",
       "      <td>1.360755</td>\n",
       "      <td>1.229273</td>\n",
       "      <td>0.035813</td>\n",
       "      <td>1.797304</td>\n",
       "      <td>0.476551</td>\n",
       "      <td>0.931794</td>\n",
       "      <td>1.618406</td>\n",
       "      <td>0.659589</td>\n",
       "      <td>1.441073</td>\n",
       "      <td>1.583589</td>\n",
       "      <td>0.772290</td>\n",
       "      <td>0.000000</td>\n",
       "      <td>1.402148</td>\n",
       "      <td>0.731308</td>\n",
       "      <td>1.444529</td>\n",
       "      <td>0.770767</td>\n",
       "      <td>0.535626</td>\n",
       "    </tr>\n",
       "    <tr>\n",
       "      <th>Russia</th>\n",
       "      <td>0.406377</td>\n",
       "      <td>0.701524</td>\n",
       "      <td>0.041392</td>\n",
       "      <td>0.172874</td>\n",
       "      <td>1.366335</td>\n",
       "      <td>0.395156</td>\n",
       "      <td>0.925597</td>\n",
       "      <td>0.470354</td>\n",
       "      <td>0.216258</td>\n",
       "      <td>2.061737</td>\n",
       "      <td>0.038925</td>\n",
       "      <td>0.181441</td>\n",
       "      <td>0.629858</td>\n",
       "      <td>1.402148</td>\n",
       "      <td>0.000000</td>\n",
       "      <td>0.670840</td>\n",
