Country Name,Australia,Brazil,Chile,China,"Egypt, Arab Rep.",France,Germany,"Hong Kong SAR, China",India,Israel,Japan,Mexico,Portugal,Qatar,Russian Federation,South Africa,Spain,United Kingdom,United States
Australia,0.0,0.724617216472778,1.598278262308508,6.354932129725749,1.690916673988,1.0138537587275473,1.6241980665684395,3.865915809273712,1.3221167099053974,2.4841872760179102,1.6587836280308275,1.4631341410526975,1.0639605957076397,1.8203533286649258,0.8114398862543319,1.3570046419447004,1.055737119078838,0.6552102866339369,4.309943093519694
Brazil,0.724617216472778,0.0,0.9018646739276847,6.444787338656903,1.123153289041357,1.4600826748462836,2.0903927369139406,3.9609787660840645,0.6719788304700046,3.173522317958993,2.193047853144782,0.9453396537523113,0.7021675607005352,1.221317528834966,0.18236967417394764,0.7384673971734554,0.6148918495596282,0.8942148907745929,4.577862894379732
Chile,1.598278262308508,0.9018646739276847,0.0,6.808907743256383,0.5544960979695305,2.265548406934862,2.7852753467620626,4.4906788792503285,0.5002301537361848,3.9417750657913357,2.948288914968884,1.1581516800662537,0.8550445301361363,0.5345421878426471,0.7970028483331763,0.3768325205934819,0.7613090018356776,1.7039530320601495,5.141011016592497
China,6.354932129725749,6.444787338656903,6.808907743256383,0.0,6.894826391448605,5.923885291147323,5.599653998055589,5.853164316962181,6.551209138047901,6.750365990105647,5.270945459187124,6.288884908382298,6.685941943112645,6.94269763082293,6.457455045603365,6.738583219328953,6.623053987551712,6.069588498791334,5.392644475133421
"Egypt, Arab Rep.",1.690916673988,1.123153289041357,0.5544960979695305,6.894826391448605,0.0,2.4193227497964185,2.7100929529740965,4.90837396767459,0.6651889219680451,3.8297508788809798,2.890184974888666,1.6343995599625016,0.6940823033017642,0.15600974267293008,0.9706152078922076,0.3938539366481409,0.6759866135505587,1.9128723382430932,5.144619152749117
France,1.0138537587275473,1.4600826748462836,2.265548406934862,5.923885291147323,2.4193227497964185,0.0,1.2338095860495908,3.139399622146778,2.068870866614411,2.2904887532641984,1.5777262690827847,1.721535697872493,1.810300920031008,2.5373023571854647,1.5471905844162397,2.088518547830105,1.7655853027005297,0.5923523284031531,4.501469308975647
Germany,1.6241980665684395,2.0903927369139406,2.7852753467620626,5.599653998055589,2.7100929529740965,1.2338095860495908,0.0,3.969615412479355,2.4937424410847884,1.9104472012692508,1.0992519687246727,2.57294433259748,2.125373984433012,2.8456515042298265,2.1086304518039167,2.502371124831365,2.127083131646381,1.5539914898380651,4.169329320956623
"Hong Kong SAR, China",3.8659158092737123,3.9609787660840645,4.4906788792503285,5.853164316962182,4.90837396767459,3.139399622146778,3.969615412479355,0.0,4.413430764798414,4.872456293046691,4.193435066186071,3.3566266000371314,4.552210256293471,4.953552705683156,4.093989013819254,4.55234590884371,4.443910040722355,3.301142784693949,5.68282184886618
India,1.3221167099053974,0.6719788304700046,0.5002301537361851,6.551209138047902,0.665188921968045,2.068870866614411,2.4937424410847884,4.413430764798414,0.0,3.6876441521060097,2.586713803002563,1.1448554083304665,0.7372919056611796,0.7165303660726452,0.5897431004990422,0.3876791951297702,0.6508894401948416,1.5138954049139388,4.65114444484585
Israel,2.4841872760179102,3.173522317958993,3.9417750657913357,6.750365990105647,3.8297508788809798,2.2904887532641984,1.9104472012692508,4.872456293046691,3.6876441521060097,0.0,1.8838298779676772,3.8451676369997903,3.1548639118854087,3.9841153416147823,3.2038909416879533,3.6253519948301793,3.2193675608141166,2.6809760940555183,4.744481166635427
Japan,1.6587836280308275,2.193047853144782,2.948288914968884,5.270945459187124,2.890184974888666,1.5777262690827847,1.0992519687246727,4.193435066186071,2.586713803002563,1.883829877967677,0.0,2.756843309923092,2.3113459902608664,3.0271307655947814,2.2182411580249997,2.6630969236877395,2.33037935375788,1.7859499410723807,3.5547430767799804
Mexico,1.4631341410526975,0.9453396537523113,1.1581516800662537,6.288884908382298,1.6343995599625016,1.721535697872493,2.57294433259748,3.3566266000371314,1.1448554083304665,3.8451676369997903,2.7568433099230916,0.0,1.5057340924966225,1.6533087533866537,1.0309064516205202,1.2927725925473361,1.372074054794574,1.1863498795892058,4.844988591846144
Portugal,1.0639605957076397,0.7021675607005352,0.8550445301361363,6.685941943112645,0.6940823033017642,1.810300920031008,2.125373984433012,4.552210256293471,0.7372919056611796,3.1548639118854087,2.3113459902608664,1.5057340924966225,0.0,0.8418968887066424,0.5469490671790728,0.5012872479171636,0.14507568835411047,1.354605642441836,4.87174950472226
Qatar,1.8203533286649258,1.221317528834966,0.5345421878426471,6.94269763082293,0.15600974267293008,2.5373023571854647,2.845651504229826,4.953552705683156,0.7165303660726453,3.9841153416147823,3.0271307655947814,1.6533087533866537,0.8418968887066424,0.0,1.075453384147471,0.48415571518102807,0.8133246347994544,2.0203070689681293,5.223379859054596
Russian Federation,0.8114398862543319,0.18236967417394764,0.7970028483331763,6.457455045603365,0.9706152078922076,1.5471905844162397,2.1086304518039167,4.093989013819254,0.5897431004990422,3.2038909416879533,2.2182411580249997,1.0309064516205202,0.5469490671790728,1.075453384147471,0.0,0.5945569576741363,0.4531128567747414,0.9976934480576588,4.656429100937828
South Africa,1.3570046419447004,0.7384673971734554,0.37683252059348155,6.738583219328953,0.3938539366481406,2.088518547830105,2.502371124831365,4.55234590884371,0.3876791951297702,3.6253519948301793,2.6630969236877395,1.2927725925473361,0.5012872479171636,0.48415571518102785,0.5945569576741363,0.0,0.4259357318415253,1.555552738833039,4.959256807476756
Spain,1.055737119078838,0.6148918495596282,0.7613090018356776,6.623053987551712,0.6759866135505587,1.7655853027005297,2.127083131646381,4.443910040722355,0.6508894401948416,3.219367560814117,2.33037935375788,1.372074054794574,0.14507568835411047,0.8133246347994544,0.4531128567747414,0.4259357318415253,0.0,1.287014759722587,4.867585322569544
United Kingdom,0.6552102866339369,0.8942148907745929,1.7039530320601495,6.069588498791334,1.9128723382430932,0.5923523284031531,1.5539914898380651,3.3011427846939485,1.5138954049139388,2.6809760940555183,1.7859499410723807,1.1863498795892058,1.354605642441836,2.0203070689681293,0.9976934480576588,1.555552738833039,1.287014759722587,0.0,4.5015824990031135
United States,4.309943093519694,4.577862894379732,5.141011016592497,5.392644475133421,5.144619152749117,4.501469308975647,4.169329320956623,5.68282184886618,4.65114444484585,4.744481166635427,3.5547430767799804,4.844988591846144,4.871749504722259,5.223379859054597,4.656429100937828,4.959256807476756,4.8675853225695445,4.501582499003113,0.0
