,parent and child,parent and teenager,wife and husband,fiance and fiancee,siblings,divorced spouses,a person and their in laws,employer and employee,interviewer and job applicant,guard and prisoner,nurse and patient,therapist and patient,salesperson and customer,business partners,opposing negotiators,political opponents,business rivals,enemies,teacher and student,professor and graduate student,master and servant,close friends,casual acquaintances,teammates in sports,second cousins,grandparent and grandchild,foster parent and foster child,godparent and godchild,step grandparent and step grandchild,ancestor and descendant,man and his mistress,step siblings,distant relatives,twins,a person and their family friends,manager and staff,union leader and union member,manager and assistant,entrepreneur and investor,drug dealer and addict,victim and witness,criminal and police officer,criminal and prosecutor,customer and businessman,representative and citizen,officer and soldier,religious followers,reader and writer,reviewer and writer,sugar daddy and sugar baby,director and performer,psychologist and client,judge and contestant,man and god,university student and administrator,student and dorm resident assistant,athletic trainer and trainee,researcher and research subject,peers,classmates,bride and bridesmaid,guest and host,television host and guest,volunteer and organizer,bully and victim,a person and their social media follower,childhood friends,pen friends,friends with benefits,life partners,soul mates,church members,fans of the same sports team,fans of opposing sports teams,superior and subordinate,a monarch and their minister,cousins,parent and infant,step parent and step child,bride and groom,man wife and man mistress,brother and sister,close relatives,a person and their deceased spouse,foreman and laborer,owner and manager,chief and deputy,supervisor and subordinate,boss and secretary,intern and employee,lawyer and client,judge and lawyer,victim and criminal,criminal and hostage,defendant and plaintiff,police officer and offender,police officer and civilian,parole officer and parolee,consultant and client,chef and customer,customer and server,doctor and patient,doctor and nurse,patient and caretaker,driver and passenger,coach and athlete,team captain and team members,club member and club president,politician and supporter,leader and follower,babysitter and infant,religious leader and congregant,prostitute and customer,guide and tourist,athlete and referee,slave and master,performer and audience,dealer and buyer,co workers,sports rivals,romantic rivals,criminal and their accomplice,diplomats,principal and teacher,professor and teaching assistant,mentor and mentee,roommates,sorority sisters,fraternity brothers,groom and groomsman,predecessor and successor,landlord and tenant,landlord and housekeeper,celebrity and fans,celebrity and haters,native and tourist,friends,facebook friends,political allies,romantic lovers,ex lovers,strangers,neighbors,aunt and niece/nephew,uncle and niece/nephew,frenemies,half siblings,adoptive parents and adopted kids,mother and infant,alumni,confidants,a person and their significant other,companions,playmates,competitors in sports,a person and their crush,cohabitants,long distance lovers,brothers in arms
parent and child,0.0,0.5896407670410038,1.9640678909401832,2.5748634538475708,0.40928220572723206,2.9846346637743935,2.061106378182567,2.431259957661196,3.8929385456433216,3.2730635372968977,3.388102075231015,3.077072572439943,3.8760449038659046,2.4334301578365762,3.793901776648515,3.5476606462710287,3.823714000613627,3.9314786089959814,1.599521697402314,1.4847581603364746,3.180365517608496,1.777994735113156,2.783406730003377,1.011495034490899,1.1960271063038719,1.6717334883371324,0.9519046830149704,1.6576505024043502,1.4562119013039,3.298683601630865,2.6942417555153,1.1566292195284866,3.159787053183572,0.6059065279646154,1.358236705483696,2.4041546675423358,2.5607188070766496,2.203864244403048,3.488353920722926,4.060901199456415,2.8947020456399493,3.4606566430924457,3.228601253547644,4.209228216840121,2.0458450106997765,2.2457532026443885,1.5429930201650237,1.785408776046868,2.532290598214855,2.7593255399024055,1.6123668600397882,3.0633205577040767,4.0767701671686,2.5843688293869045,2.193226529554532,1.4968342958087213,2.876564847887892,3.7480880558778757,0.7012879187057182,1.487766496779001,1.3718967255771481,3.582932129661778,3.8576891447983193,2.1756712721731453,3.597645188330626,4.13092673898214,1.7679482890671632,3.2766994282729778,2.3242922659340826,2.430741379480525,2.830214821010481,1.3372830122425172,1.1901219623555948,3.8416887375043927,2.1404146313055947,1.9824776828840323,2.3276487022255896,3.1760795440652854,2.990070805033912,3.598171158680847,2.7190940417086,1.6995965459613442,2.202850620392849,3.2819986579339737,2.4249107715889298,2.23558642059295,2.2096830558221137,2.3387373331615824,2.131378590175483,2.307685759663739,2.987633144170197,2.512429660723965,3.8382709779799384,3.72575362627223,3.9999221820458244,3.461899861312529,2.46062923627595,2.4813150123957985,2.662644281157857,3.3154638540085237,3.1427841203449174,2.263153359061522,2.187247165026458,2.977811940985822,2.8063101907527774,2.309224689162545,2.107655616683291,2.019478961586247,2.30992413903315,2.0165455320173344,3.595201665639508,2.644268020871591,3.4668997678717,3.301658152724687,2.905760414483697,2.873106698867959,2.9463716859506826,3.557831802499633,2.035042302271593,3.126621833945552,3.4769038294100842,2.2479809453870243,2.7093502217855447,2.176234706555023,2.293295439539273,1.8533204050258654,2.4607424673857445,1.9217919273158584,1.6482684078746825,2.166917637650307,2.2114298301469906,3.012375380105512,3.0540655872938016,3.198688096395183,3.0290363976058554,3.784494478529415,2.0184661140572255,1.6881399534281565,1.8598194611027088,2.7058716237629192,2.598034446100582,2.0374986634434546,1.0223175429918974,3.0745518883735836,2.98222193865961,3.515622702150248,2.3454001786674943,2.8312566385900975,1.189799819430689,3.494735128703131,1.6309907711790066,2.3310712035830052,2.176065942310223,2.1085615960153308,3.537419514033446,1.6826706951937387,1.8497441769934657,3.6954184497809797,0.7703424694026041
parent and teenager,0.5896407670410038,0.0,2.0358639739113977,2.7245025965773824,0.6463648330886315,3.0658453417309612,2.3145319631362793,2.6275741710372515,3.8475721627432766,2.922970023411869,3.2581501370929016,2.938025460507216,3.928174353748867,2.7522060641615753,3.6457032918998897,3.3460978434777946,3.5956977618520862,3.6756309889585057,1.515058669299394,1.670577135702309,2.9649736278923275,2.002299540500224,2.9311951943779584,1.3468066081713304,1.5986665116796355,1.7388539238976208,1.0471389547485206,1.9149239107726166,1.5330714476546512,3.518592753325858,2.718698642011593,1.147454877801225,3.405474652282492,1.0375844534734413,1.5684120441886567,2.502359545156938,2.604575744933094,2.257969563221075,3.5804792247615556,4.02232374887476,2.6021035362877583,3.085451647649202,2.877496375332938,4.2916767935093265,2.168439110924746,2.2051555344223623,1.574344424355905,1.9277912622486753,2.6253383687943628,2.8557106439976176,1.8984064748296703,2.8700837864410857,4.072296994820268,2.6726390304989622,2.238158067900629,1.495457287718611,2.9158549090943997,3.6997538364881577,1.0645463550717558,1.700927872507612,1.4840725456937625,3.545410411984299,3.870488255692553,2.308790957653304,3.2070454585336527,4.264467000978435,1.9812964917325901,3.504306465844129,2.4220932569911824,2.6043563766700237,3.0098080127978393,1.4375886348876987,1.4368723044150096,3.4929318423123483,2.0944233624886786,2.1056375043797297,2.1204005144864597,2.981252096973895,2.798324312624279,3.4303894718262002,2.650983866169739,1.5028491181843613,1.9326594800605348,3.325095098016301,2.602336662596564,2.2648977583226197,2.3018138480889303,2.3465600046951685,2.3156074675586376,2.3890189678917024,3.1578433594314324,2.6506235699890137,3.371673954569692,3.341730061538848,3.720617583481816,3.301707757123971,2.6158850909079474,2.5636120370047837,2.825025240536869,3.4254566755983715,3.2802183633525805,2.36568322574399,2.2497938110227507,2.921602156518217,2.8910484834091443,2.3366449003346044,1.9826049866106012,2.244020746289612,2.5736737049696794,2.190764090678502,3.499093281493497,2.8268530147089512,3.6569956883510932,3.508211117591716,2.9963905516195926,2.554557340160391,3.101454043977601,3.7857500167287865,2.0041325860300296,2.5911962209036297,2.9207889733049477,2.17140296844266,3.0281103716818816,2.2828291591999506,2.4137395387275413,1.9401749423345276,2.229898439596144,1.6766575679279736,1.2822792557683385,1.9743013954306998,2.390758262057685,3.231154773298724,3.397652552807139,3.3390744691772105,2.6414160160738613,3.822779518826392,1.8961037144925674,1.9813193054940081,2.1582483144461095,2.6518130071672497,2.2201653153760486,2.244150679434639,0.872739562507725,2.8868980356496605,2.7955013955309553,2.936155538011331,2.13923530024507,2.6454429817046328,1.1517887977825572,3.8089928947705762,1.7870675248962211,2.4028246553495953,2.1295847600064985,1.9610935162116048,2.9977886016366586,1.5231318583356726,1.5641518088128346,3.8934258976829175,1.0710027066597707
wife and husband,1.9640678909401832,2.0358639739113977,0.0,1.1384534775603592,1.9705741999402522,2.9982553048706815,3.0139710845136185,2.357256424837843,3.4368259482739925,3.585838536307821,3.4116719246864076,3.1419730899015157,3.326292770672316,2.014272266718231,3.90227749153095,3.838366392888951,3.9200353206955993,4.349622319773405,2.847698941459457,2.793458434425344,3.2449810290380166,1.3938573285269635,2.966197001129952,1.852008428706934,2.308489702371704,2.880163549935886,1.576393839479178,2.7643795544133676,2.4651829266865692,3.8736293987226103,0.8919671269445526,2.3839507548870382,3.590552957179734,2.136622391003553,2.260164770892096,2.336173552799349,2.8487422915448386,2.4109569515329894,3.0256491959709337,3.327600240868439,3.327895627520287,3.7871403836903643,3.502579630870577,3.452457483602352,2.735122913145816,3.034634248490314,2.188956719782143,2.282479196715384,2.2968290844318413,1.3743434465575919,2.226753508440997,3.256846196165467,3.9309362259367546,3.12492302379132,2.864905281107959,2.2303977150816743,2.938564028488154,3.682610355043235,1.348229612598632,0.6913201421296234,2.3228976571871374,3.4622524156866286,3.8272282278893455,2.6320057942345243,4.167750982938793,4.400273995857231,0.6599917902729225,3.8508145539578447,0.6356534799220186,1.1132260332796622,1.2400077353542533,2.101902302485772,1.710011867449628,4.312049271218577,2.3707298673759665,3.0538520723602582,2.4414644646171495,3.594723492788738,3.2937116850372945,3.2302061526152697,1.4583359706180712,1.4896454131932533,2.4233988215233206,3.198674359301205,3.5937292308837314,3.7066384333918325,3.688144636031998,4.006540909028298,3.5915174045275386,3.7648036627787884,3.1023455058830485,3.1319193348680474,4.520330383282618,4.20299783641982,4.336403036376895,4.052240305103029,3.2423102641923967,3.3621035929466316,3.094640243085392,3.2728693707175482,3.3191947734486584,3.5531494425553243,3.815043940073487,3.481591597380347,3.5396865100019057,3.3304061389647206,3.419128569128105,3.660841300548836,3.64465439209823,3.6475137848611974,3.892548755421229,3.8400654523585356,3.105900193095068,3.8957727096277286,3.2454908825993454,3.819048415607355,3.733775140440692,3.403008943895922,2.6218402177482587,3.8131389666837885,3.590481982895112,3.4176980487452213,3.745632843017076,3.832898451895287,3.542014204871705,3.145831927598183,2.386472685594983,2.226609011293416,2.719881686127186,2.7593067808270577,3.8361279898738583,3.886714324710286,3.9855870372714306,3.455658263248852,3.9127271010741715,4.427151657575555,1.0701857738607525,3.002297957707577,3.6219281815124003,1.2260174693496557,2.4560861262849087,3.3839912195504818,2.7929136700533834,3.290924111970903,3.3323845827680474,4.032155581094782,2.317568432700121,2.983894671804042,1.1490255040834751,4.135349609078792,3.166765675778773,0.8468403675107772,2.32353176138021,1.658425744916762,3.9812788003065194,1.3856406475750895,3.1105925849667777,2.0763205156237863,2.636298169621994
fiance and fiancee,2.5748634538475708,2.7245025965773824,1.1384534775603592,0.0,2.685461982545586,3.076111206521668,3.7576019310130553,2.453004947914374,4.091094631999322,4.256396765714471,4.248715384104837,3.9138419775193,3.5250879993099544,1.7850817862392692,4.013876360392866,4.134098732871765,4.2996945058739815,5.180498165991702,3.660055185678776,3.50160907144869,3.952264060741181,1.0962298627243443,3.5677385456475625,1.9906233866075032,2.8309542547719073,3.827009583574416,2.515530373258147,3.574568247693095,3.4239761960536526,4.543167078781039,1.290482683992148,3.30560428815846,4.186468172044392,2.6919718670373336,3.1256581031777557,2.55199675488554,3.394512352327848,2.788293628788302,3.3562386311404198,3.830159283001908,4.182526321501519,4.449742756392018,3.987773917679477,3.621561313016585,3.223775093976255,3.7357062867489366,2.8775913915993945,2.6802870068288436,2.8524474782700437,1.6404956573979417,2.5298260088020394,4.05605555947213,4.6932929409112685,3.809451968388117,3.6028725855309913,3.0158286940729813,3.731751247124715,4.524656058214915,1.9800695091689462,1.5285951849545836,3.2832595978195407,4.198446207988037,4.556938118738057,3.2816163524845896,4.861139508523746,5.076615764627347,0.891786800610131,4.4897430737321775,1.4011886815863777,0.18522147223549587,0.4109320648767119,2.8179737920030923,2.546822427577598,5.0130292662166855,2.94824318530606,3.706827686089512,3.5364382014881355,4.673997489119176,4.377310296849075,4.264271583971521,2.342837994809626,2.5246359769423274,3.4994301255459694,3.9894960272452007,4.063218757630101,4.2279044944451885,4.063228028725131,4.501568621603852,3.8570543469868093,4.12478985596603,3.1780174834789747,3.2133987283030887,5.165385847826862,4.450155286930247,4.376964886091041,3.9793740759832863,3.8290232551860726,3.4897292716979984,3.3862496177231898,3.709667527918045,3.6362756655445585,4.018148866139326,4.1766317342628625,4.330642393153984,4.259581404769745,4.058770062493544,4.1252077174584745,4.096584478686044,4.07010616326064,4.223348663436062,4.8253493747294245,4.535075060281463,3.4259117455122863,4.48796446671788,3.658450823688991,4.438386955150884,4.434702563477665,3.5159176805077617,3.4616027567490355,4.318312543285974,4.130738367053801,4.262159762117485,3.7573965566051952,4.250090729815797,3.9073344247488695,3.749759612106398,3.460582121680397,3.2856905715308846,3.653708682929495,3.8162030301671703,4.423848380936779,4.5459790077880955,4.473432274422564,4.222241262244636,4.369275198287203,5.238635953493433,2.0080344250022963,3.618928068928934,3.882799174787036,1.8706261957024335,3.1596550577404736,4.093514753415064,3.5306602120249884,4.372889572571141,4.423523967066761,4.686534470210121,3.4268730644719287,4.053805419536011,1.8952058011336177,4.61239922214318,3.8644696446114764,1.0871024562629312,3.42806988127298,2.681770114257869,4.498239979483682,2.4345930167590355,4.033516877501203,1.3863791590581296,3.2239049120611396
siblings,0.40928220572723206,0.6463648330886315,1.9705741999402522,2.685461982545586,0.0,3.206544072419161,2.0244366780038727,2.7391093187264874,4.013449793542909,3.419898357606599,3.4384240050561785,3.1576187879377606,4.123187606127162,2.719189192453125,4.078968527359283,3.768534080707517,4.036730408443603,3.962939508420526,1.6882860010936398,1.6550599558615808,3.314086254451079,1.9269438558370564,2.8432566220944877,1.2964972635517595,1.287287002338664,1.4667935617868426,0.8522891467189092,1.5365976899957756,1.3037554436454672,3.3500384285093454,2.7528478973571686,0.8911856409502839,3.1880078525769613,0.5235376001885981,1.2726218655569672,2.7137127087770114,2.80550055934154,2.4932591533208943,3.7104976904249183,4.20565525849714,2.9640246907925056,3.602242769009275,3.435598321271954,4.432312537404305,2.3058605077434584,2.4257396758978294,1.7435342312290543,2.0968322693231096,2.732711223889439,2.8910216897514123,1.9501557438997494,3.1517905882096633,4.162317063326941,2.698410542874769,2.3648526273907313,1.6588154977255138,2.973807336648523,3.8047705503490516,0.8281331618375437,1.520047279565981,1.1971010662010917,3.7000493436868878,3.9710261257922626,2.380969438528351,3.6810204090033585,4.184772855758219,1.847781148651822,3.2850002691870004,2.3526335805035696,2.5493036570428065,2.924135409580205,1.5242174616835915,1.2167177429719491,3.918699074883896,2.360113098887001,2.1737130448041064,2.1023073435202555,2.9743696588321464,2.7845334749530366,3.45616864900679,2.6417725840533968,1.5541939810326642,1.9656404296500125,3.221441009730281,2.6796203339817115,2.4399675888942443,2.4725583764937893,2.5192832597650803,2.4374874932709725,2.573297838052588,3.279380901017332,2.861012433655698,3.946610065382631,3.965704712264619,4.298843872632797,3.803919360946691,2.6814151374431643,2.8156595343763917,2.956499818580245,3.5270486181641996,3.406599287342073,2.5006189985399945,2.439934174751567,2.979656055774785,2.9347125205149776,2.3920211819912325,2.170447298348012,2.283650093432313,2.5975384136912614,2.204213015172876,3.544134699996835,2.783476081306161,3.6673804198873836,3.4813532734538337,3.1630258175717247,3.0563763276469174,3.0613451638505937,3.835750084219024,2.0659178694043048,3.19826874009656,3.4910389280971286,2.304136800937722,3.0069993281697567,2.4340808860858067,2.5637016397038477,2.0235436257130255,2.2684567492527306,1.7112677826279838,1.386128213070979,1.9418672068652538,2.3980310082756118,3.164498392907275,3.2332711637665428,3.250440304549435,3.2230044218107117,3.857321305882001,1.9735002300219227,1.7191246654083492,2.130767851418589,2.6915735143509343,2.6102320070896567,2.1270590992420866,0.9691998197377931,2.8790018131473607,2.7816485004939975,3.5013881087429852,2.1548790460179905,2.644880125644628,1.139309646445794,3.590693391714277,1.7038157546804182,2.3898172622417118,1.9927332955821484,1.9964449208354127,3.624835400731259,1.5293475445168445,1.5887614522169142,3.811771945092298,0.7446276033477134
divorced spouses,2.9846346637743935,3.0658453417309617,2.9982553048706815,3.076111206521668,3.206544072419161,0.0,2.8294145434321445,3.169677712873642,3.9203962718496914,3.8026269742728354,4.5944302680719415,4.449035827508784,3.655614794822502,2.803556752420702,2.083020026391549,1.8801018281156858,2.41909184444567,3.508572222300175,3.581199971985169,3.1465271568027062,2.8333514825840815,2.834781163018404,1.8678693381271854,2.5936170472069793,2.390714836244959,3.823011591282762,3.176696777738768,3.1450990504324685,3.375480240079167,2.953057670839622,3.1117145393750527,3.4232325234807996,2.5766252649713115,3.143870319520537,2.8686150512253867,2.7765629205084243,2.649422988538894,3.15164610592342,3.6007160368934437,3.591090535625152,3.315383487818061,3.792213396685527,3.278093155752227,3.7805723631409753,1.8001029661134058,2.493156720600748,2.148469493599621,3.018311115419159,2.917473175891746,2.5664683862998974,2.88510855305257,4.263985847445418,4.155583849632717,2.16073273101657,3.1909306592781577,3.0242947685943773,3.753476692603654,4.280947879467549,2.8050803468676913,2.9350813952045747,3.5507310116383275,3.722271722230815,3.9056777810099357,3.0264803986090936,3.320750573590457,3.2609623916763457,2.904612334044434,2.8404538433596715,3.034471860750388,3.0438823158307664,3.232247705451447,2.2740216178588533,2.6101200519494556,3.2766302185119835,1.8987799466350852,2.5103508172745768,4.330206005889414,5.178743220043876,4.981526407044592,5.0800168702911614,4.0675439859544,3.6859648261294273,4.272363625528111,2.713879613073875,4.042201050037255,4.326985116674167,4.2214294652614575,4.512913268046993,4.007485406352677,4.283266233723445,4.10535959301178,3.7363831865304227,4.202486555607924,3.6803622637847053,4.0463989262234215,3.9115252055029264,3.6551652742239376,4.0011360144037535,3.7804254102822576,4.111992540994533,4.026475481208961,4.245750674905303,4.224628918557192,4.9554407228956565,4.3080432574996586,4.495078144577966,4.526841849303948,3.7385408222821512,3.2651116839158547,3.9400949922924102,5.377087546228486,3.655311304534824,4.095229698429102,4.073365931221377,3.916199051929754,4.033546993470157,4.510609194493534,3.8934989161247167,4.1305995713508805,3.7516875880757024,4.04039612363442,4.067133831487094,2.157529911148479,4.048258517984009,4.226794767834405,4.098967014361144,4.390791977143667,4.0593610237788775,3.98040220322623,4.391618019328432,3.7672888463971965,3.801946766310944,3.233852799603693,4.646929876084362,3.113385690204625,3.883225470156697,3.614543877700843,2.6798492591797514,3.398447879010505,3.9299401331461907,2.5489258420602896,3.067698524931693,3.4500536187425364,5.008684027531846,4.910568274050647,4.380899955349352,4.1214542319504694,4.808042516891393,3.370141709507357,2.8479401813957907,2.9185035300800157,3.553651240387158,3.7487746331621605,3.9481342943906577,4.35873790689447,3.6508760476853594,4.2659229147423705,3.3142371282680876,3.308144460956935
a person and their in laws,2.061106378182567,2.3145319631362793,3.0139710845136185,3.7576019310130557,2.0244366780038727,2.8294145434321445,0.0,3.4329169368796673,3.8473151356759163,3.90010356618244,3.7743744187736854,3.7626614508463807,4.304651558269343,3.3262382940275095,4.0963354443629,3.6106335721252854,3.8803211421049792,3.2361941847398303,2.2810127052871696,1.7351008924395572,3.116965152148988,3.2088065114438127,1.4908723721526886,2.5588892967523993,1.2228669717995277,1.5770874672274988,1.9899578538470413,0.6391995671941867,1.3673887359127257,1.490758299530394,3.5532806711856955,1.6288024686412008,1.3434770864209309,1.978459224055249,0.9290715910692688,3.2602256474447704,2.6616847032626776,3.203317808354921,3.852370504632517,4.04865805307374,2.9099485287923406,4.004387175266886,3.97703799244805,4.470626256406752,1.8731194050817317,1.9884898397529975,1.768118747929648,2.843677647184298,2.8553673142191895,3.2618177005546056,2.6566682284526406,3.6394783283537127,3.577400782304539,1.4725145980088776,2.3010191792283745,2.178656052220763,2.8868250542194436,3.4769318153834914,2.1366398180804516,2.507693377560807,1.635627641070829,3.354140964483497,3.3730288082587827,2.348772156091299,3.604359329120694,2.4570588036605225,2.9786149741110166,1.32826831663899,3.063509299514531,3.648133418715304,3.8620151167617944,1.598689821707305,1.4182846868024335,3.6108194304746015,2.312117712735854,1.509440223983343,2.9073869909680075,3.405729284379928,3.2937338270370926,3.8646012686832036,3.6036227848233824,2.8452795849092736,2.9251476295108034,1.9188598201662375,3.1087515783916997,3.297126751720684,3.4392522591957353,3.4299024542034497,3.37668350589971,3.5439165530991636,4.124681505208353,3.81921288048985,4.3914775079940735,4.761829576722072,5.247476517342492,4.899084619328921,2.753056177159032,3.9345134733711555,3.5443216675008093,3.80473316168609,3.8330763979162663,3.3258204219062275,3.4509218017888736,3.5743139429654005,3.0560829182711724,3.1195273336682163,3.2632820086016654,2.6798542533117886,2.400225032830176,2.5391534508918334,3.9044475389387756,2.031939832991848,3.8912323775599265,3.012387697643614,3.6138525816969898,3.7437941412073066,3.066205195179155,4.04012824768826,2.905344157232354,4.146117226713696,4.533103095611457,2.574281943373674,2.675609898650951,3.1476275541257364,3.500694148970398,2.924138800324694,3.163631386160237,2.749865976342689,2.5552660149111186,2.7136681235880933,2.315796042930447,2.384840909515418,1.9679039746410667,3.257153311009754,3.7124447792994757,2.629627359420611,3.2408720825087984,0.7387738562558488,2.6346657502059956,3.828770277226178,3.044961881118047,1.102090260620051,2.073298266229672,3.3724161010883673,3.183524008351663,4.449505399498972,2.829274235912904,3.281982282670697,2.8500770924929615,1.7736975531795605,1.116832815122219,3.6594387072664607,2.105218472455014,3.095501550773499,4.715217632992143,2.807849780771708,2.5858914072398638,4.350589411633038,1.9051790726052011
employer and employee,2.431259957661196,2.6275741710372515,2.357256424837843,2.453004947914374,2.7391093187264874,3.169677712873642,3.4329169368796673,0.0,2.770632760962938,3.034375919401457,2.8352850716644493,2.4616671338498226,1.8474971849903286,1.059031313112678,3.3037125657636692,3.6735005752513668,3.564411494347522,4.449851488511955,2.4921549350467505,2.26993201842683,2.9938877196788787,2.428223927392489,3.414733366292639,2.2517610611930325,2.803316406819117,3.3662766356371883,2.3781686183488886,3.333461974523035,2.996098464619966,3.8231762846466415,2.3185861198841313,3.1592210607116105,3.903764162078984,2.875436446964045,2.880194362630226,0.6435786763977279,1.7500660885822006,0.8099579200762723,1.5907301189992928,2.78906850993365,3.2147731305012055,3.3235420682043495,2.955130388827146,2.2312776302670123,2.213225223139852,2.559031285737919,2.0928138451948834,0.8811670274999611,1.3655316772366146,2.021740277723419,0.9591471252490539,2.608112111284922,3.30162409712742,3.051295975991593,2.0267263329272134,1.8583587764510163,2.2382009107144434,3.1461337236553955,2.1192666286049233,2.0437805396653768,2.8696268857324116,2.7622471684948016,3.0552960154743443,1.6284342166224863,4.240732082224824,4.32666873919157,2.177601388615205,4.149121356129857,2.2200308506646604,2.3652843995734303,2.537586297729672,2.097807231549179,2.321124920350225,4.412113875357495,2.092319536355068,2.5583937071639617,3.3979616126204,4.082749089357544,3.882607347364338,3.8117328881068766,2.7444550277485114,2.7009061115469453,3.4390218984701337,4.072481860540958,2.0827307203255008,2.6394050680648085,2.5050596723640703,3.1143043026923385,2.351480736887864,2.5375670525867946,0.9922686547668318,1.2208119650863942,4.288580036418259,3.663203059427077,3.322705232863473,2.832805271195174,1.8364767326256901,1.7445768405295023,1.0329139180109825,1.5936755426307634,1.281336788002431,2.256789185979423,2.817958772821255,2.939009496268392,2.400520978248152,2.5307225970094103,2.8980333804800025,2.6021736355393563,2.387867991574037,2.746507248742731,3.5726376932958175,2.979918423408083,1.5628255177754704,2.5001240224084875,1.3663911827020014,2.9875017541887128,2.5881288103110696,1.341353055846724,2.271169620588353,4.183493701477455,4.31200395643963,2.877119930340902,3.2253324004185204,2.757117960131777,2.1498708329852954,2.253446981008795,3.319504507231248,3.1415903473532416,3.584945028869193,3.4380644691259694,2.9505369742177656,2.8162058614450625,3.131087229356418,2.6467717996254287,3.6549131301453204,3.863846386115348,2.3995036934948155,3.3089342195302294,3.033628363399281,2.503249979613694,3.4624409803781977,3.1126097285281205,3.128302825144289,3.864567893682847,3.888199656841478,4.599134669228957,3.2602806156812085,3.5930042854685795,2.4253154898719136,3.995071854543479,3.1539932030279325,2.1325581796324053,3.1757776645679643,2.6562995057425476,4.079201195079176,2.6959567830157436,3.823274346103391,2.984419695170607,3.0566062588201937
interviewer and job applicant,3.8929385456433216,3.8475721627432766,3.4368259482739925,4.091094631999322,4.013449793542909,3.9203962718496914,3.8473151356759163,2.770632760962938,0.0,2.4440049145187364,1.6849976307206838,1.9260173375551204,1.6680219449177442,3.3539332301044342,3.6091577428252375,3.7683061432624374,3.131111296284732,3.1679316633984844,3.073260225175584,3.119222972491038,1.9111667562670878,4.379137893927837,3.375400846040855,4.206558730475938,4.024355842372445,3.7644301473810597,3.2636295487854525,3.910779629479145,3.3697461699935753,3.5457319864011136,3.029114861745193,3.8015744025244134,3.901901976628485,4.350772081649476,3.438133376269264,2.4041616628381153,1.8463736431775313,2.4031365425532605,1.4495661628334662,0.8152955276154467,2.321390178682573,2.6481200793584017,2.8646234183306367,1.7155669223031451,2.8966444198014707,2.559355847609116,2.704720983752543,2.7233888484608855,1.5941493855215811,2.618434899166916,3.074390668911505,1.861154582545308,1.0089104279254912,2.872731877523185,2.1384888365582535,2.512299141523566,1.3851202845480746,1.084542710646533,3.6165134528830825,3.2869671237736355,3.3822194361627407,0.6995305108531736,1.0545899832983916,2.0593583971886993,3.6469613685771596,3.378682875322767,3.772590308734857,4.081512662403689,2.9700532274399194,4.092022193947195,4.050559097793214,2.836188496930246,3.1070573937893338,3.600075343220832,2.384989903012472,3.0162025327824673,3.254440187786701,3.4783408721495874,3.34158361695844,2.67955698328127,2.9075460294781186,3.2271107946471047,3.431609267090203,3.423261554976191,3.392199959907586,3.953256380654716,4.207096157731407,4.498188597648729,4.31956173715966,4.2457957830269955,3.1433133341151946,3.536764836693739,3.9219547654616598,4.198894953892879,4.278563064600963,4.509253421139241,2.502816661199192,3.901651497945392,2.7564444134706485,1.8382668317281277,2.3756175056041733,3.7254156746400056,4.529387147294507,2.809461010507828,2.507323001687175,3.2347506866645337,3.8025050741751967,4.10798873826764,3.619684948317088,3.922914861210497,2.7673422560057204,3.2359847092450407,2.0269662543684075,2.4536697227765822,2.3050326447678904,3.261006225102101,2.7989074767789703,2.5268695015818055,2.742846464659699,4.622665452346065,4.428913037367675,3.0478049359712043,4.849850759517757,4.3050607775645355,3.8809300722332623,3.51153002782717,3.128389939873714,3.305517538291477,4.0890508234744045,3.448838247162327,3.9270819097282033,2.8480626031202485,3.642453834913714,2.3171141420687547,4.079054582111695,2.7195920936149935,3.082122162609398,4.177290084379421,4.852124355445549,3.1068515934623897,3.3906733615988776,3.61854484560246,4.132072026488477,3.2406610731482988,3.2855556324042356,4.633894247728944,2.96407885642353,3.133915107449027,3.7497895566174573,4.204054215528156,3.8778765828783266,3.5192019940940797,2.8821761742597225,2.9156723016853134,4.299051500071786,3.259523348107285,4.317672774457436,4.161803619575468,4.438062031484094
guard and prisoner,3.2730635372968977,2.922970023411869,3.585838536307821,4.256396765714471,3.4198983576065984,3.8026269742728354,3.90010356618244,3.034375919401457,2.4440049145187364,0.0,2.059133854506804,1.9168007094548205,2.8980897100178704,3.799775208522583,2.815534143932745,2.7934786344602878,2.2740817149422297,2.543469518336272,2.295807614513686,2.783431239162276,1.4872537374723698,4.138545998677009,3.7716896069410026,3.713952776304467,3.818223718852556,3.4218462123355375,3.0253440408070578,3.8201461226844575,3.145825295317834,4.147080372541253,3.5211541998000673,3.2793929045695425,4.4332041283395265,3.8421754906947014,3.3668279819392013,2.5340166108258804,2.103182490836598,2.268757057263715,2.8312785419532234,2.72098587184916,1.277881658766897,0.3829466388690041,0.9202793041335415,3.357201588899346,2.7294655574850997,2.127623966475445,2.402726541231744,2.5279649488690947,2.4399936882936735,3.3974567387220898,2.9848214685188803,1.481019534596614,2.823654283742003,3.052524925113459,2.1446480086944972,2.1686139858153135,2.3949853942343458,2.483622219359966,3.3791253387195908,3.465840839386629,3.2056553680893916,2.2429547550985065,2.6775328041028956,2.4092072710283405,2.026378353556943,4.2644911586450265,3.8550986451812483,4.520288773343944,3.5207808846283384,4.225748681587078,4.4437126901981525,2.590458727164089,3.158369541545109,2.287979386822505,2.142441830600643,2.7514087823752704,2.984793337039244,3.204910728985836,3.128548276082526,3.132915332242002,3.3289680155520247,2.87757140690524,2.93425939084863,3.956439358048293,3.0196031172032876,2.9669082526187296,3.236910874945017,3.321012965866676,3.4828005670742255,3.2498273425212205,3.2986812138401365,3.074868807502115,1.6162244565241273,2.147729337818167,2.5846186132288524,3.042512750243143,2.6293065847683303,3.107165200002176,2.8423368507378264,2.795040312984496,2.867511496983779,2.9970889517806887,3.392884094229225,2.7354684485000798,2.676496283008707,2.780944353182269,2.7333111971276396,3.4062151054121554,3.311515469279471,3.2509499879734047,2.9643482425803653,3.2134981588826346,3.3820860769757597,3.258432952166407,2.5152656099049717,1.2773410583286324,3.1263294273353885,3.5504564169943262,2.4947021070004456,2.5383366255645736,2.5646386817045417,2.3529384985460187,4.497028640470998,3.300521601630984,3.1295547758940954,2.855237759533763,2.8704260518792575,2.8152315468658964,3.0774897565176347,2.979566035442239,3.3163339058845005,3.331472422280433,4.108557724916223,3.2605976725458787,2.0914838012319854,3.219325044186897,2.9814658078753733,3.9048441159453833,4.049464385100624,3.40697485582581,2.45581583166325,3.386113448052413,3.120286567402764,3.111097831228889,3.085267417975349,2.550240273423725,2.800895145746383,2.990403513896141,3.3032516720182983,4.7616968878994195,3.339718803869837,3.6941832916403388,3.0527710427893346,2.8394952338133312,2.0384060091099645,2.9843421342243794,3.2960009428625012,4.947756803029743,3.7374069142655704
nurse and patient,3.388102075231015,3.2581501370929016,3.4116719246864076,4.248715384104837,3.438424005056179,4.5944302680719415,3.7743744187736854,2.8352850716644493,1.6849976307206838,2.059133854506804,0.0,0.5703437043537487,2.6142871158343985,3.6305789887094435,4.283472119210004,4.3040802250564205,3.7947897256589282,3.405812563264085,2.209539645605023,2.628384268154873,2.3834222684947957,4.30291161755937,3.9218818378962426,3.9906810140794713,3.9058142143348116,3.019173913572102,2.7392224240795513,3.5948179922642143,2.8021277346905733,3.9566846536188494,3.3055048849901865,3.156143781855386,4.354240948939402,3.8739116706275207,3.161272122102348,2.626210989309234,2.2201908090338476,2.237177290974359,2.2243358541310503,2.3813864447710267,2.1164178520183636,2.380422681593799,2.8156648659703016,2.9176800496687507,3.171417603328471,2.602657077641856,2.7143766253567554,2.46976394783516,2.0076964996947035,3.2390889950508495,2.8914246533668475,0.6517495435661026,1.8908783272478562,3.263503044709138,1.8350330778553596,2.032486250471733,1.2063631032040962,1.248872152959866,3.304924276754528,3.14888266765559,2.7178756275913543,1.5587166982892586,1.8971561493346139,1.9924714723704406,3.6324907432665463,4.117903453153077,3.7313788912620094,4.449624948291241,3.1393795995712286,4.208869223399574,4.289622925927098,2.755739070202435,2.9458843821331326,3.761038803431576,2.7283137733910428,2.972846787384737,2.294888445480639,2.195248089483226,2.1190720155034453,1.7552941798016242,2.5796643544608036,2.5537364398780396,2.4667293848634038,3.9294725900540635,2.7170913734297395,2.9785266267338426,3.3688952806022194,3.507491448108403,3.636887966708841,3.4041874339339455,2.889499846832727,3.1708212260864523,3.496759015114435,4.0586973556828045,4.170619775686862,4.265120359156076,2.0811108695051104,3.328155997009764,2.4567808407586846,1.8187891834638472,2.2337672970391416,2.838921634848806,3.695206042500931,1.2920920764956099,1.639455810996851,2.0247752327557196,2.5569530167764087,3.5002552784981678,3.370145506302774,3.166686754598586,1.2372061592123527,2.901316128711411,2.326522527644119,2.3719247738650058,1.9839344703310917,2.46303446217378,1.992678392905507,2.9258120306824926,1.5965124444351864,4.165018090152962,4.029731338282907,2.0207670877232053,5.056540819279888,3.543967053138078,3.0653523161554888,2.5353177634875967,2.150531174770141,2.3669146316938194,3.1778807092390897,2.3519595460368397,3.327256132088029,2.707456319341299,3.831020192053872,1.5936717575545285,3.8630226600780433,2.9200066189369864,2.643596519208612,4.011116225733505,4.4096016300481,2.8909526994106414,3.4538690557125427,3.357381729446998,3.3928744418951826,2.0228753911988275,2.1001238722075213,4.01893886031725,2.1285109374365225,1.936928808864651,3.2336038340389988,4.6731300189316585,3.5320291801934705,3.3857340376544536,2.3298782796951985,2.193309602427599,3.696399452653488,2.6345052869005556,3.315661627949866,4.771324237054491,3.8546916865511025
therapist and patient,3.077072572439943,2.938025460507216,3.1419730899015157,3.9138419775193,3.1576187879377606,4.449035827508784,3.7626614508463807,2.4616671338498226,1.9260173375551204,1.9168007094548205,0.5703437043537483,0.0,2.4894792004723474,3.304800348004637,4.111616136331673,4.184536522522048,3.7325686119917236,3.602296314414375,1.9930338436533739,2.458287993699631,2.4398696435566243,3.934505876766498,3.9600611360746765,3.632798423025236,3.720449642783867,2.9529331133753844,2.5089387808633665,3.536081781410093,2.7289403516953015,4.094432379530202,3.071434465720303,3.0059868947427426,4.43461300383963,3.594361022215239,3.0753683477705684,2.29342713851525,2.1224897433965375,1.8448537681376707,2.1173863015679038,2.512296951652356,2.1761239587483354,2.278942602384339,2.593192293465079,2.8692751101174587,3.0433422352665462,2.5581061341631917,2.5555118957900342,2.0926706551081917,1.8716726621114246,3.0643541107451227,2.5399871881149987,0.5079852883112301,2.292361891338759,3.3132541895903334,1.7528211712889783,1.7985448793414298,1.3411262670549047,1.7032863800214812,3.0058463197975085,2.884253304384381,2.605597741076554,1.8413099713126155,2.2335227177908914,1.8689260816012634,3.621231848461902,4.358169287067607,3.414871561589039,4.548866554350762,2.9321223198426285,3.8666140294415166,3.9851930807266807,2.588931789588333,2.796605237063185,3.80897472373855,2.593206269945495,2.8986562001102314,2.2295531816443366,2.310932179337225,2.2017417859421085,1.9701671767301485,2.393071259309899,2.2999624492206783,2.3536336775261133,4.073732056098055,2.429160025234036,2.625598697022349,2.9708214004733025,3.1616056830508854,3.2337881844885685,3.000630975547466,2.4597582152844386,2.707817759018695,3.3776934652338975,3.7437264424643586,3.774382680091813,3.7988698054837244,1.9184231512358174,2.840808897576139,2.0897758697609103,1.6487968447969046,1.9432409830856836,2.466342251422719,3.3025979178590696,1.1889749048602514,1.5749528884503612,1.7497702551842405,2.215711405494336,3.219460266736473,3.181537510520561,2.9322879273286278,1.4528742609985343,2.911081100753308,2.1882993874426013,2.429958722814147,1.6724529877054501,2.1819585724083517,1.9619273592773503,2.7181636578831774,1.3014140721797693,3.896191724229915,3.7856030819060766,1.9182785597509437,4.828660724698603,3.207117997753566,2.653220809155455,2.186285774191205,2.0597184775442017,2.2087821653104114,2.9848248731102993,2.2738711521352646,3.1603114551721903,2.7751436843616486,3.8409584624127207,1.6996137582426638,3.6319255514081474,3.207175185104496,2.3431899720834486,3.9029704654864967,4.100218234201379,2.610909013357264,3.326591086593003,3.3149807416810044,3.1449020939314085,2.126930067891948,2.2124625920727223,3.8110489015905835,2.093328640003533,1.9677506849955915,2.88110455173933,4.738367631913745,3.4221490345204693,3.03397633279291,2.3732929686933053,1.9686305217735718,3.3999302093664276,2.3874649283085367,3.1473929511930945,4.538315751242093,3.5889962382810547
salesperson and customer,3.8760449038659046,3.928174353748867,3.326292770672316,3.5250879993099544,4.123187606127162,3.655614794822502,4.304651558269343,1.8474971849903286,1.6680219449177442,2.8980897100178704,2.6142871158343985,2.4894792004723474,0.0,2.4429751978954592,3.21058454887745,3.7453056960341513,3.236178912584375,4.208225173780082,3.440005607122808,3.331063108050153,2.638368802201157,3.883689671967163,3.7934204718349114,3.8281482995723275,4.063524327689723,4.366160457471279,3.522234659386293,4.362115053721834,3.93736051266694,4.136349651806677,2.8240730097158266,4.2600859385848695,4.365880701306396,4.3575832711616025,3.864240079601751,1.602580582557044,1.8828192935722903,1.8667386729862718,0.6280337329944984,1.4619737787833684,3.1974519900475347,3.1370803209029967,2.93131178363617,0.6114090932777354,2.888969766019476,2.9685443852236877,2.8802356140724883,2.2800341308157632,1.5224807704661458,2.314313777810413,2.571089209234675,2.5578451317789286,2.4436205898646675,3.374112944522206,2.523925425776506,2.753580096464241,2.177117708383282,2.533434219709086,3.527448182260094,3.2114349531499435,3.889381910959931,2.0103780290798796,2.2866479782459668,2.207390569914301,4.271417652872748,4.173296985763073,3.4443196142097596,4.62211440567355,2.907547446996048,3.523981823135529,3.489526285784221,3.0130739687922152,3.350949468555675,4.3100634906721815,2.4881674475541007,3.2842853785720427,4.040180419403571,4.520781728837258,4.342813344628849,3.815391835379794,3.2169910670531916,3.5935986719764865,4.154958425052862,4.232917631744356,3.1872320907255367,3.8651684282768928,3.902198481725621,4.4167957865167855,3.8769200642661272,3.918371439969751,2.15787553964725,2.680962252987244,4.381298062072041,3.9414608417401027,3.607345595471645,3.6585615899826753,2.5322876887246597,3.1781382607381796,2.087421329059795,1.4668040536847116,1.6857912281600242,3.513929580005549,4.2495141312012725,3.4113168083927627,2.8827258425179987,3.480926038277023,4.002655951708739,3.9380657810223574,3.449600652755689,3.964362849793516,3.71299783801049,3.6303087099090314,1.420729411178738,2.687554465561241,1.8511239175362892,3.4492157753626604,3.142686579147275,1.4186842398930195,3.114716030489854,4.806949785193835,4.711518021019023,3.595552664870308,4.391775927966806,4.099538261372246,3.5137477547193985,3.506435578426799,3.889216025083521,3.9365081803104296,4.612409257672484,4.206093178832293,4.038027497834195,3.229143587400748,3.762804419673311,2.8939300794674545,4.1523345696774445,3.7101191881544646,3.2218151094133956,4.416199134597382,4.563171947521184,3.093395961370066,3.813025768394732,3.9983288693696184,4.384074511055866,4.265583422428956,4.3241320318525664,5.066718575502865,3.793195194250742,4.059789420453444,3.719550926060528,4.490637701573537,4.193647429692976,3.1608992920296757,3.74079065870789,3.361610039817048,4.475823309128293,3.607880531080041,4.878697493887513,3.494895853027213,4.511759705524117
business partners,2.4334301578365762,2.7522060641615753,2.014272266718231,1.7850817862392692,2.719189192453125,2.803556752420702,3.3262382940275095,1.059031313112678,3.3539332301044342,3.799775208522583,3.6305789887094435,3.304800348004637,2.4429751978954592,0.0,3.5036401518824984,3.8190147273815236,3.8828207483352006,4.833416770930588,3.0440768125345645,2.6518592744626366,3.4731185224389276,1.831825017281307,3.196265492219832,1.9236907671322656,2.528879727285428,3.5592442267857525,2.4635056389797643,3.2688195675008997,3.1556486628950355,3.7844987977160973,2.0429181580933666,3.2593035855431824,3.6630805929654495,2.7031434839040887,2.856163062196674,1.3653629501063147,2.319632733829331,1.7202918730118446,2.220019478835011,3.2045716045704573,3.7716092016185048,4.044116783857096,3.5953690569762586,2.625444368093432,2.3499696874612774,2.9610671048886847,2.294618207982807,1.5884887895538042,1.8762881239111775,1.7021174829429748,1.3353913780435742,3.44946247984958,3.8485146076857384,3.1366896620614857,2.6434266114280764,2.356481299352061,2.8649526067663156,3.7757629740326406,1.9447321275296956,1.7688006955857543,3.03874751146001,3.3678616903740477,3.618871034085093,2.1995798811133627,4.663276715785042,4.3502093863091345,1.6525231823859536,3.9608266550478604,1.92295026561782,1.6874442569931476,1.821290498468231,2.2523110435737554,2.2588648433216214,4.793404272640438,2.342361541927397,2.829259857730499,3.712211755434627,4.576370825439508,4.339976168351252,4.274041358410888,2.8464271083945087,2.8834989170705563,3.744198674778089,3.9172959540583987,2.811048203983029,3.3215945665820636,3.113778623534196,3.7006263139691233,2.8421790457978497,3.164398446636117,1.8679026424174088,1.9872458358271832,4.921577399875752,4.197105708692444,3.9272636928179696,3.369034465720226,2.575907031923097,2.4501542999449764,2.0006391664241083,2.464334173029029,2.2489918002771137,2.979286661530395,3.3392691762337083,3.6935114310920536,3.1790638578112205,3.2538060494568537,3.5608132327198088,3.03461656844605,2.7866671769838254,3.2421261586216255,4.293271249786314,3.4251801055519677,2.166075235024282,3.117267493891471,2.3665545097529797,3.8030007122154177,3.2940438929854365,1.9512466468877447,2.909345387008634,4.535867974216807,4.6402277730747,3.5304964960470757,2.914397331241971,3.2885601090680394,2.8511631050265707,2.899397683874396,3.6709403531209697,3.4511958339028066,3.8289957966755113,3.809661900286464,3.394610560080893,3.292734353848728,3.2257283087515414,3.26809856024365,4.089164008781882,4.300079704911737,2.5139160186859475,3.179216593039006,3.102114209876744,2.5296369842948603,3.5595158220156433,3.297310462194055,3.3386366395200864,4.331663004051493,4.346263292448353,5.016642266881099,3.575821861662836,4.044804899017815,2.3820205028777544,3.7809521089235334,3.281168411851703,1.8950866990119313,3.3794514676738703,2.9289440331950125,4.63027846377373,2.830431487024845,4.0988492308281215,2.1827232778683263,3.035353301963396
opposing negotiators,3.793901776648515,3.6457032918998897,3.90227749153095,4.013876360392866,4.078968527359282,2.083020026391549,4.0963354443629,3.3037125657636692,3.6091577428252375,2.815534143932745,4.283472119210004,4.111616136331674,3.21058454887745,3.5036401518824984,0.0,0.983236933648572,1.052833314093481,3.2203106053370987,3.7552069355209725,3.632265670205467,2.3074471499347595,3.890666119464142,3.2807028532235107,3.575794646472443,3.7396809293632263,4.596449837495258,3.9466023221028657,4.317817039434519,4.177363242997445,4.049239489031432,3.7670751644107354,4.248728282331283,4.0425233070201765,4.213416907020393,3.9332511494451277,2.730086151351097,2.5663435057449284,3.028640643681391,3.4154688191761857,3.282417063258957,2.9267039503212895,2.7004605880816692,2.0423386463595885,3.507737033576967,2.411191954262514,2.6306529149826843,2.7117719935875866,3.158095871200464,3.078236933271398,3.281867301372771,3.310613456667872,3.8143511724180277,4.023137446201116,2.966046257440096,3.2911209185518073,3.294424900453443,3.8254066327410237,4.127750331440531,3.7637345122488934,3.8945716106151846,4.3332927643782675,3.4874715227532413,3.7639684814081624,3.2536786162822904,2.5878098271365433,4.087192838230939,3.9335874919267972,4.228809052375139,3.8794310207040263,4.004018754063875,4.218247307175733,2.965843195034886,3.629862630870284,2.613802227628,2.130305290771739,3.038565293845325,4.755774413470806,5.3989040135955095,5.24741919958141,5.226423880883957,4.534923204488482,4.185075759325167,4.675467222139137,3.916136150593175,4.049766263226873,4.257244324540937,4.1912283559135135,4.487722295310455,4.106780284192566,4.207930198000155,3.9755030198990697,3.559383347289945,3.0678800284447134,2.2160932469250456,2.550064217620916,2.9133291586617784,3.705503781490097,3.765873650565472,3.6548409632679446,3.9177937425654337,3.7938871605797484,4.198961733187954,4.229853502035133,4.9107009606688825,4.2926854097003915,4.545864917944068,4.502814555645042,4.012003189593988,3.5856313103242066,4.204820182594373,5.305214230551502,4.017490028123471,4.161554361749806,4.19818423941978,3.634570981096597,3.224470645188271,4.625573825015865,3.864592689158522,4.279719737772349,3.1657678300574785,3.461560692514442,4.09961798310729,3.301815839342487,4.097606595603745,4.164796397374911,4.220190870219451,4.71731705291514,4.477099554216696,4.460195089579732,4.798093667632685,4.075902559320226,4.1294365735084035,4.058595275553796,4.858207318762885,2.2278649775724126,4.038456466723306,4.069421320134874,3.930379098237832,4.042211328137957,4.3573846487194166,2.7252175751219134,3.8358157033542675,4.016710066662404,5.252284631252208,5.181919752772142,3.800374824184235,4.524090940323142,5.068150750496661,4.062633025478892,4.2080410668410035,3.733103500055153,4.182772464119859,4.418475250758911,4.344023466618054,3.412974606394376,4.214651805996701,4.74721188500631,4.344815427875579,4.226453009224103
political opponents,3.5476606462710287,3.346097843477795,3.838366392888951,4.134098732871765,3.768534080707517,1.8801018281156858,3.6106335721252854,3.6735005752513668,3.7683061432624374,2.7934786344602878,4.3040802250564205,4.184536522522048,3.7453056960341513,3.8190147273815236,0.983236933648572,0.0,0.9199021240373084,2.5761860939404815,3.529125060435757,3.430514035101287,2.1036960965103835,3.887109107304936,2.8207209974185403,3.478607191532499,3.3958423749845346,4.1628390816703,3.697239319194096,3.8546065210915783,3.7734441680726256,3.6357662925343104,3.847814619863706,3.8095777819363503,3.5803976714520163,3.9068649181457933,3.5288204355877038,3.089088541700849,2.673715871636073,3.29474624003787,3.8187859098904586,3.5328760324067545,2.5669369070422214,2.6181138733401212,2.113553643426365,4.0229578149886525,2.238629785850294,2.3385043827186247,2.475046352517242,3.32957995087269,3.244430342959583,3.422342875840431,3.4543610148491455,3.8342782650275504,4.024705794145478,2.550984522880361,3.2174118119251425,3.170369063685197,3.8341687306893673,4.090871213331331,3.6011304105156565,3.809959028276898,3.988864987237197,3.528358321192644,3.782910229931084,3.276944229517727,1.9113717025697001,3.6887916018275058,3.9196140526583836,3.713693316052346,3.8761396469409815,4.115310763010061,4.357950045431982,2.7202762091983166,3.3588407611986137,1.893310806772047,1.99773869338699,2.747581042946118,4.429524768081634,5.051613742822109,4.915612042130782,5.029493722391623,4.49002606914455,3.9668615829064873,4.324484075611244,3.3513697046555593,4.143082333787118,4.23328436182189,4.234802520062113,4.395642703439854,4.187205638458709,4.268643178530473,4.410187927059953,3.924912118198035,2.729812808455065,2.353251415677893,3.052992146066218,3.380940905311404,3.7821041224097383,4.061452052157463,3.981861018297764,4.244785435140919,4.172629468862742,4.263328173425904,4.211577733987207,4.858486271169989,4.306891040386351,4.493220995664616,4.369801821651653,3.9394211346865737,3.557672112418235,4.065367107332226,5.200897186262111,3.811252266427868,4.519146769423292,4.281791028495078,3.94353571177285,3.1710751278563496,4.631685847952921,4.343310418590065,4.2037974680346935,2.723906387552384,3.102651195561248,3.8758643840426767,3.1928474039717742,4.052226223463602,4.285563206891165,4.183072212705881,4.44319241764529,4.159929371690257,3.9967950848551976,4.442388827155734,3.882243466381565,4.045971064374093,3.913887666499583,4.877697510726845,1.8436322315046834,3.731154456169189,3.993575790655152,3.4656158354274575,3.8809661288607007,4.4062816878648965,2.1996588867277063,3.449583030862357,3.6096737952934945,4.9401760246555035,4.832577781627421,3.331494217789007,4.208995171437973,4.787699455618063,3.913431261748329,3.8530708973441983,3.281348874141604,4.28263584564937,4.055627541163051,4.193438650859525,3.2234998746232058,3.997144572481252,4.2653391524060735,4.57784233948476,3.87369852439888
business rivals,3.823714000613627,3.5956977618520862,3.9200353206955993,4.2996945058739815,4.036730408443603,2.41909184444567,3.8803211421049792,3.564411494347522,3.131111296284732,2.2740817149422297,3.7947897256589282,3.7325686119917236,3.236178912584375,3.8828207483352006,1.052833314093481,0.9199021240373084,0.0,2.2801567931154114,3.4992112108660276,3.4951013565051907,1.5552893631916334,4.2152675729528895,3.043279061448474,3.8593407260724333,3.7858438580321847,4.274419516190418,3.7881820647419557,4.104614451385721,3.866693671496118,3.7403153215234077,3.7714963241955126,3.995759246896827,3.8244241774324563,4.261400322711554,3.7130255519262167,2.929353574249502,2.4015490687929457,3.111884173084429,3.3679686008222944,2.8947100062254263,2.196867914789862,2.0798716871625658,1.6891433436903598,3.5074510408763997,2.3994836027872233,2.2849704463442357,2.5597206752144617,3.2714884084507525,2.9541443141578836,3.322373796421022,3.5082476967631187,3.3589213201376062,3.441344988415722,2.6295049929346344,3.0165799742985966,3.095076550318396,3.4458127991095093,3.5347878954377516,3.818855080104694,3.9048664303041667,4.0597174816138235,2.955276228742345,3.23237971223359,3.092515483663776,1.787352880504524,3.6240556126830876,4.0981060010202475,3.9648829469492903,3.841291326005893,4.296951067601031,4.478969248820823,2.8347702968701203,3.495784143065417,1.7154016711622098,1.9532452689224027,2.8593535365984124,4.304194424908493,4.821881265460984,4.695206936468781,4.638953341833386,4.297648956179371,3.9344366254573493,4.24112704313716,3.4320639747793766,4.0815527499956525,4.253811913676532,4.327903577988943,4.512761976704338,4.34500405486247,4.354326209381936,4.227644390949681,3.891598933986483,2.4822934909434884,2.2979936650995323,2.919180247577181,3.446364612042624,3.5953945681604007,4.074778857371874,3.791183889654293,3.837952338940226,3.85600357277621,4.2436140931009945,4.385614638483787,4.545706667655617,4.033910382223503,4.348602581525386,4.330267393195716,4.115704382856171,3.6796250296873683,4.171019870699908,4.799348505178022,3.7864598732555987,4.157598947801308,4.01244949703454,3.6325406671651383,2.9446306007372667,4.395990239285926,4.052074566473886,4.022195208591956,2.9359448586644836,3.115871283449702,3.746352019712283,3.7798374390118887,4.209663266305171,4.295839578808718,4.16422657255513,4.270011607065051,4.09376202560087,4.132930154984073,4.361755177995184,4.014320064478527,3.9042004484110056,4.01865173117736,4.550483581182607,2.060196281241806,3.4583390781236973,3.9147454670295483,3.8572305526860524,4.307793170601795,4.253320153107738,2.2918368284189494,3.637154343274238,3.876943126392214,4.692319071989096,4.612079312862804,3.360481626816002,4.0495093059685665,4.556224712874561,4.0525644172857005,4.112187063312957,3.574991065690409,4.281236621531556,3.9606536426778036,4.049952388971589,3.1194346380882143,3.979161295336677,4.409085737852182,4.646615834740416,4.235877293342363
enemies,3.9314786089959814,3.6756309889585057,4.349622319773405,5.180498165991702,3.962939508420526,3.508572222300175,3.2361941847398303,4.449851488511956,3.1679316633984844,2.543469518336272,3.405812563264085,3.602296314414375,4.208225173780082,4.833416770930588,3.2203106053370987,2.5761860939404815,2.2801567931154114,0.0,3.1504040172638277,3.270277610646884,1.6531653294728739,4.9783386512797305,2.7870858539598213,4.455287856590415,3.791680229448383,3.4354560428250163,3.6287850599004536,3.4572546197361516,3.1802897252873694,2.9831220307345903,4.403982874189325,3.431748545886836,3.272670203333684,4.263942089596087,3.2324470659249407,3.8933679880481282,2.837525642262833,3.8232686900557646,4.042325605179071,3.350513527623493,1.5277897546782093,2.3588650917946334,2.7221408176718507,4.414631371510957,2.804642310812235,2.1356577909342445,2.724050408071977,3.8617064181366554,3.377391355882213,4.068884380127032,4.097963331782092,3.1578005321524962,2.897047739549466,2.2382201603485754,2.855171656093406,3.071291122533328,3.1559265402435552,2.891948176064533,4.051258518033344,4.181856706400263,3.4666434881945465,2.703478361922769,2.8031098759822055,3.173951826203354,1.4496060866989793,2.7280051771146225,4.661799329346627,3.2281445150659254,4.241848708581329,5.153426451755351,5.316501149498884,2.9019751304849355,3.368279180456416,1.1171545187961196,2.5213223336290924,2.671781284683677,3.578332867039937,3.6705640907738113,3.648185681195189,3.803702044682913,4.34184583874315,3.788797445308687,3.566338644481107,2.5965340101615353,4.22086653401825,4.293994308237766,4.611877148684603,4.514651379925156,4.7734778495797885,4.66620033394507,5.047382296689292,4.777325177763268,2.5405574737994825,3.6844956827502764,4.533443444579281,4.92180188316412,3.6170474157687473,4.873119393866653,4.393480529861635,4.216645498840949,4.4245763388374195,4.407829249377135,4.659221062061317,4.024043988821663,3.7045211737963273,4.054384579766961,4.084579327148243,4.211867293920882,3.8291276346239007,3.9948260400140865,3.9852671018155066,3.227308119340785,4.61765367289839,3.7991749438643683,4.101415416959079,3.1172264442904867,3.999887204030515,4.825717322643699,3.7498002199741824,3.358782431273757,3.527848926352186,3.1263015023281935,4.498907399043803,4.379416512081745,4.630305638712649,4.124516694076551,3.6584254110415415,3.5374403722757046,3.5280724631545066,3.536030799677036,3.7483950845753196,3.4461478266649173,3.7786248621865974,4.09109205184893,2.796507673074217,2.2720248757610304,4.10255708512367,3.5031673595261457,4.593254645090055,4.6135219221912225,2.5206792072847524,3.0666974845773813,3.570779724814478,3.66295915935468,3.5026079305500897,3.342596358305672,3.35261628031372,3.6864311459481267,4.285289967349978,3.719500165009449,3.1144576840903975,4.886037926736537,3.1305145475196388,3.866754006191629,3.617462622522625,3.8456321269258136,3.658340791717178,5.630122762460645,4.105939969499204
teacher and student,1.599521697402314,1.515058669299394,2.847698941459457,3.660055185678776,1.6882860010936398,3.5811999719851695,2.2810127052871696,2.4921549350467505,3.0732602251755843,2.295807614513686,2.209539645605023,1.9930338436533739,3.4400056071228082,3.0440768125345645,3.7552069355209725,3.529125060435757,3.4992112108660276,3.150404017263828,0.0,0.8431185533618162,2.4706016335052725,3.1516315903938263,3.001534978046557,2.4274588446367558,2.1991115800868237,1.418287582538099,1.4624545355331584,1.9764659594576892,1.3061138753754447,3.0743408040625573,3.2729623479468986,1.463644789072766,3.321978280771056,2.062164865084149,1.6770645740309609,2.3230814637712616,1.9329557154301384,1.8750396610761402,3.007001486970152,3.511464307952107,1.915471236140038,2.53003199159648,2.631972176553695,3.849563958484132,1.9924891654416552,1.559289692139919,1.4895571361748001,1.6357532049539634,2.143169729180143,3.201276993999986,1.8163421001438187,1.8621605770320548,3.076403015711176,2.3257089666314332,1.1597889630838092,0.8398285257599508,1.9189124581681114,2.639980118937546,1.9249572628909533,2.349660986163841,1.2929328586237476,2.617280857280961,2.8566666210809477,1.4794121800338407,3.0115536588916605,3.7292153606385865,2.8942302272434537,3.354604899696305,2.9273654319894344,3.5464189841944496,3.848745353185402,1.4003479261775953,1.6865290699476372,3.258399943413591,1.9849419777562425,1.5313198348333907,1.9711462137570541,2.263339686372152,2.187311962597262,2.864479404189007,2.8898243033630107,1.9405244000210182,1.935572567313614,3.3443547689071904,1.6131703041331087,1.4472258932609234,1.8116911938058227,1.770326397787871,2.039844847946677,1.894539405161152,2.78472479285216,2.4121614557375013,3.0471252574245162,3.4563583222058356,3.775318249355052,3.4656005646511434,1.4883608179941108,2.350142025860627,2.1677721869342226,2.5721580266277573,2.504540524409232,1.5473399873265556,1.950086562076034,1.7746762945948533,1.538962124817017,1.1568413677936331,1.1497723456537579,1.670501352955194,1.8656769515223366,1.3210520821714231,2.3621534693958823,1.695525634936745,3.021777728841672,2.3233475534249886,2.1265845383150874,1.7806185018647647,1.7844718845512808,3.225091260115613,1.1057470951793562,3.098821348351006,3.473991132794422,0.6769859806944313,3.394351915353111,1.7557303130392732,1.804240062989995,1.0565304820164625,2.0888898867732073,1.6835591042591889,1.677132103198819,1.6097701901184704,1.5048857203237058,2.071564324655254,2.738759875447252,2.21505091524174,2.736367686739534,2.732314892526399,2.3868101285989645,2.197290680485021,2.371070866981658,3.0726604274051046,2.782433356933936,1.6674367183390395,1.308635022742106,2.260520190318325,2.13065584099896,3.2800641436742612,1.9551124716044475,2.110228981421545,2.1668363601647127,3.5711330151571263,1.5897379777211762,3.0808943763742698,1.8401895494018117,2.0724332344105996,3.1845155550624766,2.0103530537558076,1.710373809709485,4.585783333537805,1.8191330154671617
professor and graduate student,1.4847581603364746,1.670577135702309,2.793458434425344,3.5016090714486903,1.6550599558615808,3.1465271568027062,1.7351008924395572,2.2699320184268306,3.119222972491038,2.783431239162276,2.6283842681548726,2.458287993699631,3.331063108050153,2.6518592744626366,3.632265670205467,3.430514035101287,3.4951013565051907,3.270277610646884,0.8431185533618162,0.0,2.5849813276477485,2.946250027219198,2.4985599620011905,2.1503212062834907,1.6640243619323465,1.449577313044867,1.487464986079714,1.5587689194114274,1.2445636413905987,2.4730948804535164,3.2387276534534064,1.5287967652417591,2.7059019554520405,1.848683621040916,1.3287420760267699,2.143883597397203,1.693654964746838,1.842782666381547,2.8718194248081312,3.479770382879976,2.252863729808546,2.996444456917849,2.9712417267026123,3.6864360858380194,1.4804739166264287,1.3378202753745676,1.1957350627098875,1.4779254636519106,1.9609525767664806,3.0071629254688967,1.4579779483565873,2.366596033027309,3.0432923138588,1.8601693629852498,1.0306449157614341,0.9046838897115995,1.931566876094638,2.760025148469648,1.7217280694922994,2.198296293768692,1.294735334607749,2.6318392933675083,2.7726428934345844,1.177658794427951,3.2846264290505545,3.2531045559642764,2.721131510496731,2.7603525647346236,2.8322433649535115,3.37334258890977,3.661776052869869,1.0421061398632592,1.3434685237743262,3.4546263980054537,1.785354553577264,0.9625741371484966,2.447844161034536,2.8317498517278876,2.737202632224123,3.3135311596125465,3.1098553215362137,2.2826279428447376,2.4553883434718724,3.0385528719391424,1.4600427876246176,1.6723078421594497,1.8772781766095799,1.9807050013035243,1.9254905303307752,1.9734983684340164,2.7016041963246287,2.3276533920479885,3.5572032668297204,3.7755298057805353,4.032644657915942,3.6079135899419104,1.252992302686341,2.380523353023613,2.0378550768890613,2.517972668673413,2.4076004168519254,1.6457520007871427,2.0206184666125497,2.269975543549938,1.6168333745979466,1.561291058867505,1.7754872231627887,1.3404426468642565,1.2486728173175652,1.1186926947194649,2.8513695967114296,1.1999536385923069,2.8396387224017974,1.9697144292463604,2.1053554983163343,2.3365114259133497,1.7301847457565138,2.929094655150745,1.5682458783698852,3.5468926023845895,3.987066098455873,1.2052013265243577,2.7417530501436387,1.7077183172733834,1.8546265930922636,1.2817398182275894,2.598828561712256,2.1810869959406864,2.15382403722244,2.1413340686502966,1.130829775272773,1.581530767505073,1.9633057003991747,2.2202004703238667,2.9918916300270264,2.498253499208302,2.631605424401302,1.629516100156719,1.95638924536915,3.2519337025452235,2.9789729251981085,1.0529520824586962,1.4757896525645064,2.802229865311914,2.66278923215769,3.8693526089066905,2.393221203072271,2.6514275688180295,2.300606494221811,2.841436725411057,1.12575600244348,3.1015709999042422,2.003414857491011,2.4350816631719057,3.7831691838676136,2.3056057049673986,2.1841017672858545,4.308395187248002,1.632023040345867
master and servant,3.180365517608496,2.964973627892327,3.2449810290380166,3.952264060741181,3.314086254451079,2.833351482584082,3.116965152148988,2.9938877196788787,1.9111667562670878,1.4872537374723698,2.3834222684947957,2.4398696435566243,2.638368802201157,3.4731185224389276,2.3074471499347595,2.1036960965103835,1.5552893631916334,1.6531653294728739,2.4706016335052725,2.5849813276477485,0.0,3.9158100903763198,2.5558846471593193,3.530041155989653,3.2590616526636094,3.195831773110667,2.8247817402457747,3.242594212563323,2.7916276506690108,3.0296852518575803,3.1229040312372556,3.062893821586969,3.270617803746356,3.6492126763865333,2.7986661698379494,2.399431343778951,1.5356419841771471,2.3923690007273257,2.530197508277414,1.9898889395801644,0.9317508384095198,1.4636236601268717,1.589956866535002,2.9051370585204217,1.9710093229243137,1.4464789491565577,1.807720207871642,2.5646339381559637,1.9618811099306708,2.7419926819041844,2.8867426814255377,2.0555633287725192,2.116235793015075,1.9405952776290223,1.8773552825620552,2.0531740243493206,2.0720961778160367,2.068232469105739,3.1332658948183236,3.119468549093591,2.9564792366787684,1.6081168013383296,1.952856565902584,2.042927291976935,1.7898111579235632,2.9608010527201203,3.546317489235436,3.3902453733831885,3.056786946430128,3.935434061430609,4.072778169589536,2.0491429768405935,2.610640957372459,1.7513683696891493,1.340777409686113,2.1445070399162294,3.0303811362811546,3.412805599699725,3.2931905371163563,3.173299325307055,3.2255871183766778,2.9058381608802915,3.044767385525136,2.70013421042957,3.291104476843668,3.5237189737389056,3.756432989812755,3.8930614517741713,3.8710129169471177,3.8011743054077995,3.5998356984355158,3.460012616352958,2.3963932575140836,2.858744569027037,3.3924868734648177,3.744974589903723,2.6041113165838246,3.662090409160861,3.0580934060570844,2.8357788511191275,3.0354676871759296,3.4904674449389708,3.907948499926978,3.202286000819288,2.8293181051775145,3.231431978329886,3.387935731876048,3.5455837732551085,3.132575967159024,3.4154471579255667,3.3372276803331493,2.860775096077637,3.2084850828660354,2.9599149530877473,2.761901359125587,2.340793419996362,3.2023246095587847,3.3903165684107317,2.8015500078746176,3.048309175985414,3.0663554889709195,2.603275414531431,3.938835280249519,3.6876089631742746,3.6424764632349063,3.2602410713886947,2.995818240554867,2.918726507054842,3.2243149750032236,3.1055238012145963,3.312076686068842,2.8952113907011183,3.377434534463402,3.193168020194341,2.4027074018257872,2.3988517957625377,2.983605676594577,3.290755192334012,4.027540496387874,3.365724995202059,1.9727210390079892,2.8597290790974976,3.1755514539045477,3.2700081903282503,3.200242835588403,3.1819851862149955,2.751317822024043,3.16354203328333,3.316955055311897,3.6709579577299265,2.913350331245352,3.6052097467816924,2.6535232389713106,2.896549305913896,3.0297544696238115,2.9615470589940838,3.4761005409671406,4.36605303392346,3.6243091796270996
close friends,1.777994735113156,2.002299540500224,1.3938573285269635,1.0962298627243443,1.9269438558370564,2.834781163018404,3.2088065114438127,2.428223927392489,4.379137893927837,4.138545998677009,4.302911617559369,3.934505876766498,3.883689671967163,1.831825017281307,3.890666119464142,3.887109107304936,4.2152675729528895,4.9783386512797305,3.1516315903938263,2.946250027219198,3.91581009037632,0.0,3.326495928853967,1.0164676074070746,2.092872220417569,3.2657731443123934,2.0867861558240715,2.974002624785853,2.9336724927170286,4.219133690810471,2.0089640786073066,2.700560804161089,3.8548270443288444,1.8129095038428156,2.615423560881883,2.53266895231366,3.26574664400238,2.6589223478632165,3.6476687661488527,4.247704820433621,3.9883935538281303,4.3195529584953025,3.842992901936733,4.097616166932377,2.819019242079816,3.3680376188468593,2.4929421814232544,2.384421213709577,2.9414246358322713,2.213736455619996,2.123499594876536,4.0209387920798,4.841076846994356,3.4958024695366987,3.3293568134645883,2.6705868811719884,3.741169484389595,4.626692756511737,1.354073038759617,1.4143828323439611,2.8123163446069617,4.317509656210505,4.647615754033647,3.0781129726610765,4.552572334788402,4.926976956593954,0.8304545950751774,4.106557741708577,1.8784226483198563,0.9393494625380605,1.4302862345766763,2.3835587920604757,2.1391630547885776,4.7542148101327015,2.7467832072804934,3.2060068482790745,3.376436763023459,4.474356585491793,4.211110613115493,4.41401662386612,2.736247762761393,2.3768835260705847,3.2795923945366035,3.885921045654263,3.568817540452284,3.5900169366834604,3.372850403571943,3.7499071587191293,3.1283267599770093,3.4420885122896716,3.1280797671475162,2.8626992905911584,4.838045407181488,4.156651367101711,4.175101657715782,3.5999491535034327,3.5230322691896245,3.0121512630873912,3.2024291959555304,3.8057123594246125,3.6132841615242515,3.454152794399686,3.396404949853412,4.156172722868957,4.001753584156624,3.649383426071053,3.5668529216631186,3.3483251128792433,3.4587294632193952,3.5243927189700166,4.752907244735942,4.039831701967955,3.6664785250791017,4.288929311123538,3.55546019604569,4.038910862084567,4.1506899179962025,3.654911271314297,3.2041695910723416,3.849984497579805,3.9230207362833442,3.8041191170098414,3.0126373358998815,3.4904134166733285,3.3310573553673715,3.1991438815108566,3.382541963936765,3.032056500307116,3.0844998664819387,3.495995717417747,3.723307966482878,4.200816939701381,4.021701140367567,4.164342467301989,3.874333419020644,4.997703594548187,2.1378719978990968,2.892429409063239,2.9331449169881503,2.384064698839083,3.0189659217445386,3.4772808611205335,2.7462282010030408,4.248208655126695,4.2428689133311375,4.3287743939674845,3.327886720209046,3.9417939791598884,1.484145646322128,4.212716604528838,3.149013631027633,1.5773318167729735,3.2587739032767646,2.7004244362161907,4.209977394365611,2.298673889091601,3.4100956652245817,2.3340339925580467,2.3241678048765255
casual acquaintances,2.783406730003377,2.931195194377959,2.966197001129952,3.5677385456475625,2.8432566220944877,1.8678693381271854,1.4908723721526886,3.414733366292639,3.375400846040855,3.7716896069410026,3.9218818378962426,3.9600611360746765,3.793420471834912,3.196265492219832,3.2807028532235107,2.8207209974185403,3.043279061448474,2.7870858539598213,3.0015349780465566,2.4985599620011905,2.5558846471593193,3.326495928853967,0.0,2.9328339204067455,1.920751676948296,2.746159895718127,2.595568142431085,1.9783584858502428,2.3303041574334613,1.3443931449508042,3.199446720534958,2.608559414796706,0.9390405775393247,2.8477705709974144,1.8294664248410715,3.0739189416878445,2.403304664281033,3.2489006900953314,3.4862210952993418,3.3116853354859304,2.7846299562823122,3.808286277324086,3.6778944208268256,3.84021667867234,1.6405944033294861,1.9519949384126711,1.7835620822201765,3.0482959586484775,2.6117969623026602,2.67834664967509,2.9336247654651753,3.7828875969781355,3.2188787263723944,0.9840496704052862,2.5526367693025196,2.5492754341862023,2.946395033820878,3.3440782382908374,2.6120696743802574,2.6872422800136144,2.5847513024212123,3.002713775452121,3.0299986615689583,2.4850510822842593,3.2859774518984706,1.7624748198990368,3.04025527949125,1.2059722126566785,2.857410812050459,3.5146006553142413,3.6218344164473293,1.8027372886190987,1.8695991817781885,3.1458806591341015,1.8681825587748344,1.8349676056953597,3.4635095104267934,4.10043354181468,3.9408097062173364,4.109016102968887,3.6455613347447047,3.2275004433473304,3.4989623409033888,1.0961028450568613,3.7501964482352195,4.109990766386114,4.205610836464662,4.344378848098224,4.102667264241147,4.294399476585794,4.292233426406909,4.0925466610407915,4.332782888539343,4.532582298363696,5.034079239181949,4.900284373472992,3.1514889655131793,4.348125204909172,3.7683425888040585,3.814252762020236,3.9268065382585,4.056496518353447,4.265079650078804,4.1917149607501925,3.586029486558515,3.9080822186345556,4.121937667186275,3.523369336602933,2.974013961510933,3.487250280021687,4.433010725122636,2.728462058383121,3.804326077681121,3.292476927903913,3.768722076339241,4.020089471496703,3.698753579694891,3.9021060540837507,3.5140792322143244,4.196264869645935,4.4225991286757305,3.322091957987931,2.750336103155909,3.9683047386555783,4.1838164300867335,3.730248571920895,3.61906632552401,3.3377075952152326,3.376922441421616,3.4833122065321915,3.2361558492334885,2.8428745893586482,2.331579472980068,3.7044711601943696,3.6346477987855246,2.6258436039150443,3.385961743666412,1.84704774836565,3.472897286696998,3.7969890248418747,2.632729625487527,2.0783694455817177,3.0261275221724606,3.969822191468767,3.829148718253387,4.544258092144504,3.2531813500295623,3.854653887758382,3.2660746633729962,1.6290257371989365,2.148190742556391,3.6714500553024387,2.6021531859817344,3.4107323110143746,4.745415241920471,3.183655768217809,3.565411476015074,3.79670725108946,2.943707309377722
teammates in sports,1.011495034490899,1.3468066081713304,1.852008428706934,1.9906233866075032,1.2964972635517595,2.5936170472069793,2.5588892967523993,2.2517610611930325,4.206558730475938,3.713952776304467,3.9906810140794717,3.632798423025236,3.828148299572328,1.9236907671322656,3.575794646472443,3.478607191532499,3.8593407260724333,4.455287856590415,2.427458844636756,2.1503212062834907,3.530041155989653,1.0164676074070746,2.9328339204067455,0.0,1.3840550220025096,2.6192606633916933,1.6837583454777096,2.3216611693675064,2.3353329162428484,3.645957791455842,2.52684803830652,2.0947203248974025,3.375701949161914,1.1219969740406504,2.0299396241476777,2.291149187067158,2.7868589038525053,2.3039926045425365,3.5379604196838,4.202329272804543,3.4802536268050708,3.886604059694093,3.4516299052626978,4.130592731826437,2.1687140178108173,2.692121582532913,1.8942376558900347,1.9073608065240413,2.7013686149361815,2.5399694956459755,1.594522326872562,3.6480164449504646,4.523245733025126,2.915312623103408,2.7275546359280765,2.0960141089052224,3.3782593720155707,4.292946060202809,0.9298908711279491,1.5296940325365112,2.265514514841698,3.9946911989328746,4.281355914439062,2.5579835056555984,4.018491897997279,4.453095071931853,1.3946847183292495,3.5687006918983637,2.266418676765496,1.8304815453405796,2.2919665209134736,1.7554887695021073,1.6735919147563076,4.243374589917555,2.297835495108945,2.4265087862976116,3.1420564712757604,4.096371426995667,3.8814955144233627,4.300485597949906,3.009248752350619,2.2875147678234105,3.026676945716764,3.610849310293411,2.83466550050844,2.7921438371874907,2.574994152196386,2.8927305255374067,2.324862881252915,2.6539254841756397,2.9184437373550387,2.4193289761189316,4.297633638030723,3.760221146707942,3.875307068589916,3.2243719554925803,2.898925100156324,2.4792764362545117,2.7780412649343322,3.5374765164328963,3.280202343864541,2.7195197995215565,2.5456678505310566,3.7242816276004604,3.418584772379701,3.035485516949482,2.885756513312539,2.421671974803749,2.591006304259239,2.624931802208496,4.3776647985202555,3.2325625494772376,3.554787748832912,3.715673101990919,3.1405147727731855,3.3942173437049235,3.5543270853857925,3.4770714497963593,2.758276741150716,3.4188972978380803,3.750834478248944,3.0816948710230334,2.3021456739414887,2.589049753016469,2.623258906839989,2.486768188631085,3.214784328350063,2.7461104904054787,2.5665536763311767,3.0933933329408156,2.7896109144993404,3.5089318723595513,3.3063356389849488,3.77884802102949,3.259298599266122,4.359353395359294,2.307365053677187,2.105582737154655,1.9505135101607323,2.7993900275724,2.8410478547764297,2.634893067068346,1.9311145974513657,3.9448254039512247,3.883875940679984,3.9696750789131854,3.1135215305996184,3.671078792082661,1.4658578202483168,3.638546123431747,2.2653319847020894,2.145670173775475,2.946223725810127,2.6675226990715704,3.8728150997121973,2.24172748559599,2.814159666425107,3.1153412314096367,1.4767462914176002
second cousins,1.1960271063038719,1.5986665116796355,2.308489702371704,2.8309542547719073,1.287287002338664,2.390714836244959,1.2228669717995277,2.803316406819117,4.024355842372445,3.818223718852556,3.9058142143348116,3.720449642783867,4.063524327689723,2.528879727285428,3.739680929363226,3.3958423749845346,3.7858438580321847,3.791680229448383,2.1991115800868237,1.6640243619323465,3.2590616526636094,2.092872220417569,1.920751676948296,1.3840550220025096,0.0,1.8628791588257891,1.5523694866635465,1.1234629095957118,1.5788640466369128,2.4394640479685097,2.973572752556995,1.518232292332194,2.1349164741090307,1.0552297926205116,1.0452457626578457,2.718651399834436,2.599115650906422,2.712477404160734,3.669679785472667,4.109550291830179,3.138981795776755,3.952763946295709,3.709186090168344,4.288493552955293,1.6948391489202574,2.1545125345770226,1.5190137374496626,2.283173941142015,2.6767584260035564,2.781219842911902,1.978166629211218,3.659555677373898,4.044184434414624,1.9854366335241127,2.385756326963257,1.9615831953682936,3.080107164339609,3.8873426088401546,1.2385311245413246,1.813572673127857,1.6786207070024428,3.653283095831893,3.806401875472939,2.3030941914790852,3.734606110941654,3.3576031085962463,2.074286894548042,2.2700994511487673,2.5361688291429214,2.69624867145839,3.009645659074459,1.3074402603330977,1.0805997982575888,3.849086499774561,2.0998028819190617,1.6873368327824767,2.9429472973838133,3.7308431480884843,3.5575512211640383,4.091761314693491,3.2686924751744653,2.462267143456398,2.886956923610507,2.595926068889546,2.863512190699569,2.957259099668468,2.9223840645397563,3.0559179212299026,2.746495234562171,3.0245977616480375,3.5389387215940356,3.1235863956024748,4.3362593992037874,4.2750806775388766,4.6237476610952,4.1200469975337155,2.7155209714073085,3.2217568976155593,3.1231742660292743,3.657076559321401,3.539056739791255,2.9454980164129196,2.895309900541942,3.645351518942749,3.1822357421408243,3.01393835594655,3.012058713124045,2.327108123163412,2.245043780186307,2.3791062545860324,4.163320955312747,2.481087389460304,3.6917011433013873,3.279755508332633,3.353874434779969,3.557849013537504,3.243433461997376,3.7165475912123713,2.7671474672811103,3.7322953922362934,4.1359735888405655,2.735710711247088,2.0480179305717465,2.7209344068196515,3.0019159994168523,2.599678874715555,3.134163974370106,2.6424572989616273,2.3815169316690676,2.8066026246436406,2.325287621923641,2.827373232298874,2.398679905637879,3.477903895026993,3.3982068093050777,3.460983494443227,2.725319608773475,0.8116799653763564,1.948406482348015,3.3047809866462035,2.8026102940463082,1.6109297395980537,1.6882794629423683,3.636213720229024,3.5015473016074976,4.188799802733897,2.890842682189219,3.4443218691329527,2.067847691438915,2.4508602157636803,1.2938706978856542,2.893140883044608,2.389926956249908,2.817554606065213,4.323873594403006,2.4091762138171533,2.522737598915633,3.6345760889315444,1.1981058411997427
grandparent and grandchild,1.6717334883371324,1.7388539238976208,2.880163549935886,3.8270095835744162,1.4667935617868426,3.8230115912827616,1.5770874672274988,3.3662766356371883,3.7644301473810597,3.421846212335537,3.019173913572102,2.9529331133753844,4.366160457471279,3.5592442267857525,4.596449837495258,4.1628390816703,4.274419516190418,3.4354560428250167,1.418287582538099,1.449577313044867,3.195831773110667,3.2657731443123934,2.746159895718127,2.6192606633916933,1.8628791588257891,0.0,1.3628775325177307,1.046091383480061,0.5315005300470491,2.742125956844542,3.498543513275982,0.703076686033545,2.831802084808603,1.727844905239414,1.0541196877409826,3.271750802170792,2.8292136156745498,2.953303787415539,3.8549997981121797,4.168938154761774,2.6270609909278724,3.5966632845590967,3.740398888327374,4.636886771003784,2.5114398040470425,2.23096115264608,1.988997274793573,2.619449490292305,2.873987168633262,3.504853494729247,2.587353506748304,2.889647667233424,3.577995172258344,2.401323115578139,2.0759624366146925,1.7323026759346025,2.5650588987749794,3.1866186641652234,1.9493109748282849,2.356193739936893,0.6080274281226539,3.294489455104748,3.430981348529999,2.2851173969368106,3.592826161447033,3.5402286432979855,2.9509583358718867,2.797641625095945,3.012015922271654,3.710506794765352,3.9692305887804644,1.779253396671446,1.5071358399976653,3.7492632468126783,2.6354388427562916,1.9633596032728224,1.7372969410868198,2.0810704264120456,1.9984919125792893,2.9133189296854813,3.00260013454161,1.9941213820002675,1.730353665662372,2.8445104153864276,2.6629214412418434,2.51928673987919,2.8210046229197756,2.647087481305631,2.9453600601505463,2.9261123449080633,3.801412565817721,3.521094954698949,3.960108089330526,4.551091501230226,5.0124697931358995,4.666985445697094,2.4746104612281026,3.4893582213278127,3.255191833048154,3.5235320710028586,3.565122325112209,2.643935380330765,2.853902240930548,2.455031084140651,2.4325874268433108,2.081735684031475,2.092799705739999,2.409384033603279,2.5775609208322714,2.034022595723902,2.8037082067183263,2.09468012899049,3.762863126627996,2.9861092183584095,3.26752160754103,3.090477510330778,2.479416282488296,4.089595306065737,1.8732693791697614,3.728547095621681,4.027148931816543,1.6518438842383407,3.6194933819847726,2.660638648824684,2.886225241071967,2.071141358323194,2.0415148646718837,1.5780979179665267,1.3726716787127045,1.328755026055945,2.0847428697883466,2.514394822329396,2.835043367403732,2.6611361746350384,3.6060901160239145,2.9537343032083907,2.6156184657781045,1.689451208002417,2.7013877635728365,3.3248745908987534,3.0310114370915677,1.5673052409412414,1.3009982502201718,2.1187804495997877,1.918982667530134,3.8081144240863747,1.8121894198497246,2.0375610362265877,2.260905805642892,3.238770985632623,1.4199064963583694,3.3391043042241346,1.3540606278346439,2.2200226758723245,4.069477314969922,2.0029816102443094,1.2718843135390319,4.713883007880112,1.5321410878645567
foster parent and foster child,0.9519046830149704,1.0471389547485206,1.576393839479178,2.515530373258147,0.8522891467189094,3.1766967777387674,1.9899578538470413,2.3781686183488886,3.263629548785452,3.0253440408070573,2.7392224240795513,2.5089387808633665,3.522234659386293,2.4635056389797643,3.9466023221028657,3.697239319194096,3.7881820647419553,3.6287850599004536,1.4624545355331584,1.4874649860797142,2.8247817402457747,2.0867861558240715,2.595568142431085,1.6837583454777096,1.5523694866635465,1.3628775325177307,0.0,1.5595338646064478,1.0034139603835905,3.091082947857598,2.219794902112683,0.947732784249282,3.0142827731432815,1.2496218130450587,1.0702254109551066,2.313832917511552,2.3269838835020105,2.083347589579401,3.0689788987686133,3.4849311577492332,2.52906491342514,3.245646231460388,3.171361018728637,3.7878299783950817,2.1236061227595764,2.1285953012007495,1.4324481609575703,1.7793952562510573,2.090074439942092,2.337987358303407,1.751516673522314,2.5410372937212236,3.438395712663473,2.4026090828057893,1.8721968525341313,1.1663937897821082,2.2522389284466167,3.0658204451589874,0.812926188362718,1.0719343455604038,0.8159853314404784,2.9963627691738832,3.2857108603936553,1.8524104150995835,3.5386823905945626,3.8010658493287104,1.6669180577406044,3.148091908343182,1.7738170691236466,2.407576703590167,2.6740461330438463,1.2236298558533751,0.7836299406929931,3.727991265613721,1.9943016466427799,2.0128129712739558,1.5348135699613636,2.4818734469142183,2.249585142698844,2.714470316333771,1.9439078648094423,0.9897846655003671,1.4999185694738713,2.8475583076353654,2.5483600954783334,2.518982673904044,2.653581124076696,2.7781333834531012,2.674667766355208,2.7505123857738263,2.9565891004799583,2.7638049646682536,3.838006607879263,3.966066534124075,4.263293513648944,3.9040592299165824,2.286135000485211,2.838999878774335,2.610538565059825,2.9259494345304127,2.9372884783195707,2.4834698183298434,2.7552514490454376,2.439936473649232,2.4591531039336205,2.0995138251193266,2.141608233930782,2.4910021898761125,2.6088431997296757,2.3186722022720363,2.9249009901286365,2.580946125486778,3.0378652396408237,3.0111932443823686,2.7078177120260354,2.9072049901229127,2.6212128901780942,3.352188965097038,1.5265217432549418,3.3613685539424902,3.461310147755416,2.024353278832254,3.3325874699353464,2.6861265302375728,2.5972712964304328,1.9407519049646396,1.6612378317567262,1.21219437326887,1.4913951785175619,1.5201739238393046,2.504463785850436,2.80599927017399,3.0810018596629094,2.5997282822912866,3.3208664065127103,3.4217382016181848,1.3977368660117202,1.9660058743933013,2.6642984201191,2.1001729044023065,2.395932220402495,2.112543631562667,1.4425370461298204,2.3062658951727535,2.245895013084429,3.540368115710589,1.5028770110872234,2.0474292650490256,1.0230929763041559,3.485536937953929,1.8853394579784661,2.000508226179549,1.312655514747455,1.3048164868137717,3.5978987632580886,0.9559526162642749,1.761934929262753,3.483191293784857,1.4772913690957759
godparent and godchild,1.6576505024043502,1.9149239107726166,2.7643795544133676,3.574568247693095,1.5365976899957756,3.1450990504324685,0.6391995671941867,3.333461974523035,3.910779629479145,3.8201461226844575,3.5948179922642147,3.536081781410093,4.362115053721834,3.2688195675008997,4.317817039434519,3.8546065210915783,4.104614451385721,3.457254619736152,1.9764659594576892,1.5587689194114274,3.242594212563323,2.974002624785853,1.9783584858502428,2.3216611693675064,1.1234629095957118,1.046091383480061,1.5595338646064478,0.0,0.9109261119408298,2.0649609978381327,3.398888346137237,1.0830756958064196,1.9508623359091986,1.5339258879886726,0.5940454670946745,3.221951182898393,2.766389652719589,3.079220812319151,3.8790841987676004,4.16508575641368,2.912291394930179,3.9570837421598255,3.9512638886440725,4.565089535607112,2.0962946662753636,2.1339793345219413,1.7827830941006613,2.6922751242384644,2.8567647813277657,3.2500511997271415,2.5141309759313684,3.456137507177134,3.709312807324825,1.8938452865503714,2.2592571922083513,1.9757762196316615,2.8304997092627096,3.4938629387245097,1.7983296862103284,2.228825294055424,1.1271098297739124,3.4441747037722763,3.5235527885173763,2.3301336732431572,3.695283822310351,2.997319340644194,2.731369652943325,1.9465087794170668,2.886525046701937,3.4551701546133016,3.6983022641717556,1.5559409413756855,1.2012590498165423,3.772036644765289,2.425857204518649,1.6847118213098606,2.463265039915169,3.0028526461391323,2.8817194826325427,3.566824478297836,3.285920237562358,2.4198943031758304,2.462406733702735,2.2770369154103447,2.9376212501640135,2.9976832858614073,3.1582117109320422,3.1101873931829904,3.129440859314825,3.267796285048001,3.9565953609905065,3.6471583243136436,4.33112068585152,4.713253932453181,5.176238729146842,4.782420810454707,2.677235212560768,3.708185420842742,3.418424003546584,3.7337755053178694,3.7463883830982527,3.051854559757782,3.1626694008172134,3.236194859718199,2.8941892819064194,2.7668194453939505,2.8471008910004776,2.509452395743198,2.4397676090712217,2.313251691064335,3.604197638943722,2.1122921596957864,3.841089523236174,3.0740593083448577,3.5094859670376155,3.580474169408286,2.9055613382148207,4.050246914781517,2.536054350415173,3.9785832674039394,4.334131350632136,2.3185977521554446,2.9118266300620474,2.9166013072091963,3.231064359952551,2.580684112410797,2.7391111848552834,2.283839226382848,2.050646231894253,2.230300892913892,2.208946805348249,2.5043948351087746,2.3214200314833144,3.084793663132153,3.7007814981647305,2.920226017032155,2.8879713850059026,0.8354107121141634,2.486386596889589,3.526031055730505,2.9974202942893227,1.2281583884475713,1.635965131643487,2.9756478925703886,2.7925402553825514,4.228367755222773,2.4437438463431134,2.8682763202342025,2.425861404832485,2.3759273221270574,1.0758456362180897,3.36825503775953,1.7833149342180656,2.6999308017725077,4.503371774836822,2.3833097905716927,2.061606254036406,4.318284294778656,1.4575315763517858
step grandparent and step grandchild,1.4562119013039,1.5330714476546512,2.4651829266865692,3.4239761960536526,1.3037554436454672,3.375480240079167,1.3673887359127257,2.996098464619966,3.3697461699935753,3.145825295317834,2.8021277346905733,2.7289403516953015,3.93736051266694,3.1556486628950355,4.177363242997445,3.773444168072625,3.866693671496118,3.1802897252873694,1.3061138753754447,1.2445636413905987,2.7916276506690108,2.933672492717028,2.3303041574334613,2.3353329162428484,1.5788640466369128,0.5315005300470491,1.0034139603835905,0.9109261119408298,0.0,2.4874553874880068,3.0394676720226,0.6112608164801786,2.537727217060251,1.5972043055602838,0.6408741649543708,2.8581021245088123,2.4178654767445487,2.5963844645245944,3.442351363425867,3.713216935584336,2.330105927873883,3.321591475167952,3.4120923037894215,4.188945995179862,2.0997725952562107,1.8742394575604362,1.5294883360112752,2.2820070284193417,2.4282854923043167,2.9992238748011943,2.25917172306506,2.6576959420331745,3.2509520595198866,2.0105796978611474,1.7596592070522028,1.3666214253063043,2.2399381736160424,2.899689684908941,1.60819974399993,1.9495050481123495,0.3670302089903644,2.9294337313180394,3.0962534577832352,1.9171276377196498,3.345705086065014,3.2454004298556396,2.567398208358573,2.5622186077278224,2.558926721395075,3.31666665870294,3.557245932331212,1.3194564293609756,1.024188215578933,3.479903271946074,2.1637211433190733,1.6576905834193085,1.6323027301357187,2.1854756326947586,2.045844693647422,2.7613220176508015,2.6607360982667783,1.7141512744216345,1.6418476653701486,2.472298493685362,2.579104981919523,2.555872097343317,2.8182044521036036,2.758467997654038,2.901998338948025,2.9223887015321424,3.5297156263328833,3.285533166077012,3.79203946197493,4.280980244290311,4.727101129733066,4.421023261871894,2.2600409680028033,3.3224269164158096,2.9926953297877827,3.21623757272677,3.280840681514404,2.616189100636816,2.8849657989127713,2.4333806049493125,2.3208795855092728,2.0992159531563823,2.1858021460443227,2.400609350279446,2.4373421844183794,2.0902279170442926,2.79202818917828,2.0200565660576006,3.4180936031868128,2.792651822083742,2.99868765431617,2.9549535404718137,2.419279211547734,3.7421693446214612,1.7378459152470365,3.558103576233593,3.79931439663578,1.6568346497788433,3.3748668050017567,2.6847751098858854,2.833227234436191,2.0542789100197703,1.896558877011963,1.4458994227087743,1.4379311539128081,1.3744348161322955,2.1218498891046504,2.3672822730620267,2.65030667931997,2.5181463365676326,3.3824464911327348,2.772926045771541,2.2686579061399073,1.5328000668973678,2.676517529099289,2.960233371962817,2.64095717867904,1.4573039376506562,1.3306481658188205,2.1365661114311982,1.9670480642134154,3.6804772478726226,1.616969955483864,2.0065726720937627,1.9837030192422087,3.0010251149814815,1.322479531452978,2.9688085305009055,1.0735298790581567,1.9402990701749663,3.8920756873307654,1.7123405164401444,1.5027412195620162,4.2573993583348795,1.5232788863357176
ancestor and descendant,3.298683601630865,3.518592753325858,3.8736293987226103,4.543167078781039,3.3500384285093454,2.953057670839622,1.490758299530394,3.8231762846466415,3.5457319864011136,4.147080372541253,3.9566846536188494,4.094432379530202,4.136349651806677,3.7844987977160973,4.049239489031432,3.6357662925343104,3.7403153215234077,2.9831220307345903,3.0743408040625573,2.4730948804535164,3.0296852518575803,4.219133690810471,1.3443931449508042,3.645957791455842,2.4394640479685097,2.742125956844542,3.0910829478575983,2.0649609978381327,2.4874553874880068,0.0,4.130650874594838,2.9326697572287888,0.813472808297254,3.348055659008397,2.156025457489425,3.55893224881979,2.631627290321939,3.6183130024952788,3.740427255403275,3.7092448225896995,3.08535884258181,4.212813323829922,4.250819884917555,4.191234627418463,2.089218831554829,2.143386672512253,2.345165403418729,3.391497361471612,2.966408470729959,3.5837562600665493,3.2766524230303133,3.919861730185037,3.0381685388018242,1.2293398123636718,2.543012518578557,2.837424206578747,2.915222269668539,3.214555312187066,3.2525448615267867,3.419841288903608,2.75493980429394,3.0187873738077977,2.832717678750158,2.556387060231479,3.7857324168998843,1.0896833046320487,3.901201370737261,0.7536180412152704,3.7050540985394638,4.462438454195183,4.571319763954295,2.316273157110048,2.404717979000051,3.6261777563349753,2.5554407447112957,1.8391455262617964,3.8027899462727106,4.089778562657694,4.0133628325149715,4.297682561583429,4.303347651638665,3.8400254954362483,3.8972234935295034,1.7659932194124008,3.5692218564333498,4.047885078523918,4.2220862152093055,4.284724253336824,4.162301250777904,4.310258539401892,4.520163572450102,4.358353160580036,4.745009339373426,5.190443585438839,5.647365508533527,5.44746968292695,2.969298595025013,4.591680587221597,3.865259447626443,3.837812201050769,3.972538897833096,3.998825866193458,4.314602480487161,4.079750762019212,3.292649306641865,3.791819626521535,4.151345379804213,3.3873062274297103,2.726750724697102,3.264090197402134,4.259678512579825,2.1108504687016785,3.8934040360486124,2.7697787023247327,3.809862250027295,4.2167103152687755,3.2798060962625484,3.995290846347011,3.6162277885878704,4.929440666274044,5.2837269599726655,3.157156763617078,3.090434753022809,3.912238729883126,4.194937581789377,3.7154364934529953,4.007007006413292,3.7405564689499458,3.7717352179230588,3.6716995516445126,2.901013076893175,2.1617198173205936,1.5636357789590825,3.4021252960440376,4.20500868179396,1.8647681950621944,4.1096323721004815,2.0129802113559143,3.575597131820069,4.553597836297963,3.6488873559628745,1.742623563585592,3.3271655011919945,4.048110122444402,3.8694379960550984,5.225729443883557,3.6330205732284937,4.011805571284264,3.9832788125643552,0.9423760184439872,2.146192805131412,4.478705979195639,2.8625252736717695,3.9436138416744675,5.4019548699656434,3.812081544265536,3.8099988569604704,4.767929222582241,3.27548072228068
man and his mistress,2.6942417555153,2.718698642011593,0.8919671269445526,1.290482683992148,2.7528478973571686,3.1117145393750527,3.553280671185696,2.3185861198841313,3.029114861745193,3.5211541998000673,3.3055048849901865,3.071434465720303,2.8240730097158266,2.0429181580933666,3.7670751644107354,3.847814619863706,3.7714963241955126,4.403982874189325,3.2729623479468986,3.2387276534534064,3.1229040312372556,2.0089640786073066,3.199446720534958,2.52684803830652,2.973572752556995,3.498543513275982,2.219794902112683,3.398888346137237,3.0394676720226,4.130650874594838,0.0,3.0724097182360337,3.903413168396305,2.953772499379497,2.8523335592388324,2.237245414179782,2.815854040464389,2.425494694893471,2.622434804215324,2.77519595444882,3.3961129929078706,3.722270017732146,3.4292350740953492,2.86218446824218,2.967947519068932,3.241108133851826,2.5004673813017346,2.46990628655957,2.1401526712902648,0.8552395442545379,2.5181080522023755,3.2044584659174644,3.6806711561715235,3.338972868809739,3.0305826315932336,2.5421711684231503,2.8828293466392396,3.502778140902645,2.084346843935162,1.3689012377892904,2.91756767471314,3.222119622169005,3.615697042248267,2.7464986613371547,4.282209619686349,4.470568890007814,1.3339723071880676,4.197969529672242,0.5857355606080435,1.3642792226996094,1.2289295099718567,2.492170325574742,2.258760891336456,4.3826011167214745,2.450539263551613,3.393125029392572,2.8285451267329327,3.905291667933874,3.5999655888689586,3.222249814451497,1.3931898540114236,1.9768898453642592,2.862244105950056,3.3798038410517215,3.8922711478132377,4.1330988161142574,4.12849919579614,4.513368983944689,4.045372915945988,4.192169823480607,3.0641587577434537,3.2841942064734404,4.62341950950284,4.2272892355529565,4.265392142474409,4.135149136506078,3.408063294853891,3.6094175701087177,3.1375299588601493,3.079103183399395,3.2150823524583685,3.9212989035051726,4.3153072944525235,3.658108975664614,3.6998731438680976,3.6725074188253743,3.872202411970631,4.147018538971147,4.004433705161771,4.137475871603435,3.984695968928048,4.17070788326058,2.8303554897422885,3.9619481844113604,3.205731855907446,3.994407757549896,3.930775682520272,3.169388176807717,2.915618865928526,4.112085695763659,3.7409346889963535,3.7727252506928823,4.174823806511273,4.313920033558883,3.9045216957190085,3.5708581537153754,2.691205047584573,2.6921151427215166,3.363585356229948,3.229346201552613,4.3087369409327625,4.0913619142803705,4.276267159642305,3.5195447045724984,4.137990605444577,4.525852769501732,1.358222420737587,3.625953522124374,4.239361794995606,1.044481828190632,2.6147371792740124,3.864193207768778,3.4772777183732377,3.5572845658418313,3.6386339241792878,4.2900323906943845,2.6321322216274425,3.2571012877901935,1.894219160047395,4.438142335688508,3.7369389826309383,0.9862715625085539,2.696331431721635,1.9407052311574169,4.117443605312758,1.9030805528924237,3.768868925142986,1.7004800318585052,3.4089955270771366
step siblings,1.1566292195284866,1.147454877801225,2.3839507548870382,3.30560428815846,0.8911856409502839,3.4232325234808,1.6288024686412008,3.1592210607116105,3.801574402524413,3.2793929045695425,3.156143781855386,3.0059868947427426,4.2600859385848695,3.2593035855431824,4.248728282331283,3.8095777819363503,3.995759246896827,3.431748545886836,1.463644789072766,1.5287967652417591,3.062893821586969,2.700560804161089,2.608559414796706,2.0947203248974025,1.518232292332194,0.703076686033545,0.947732784249282,1.0830756958064196,0.6112608164801786,2.9326697572287888,3.0724097182360337,0.0,2.8697275580591346,1.2249317474437145,0.8874218440761259,3.040322525597497,2.7703510747079303,2.772120019824334,3.8008994173844255,4.095099878360267,2.566872464073705,3.4378218657290462,3.4619955981376274,4.541514436790947,2.3320981179086386,2.184335313816189,1.7275820103519977,2.4300022638521255,2.7769539492688167,3.1488088923723803,2.3801743629153456,2.936562858688596,3.776551402011626,2.3814749318683273,2.168620606136792,1.609444439149415,2.7172782455477344,3.3975907713300075,1.458082013530742,1.9309368586183822,0.653176789571322,3.4006011627567205,3.6195065104232156,2.317853692741394,3.380500805132291,3.7192602757743494,2.448556419735691,2.894122946826102,2.624947855269664,3.192365434807973,3.489935723475452,1.5177104234831238,1.2055143602594054,3.570598220428238,2.3693699684990044,1.9754012791208824,1.6643383310319269,2.3577697699751163,2.2065322980363073,3.0180535691020474,2.7186252085568166,1.5925015563042106,1.5629134226800545,2.7685956546684105,2.7929390869993265,2.5769424854569474,2.784983228658219,2.6790023457824845,2.858339840051946,2.8891507626469797,3.687763465765203,3.3434153850333117,3.7595497285027784,4.173085789285899,4.652861545514468,4.30669161508949,2.6344604727443817,3.3085928821108905,3.222134545010551,3.583700755521465,3.5820757939558976,2.697537555015466,2.7754160079480386,2.714193575892409,2.7275146783557886,2.293070611200455,2.149887593798196,2.4616885500233314,2.6707823125035226,2.2054280001193964,3.126707357719619,2.4539914802905334,3.7886602214710723,3.2932675517309495,3.291297652370913,2.999442956134287,2.8467252363276163,4.070993360091827,1.946487112271286,3.2682199389705326,3.5367855086337485,1.9272316859623637,3.3705476298765005,2.6610491157775775,2.8723085824616454,2.13663888794195,1.9291871006502848,1.373357311758421,1.0051448480700067,1.3984469722238193,2.29855491327667,2.875443588517091,3.0691105322954155,2.9937154794982637,3.265307419919056,3.30335071542749,2.203104434182112,1.5751103057581848,2.537606854925929,2.956345229508254,2.536795707302641,1.7759476942256816,0.9409392905995614,2.3192058914036364,2.1604971314321233,3.4109098909153452,1.7191753939996663,2.1610393621431765,1.7098666646366982,3.353030728993904,1.4233692930315605,2.896038567573411,1.4030349303901926,1.959081706330028,3.687159991368387,1.5911948152219098,1.1124429242892382,4.286314165024644,1.1479532697119654
distant relatives,3.159787053183572,3.405474652282492,3.5905529571797343,4.186468172044392,3.1880078525769613,2.5766252649713115,1.3434770864209309,3.903764162078984,3.9019019766284844,4.4332041283395265,4.354240948939402,4.4346130038396305,4.365880701306396,3.6630805929654495,4.0425233070201765,3.5803976714520163,3.8244241774324563,3.272670203333684,3.3219782807710554,2.7059019554520405,3.270617803746356,3.8548270443288444,0.9390405775393247,3.375701949161914,2.1349164741090307,2.831802084808603,3.0142827731432815,1.9508623359091986,2.537727217060251,0.813472808297254,3.903413168396305,2.8697275580591346,0.0,3.11025967351642,2.055795314484594,3.6573410001002884,2.9259974569072202,3.7833348997956606,3.993529841828632,3.9414165334339453,3.3784490925797805,4.487603273279379,4.4241427467629695,4.391517242878591,2.1612495714978466,2.4307858759991587,2.3785629859738604,3.518818314647374,3.1546792135132984,3.3896495907090536,3.3353029550060165,4.283203948972962,3.546695220191091,1.4147248759774333,2.912095644804795,3.010005656317561,3.3081618426413817,3.698539503100793,3.052057813959251,3.201610544521908,2.7984322647752964,3.457014074855027,3.3574364022638217,2.86130428315811,3.9316543455897612,1.5382244647025713,3.588901029906146,0.3830967351791157,3.4817646941930014,4.111791078038464,4.214212466629283,2.3268950662926553,2.2797335406604318,3.779569120965637,2.607291740704618,2.1006529180005664,3.8661035877165424,4.349486149863672,4.229856582137905,4.512763985155526,4.226915919031262,3.7691191240968647,3.9300625286915234,1.4764172054244311,3.9235991503312095,4.332236454077451,4.441044947870565,4.528823572666699,4.325314854556485,4.535408466626438,4.7029298870377945,4.509020624299198,4.966406885960566,5.270954859150518,5.751385387276907,5.5165194328945555,3.3793726322683066,4.746924228503647,4.132330329320148,4.1923020372205295,4.2965288537293596,4.286461363671356,4.492473380837327,4.459649438504591,3.768544328795236,4.129168420815142,4.403866468418384,3.621357638538357,3.0409025504065994,3.560492562549502,4.6826657966320555,2.654969377950098,4.160877646007061,3.3367977056584808,4.152677124018122,4.529169339168743,3.7749887722646087,4.248383544973754,3.860889858965852,4.886980054803878,5.20650813370798,3.5468352607535287,2.8680825594820276,4.142490274072639,4.440320134599805,3.9699558514337534,4.075185114430092,3.774587090570445,3.7469239465366058,3.795536876326845,3.2423475252764375,2.76776788520788,2.0078119115557738,3.840891866687063,4.278274953065047,2.602850676795758,4.003247862610876,1.8189100456535445,3.563296474304271,4.430500522582932,3.4738919417742635,2.011789541073064,3.3134009750084203,4.271770272198487,4.103277319756063,5.227105365205609,3.701134671484481,4.1988923500587,3.7966612577566035,0.9053764752825889,2.2206328882248583,4.275086419853649,2.9337246615434163,3.940596885573835,5.46911185424656,3.7193109276693908,3.8347580273960657,4.384443648481448,3.134279458271783
twins,0.6059065279646154,1.0375844534734413,2.136622391003553,2.6919718670373336,0.5235376001885981,3.143870319520537,1.978459224055249,2.875436446964045,4.350772081649476,3.8421754906947014,3.8739116706275207,3.594361022215239,4.3575832711616025,2.7031434839040887,4.213416907020393,3.9068649181457933,4.261400322711554,4.263942089596087,2.062164865084149,1.848683621040916,3.6492126763865333,1.8129095038428156,2.8477705709974144,1.1219969740406504,1.0552297926205116,1.727844905239414,1.2496218130450585,1.5339258879886726,1.5972043055602838,3.348055659008397,2.953772499379497,1.2249317474437145,3.11025967351642,0.0,1.4048556055551022,2.8996003549413785,3.0373502097119784,2.7453143776355144,3.949587678203872,4.50273244012591,3.3603762150607044,4.014607499972984,3.7891760339983054,4.646493702346472,2.3877313734602774,2.657292174821018,1.9589017350249531,2.3033230520122276,2.983000935785641,3.0431281334572886,2.0460782985780006,3.5979033448893083,4.475871613996828,2.8044955612291833,2.6554946029142847,2.0101505819820975,3.304641280192739,4.168772668780827,0.9317696573967251,1.6725533109995259,1.5226941568687715,4.03045547971531,4.266353165079777,2.6211001475014566,3.9947323919752242,4.2525874071382574,1.8766458721696804,3.2122937490145573,2.5403316319947598,2.540804630254303,2.929992648322703,1.7273772573120072,1.3843391160704392,4.213782290859891,2.579116110369933,2.294485137794556,2.573652842567578,3.426889665952726,3.2438299541080364,3.912360663303043,2.997874577871312,2.010911046488955,2.4519182875630454,3.3234649321328744,2.8399339768810634,2.650019028503426,2.600012233144868,2.6749080287075797,2.4774605046538127,2.702354683527842,3.441929829048455,2.987365080890504,4.324600149456159,4.238565504237887,4.539457424139123,3.9561794279201807,2.9019634294695607,2.9524038110393773,3.145188297270818,3.7896578298216608,3.626374398244951,2.6937755320477335,2.5304858704886968,3.3897099270547226,3.2309248820461764,2.724715117329653,2.5264990755198014,2.308733654342432,2.6104294818931453,2.3145061135151064,3.975073357768196,2.9088213983822624,3.8717229218589915,3.656279441891859,3.4166690921213387,3.433631650796493,3.308944467636328,3.9672787836568952,2.47970483771466,3.503423121890686,3.861955108576626,2.6621389933572392,2.723654873098993,2.517738342801736,2.7211904772830064,2.282620554681912,2.7517176544535493,2.2064383147055495,1.8245715026993685,2.406976016066259,2.4705023491799025,3.2986026204637655,3.1723333761347052,3.540820400591851,3.4705039685893317,4.068329017011755,2.3501433326947687,1.5624457204172457,1.92282980481542,3.002598433823836,2.918625754465587,2.169710740929736,1.2373192765039942,3.3404342996317293,3.235331636827538,3.887456705884871,2.624902406565588,3.114647958431455,1.443614351271828,3.4543760491876063,1.7325576223364119,2.5731992686165084,2.37091264641612,2.4424708829196753,4.018135292381635,1.9656041154130528,1.9693042390994262,3.7934849645233095,0.601434926072495
a person and their family friends,1.358236705483696,1.5684120441886567,2.260164770892096,3.1256581031777557,1.2726218655569672,2.8686150512253867,0.9290715910692688,2.880194362630226,3.438133376269264,3.3668279819392013,3.161272122102348,3.0753683477705684,3.864240079601751,2.856163062196674,3.9332511494451277,3.5288204355877038,3.7130255519262167,3.2324470659249402,1.6770645740309609,1.3287420760267699,2.79866616983795,2.615423560881883,1.8294664248410715,2.0299396241476777,1.0452457626578457,1.0541196877409826,1.0702254109551066,0.5940454670946745,0.6408741649543708,2.156025457489425,2.8523335592388324,0.8874218440761259,2.055795314484594,1.4048556055551022,0.0,2.7333908677194874,2.3366778958692414,2.599295715457159,3.395483576555366,3.6624993839993327,2.521018368735292,3.5204182314272177,3.490391645925886,4.074145684684907,1.7779856265526268,1.8102833109845995,1.3131330639052667,2.249930891728644,2.3523787701244485,2.716312662789867,2.125430601376134,3.003017774416761,3.350737532405134,1.6952748474977337,1.8813300540937843,1.4988359372739817,2.4107179334165827,3.112887733153098,1.3822380049686265,1.7379517991468938,0.8366160864818181,3.0224883490938343,3.169863983782229,1.9195419857833516,3.406421609180628,2.9787394874806488,2.2900476299718693,2.134307629831653,2.3580470544876975,3.0165877810091484,3.2515363751323183,1.078923842459924,0.6531801232576543,3.4984365792433363,1.952921148041464,1.4908372726077075,2.093661953449654,2.7790604392633504,2.6144544680627493,3.17287814719444,2.760735278089661,1.9265214961547796,2.096935653739021,2.135970032125878,2.735403090423453,2.828748583819292,2.9894096208295378,3.021849396685724,2.971717649328371,3.0954276380182106,3.5476044110983045,3.2857047239466297,4.003944010710914,4.3137443867246095,4.7452389728858,4.403919168716317,2.3830315888183393,3.3853661506467483,3.0380781216241948,3.307175928495077,3.3439207863913647,2.839935593759478,3.0394018601266963,2.921776209808499,2.625655639304316,2.5177836347235862,2.62691965346185,2.458397862832053,2.3597921668612605,2.2735666326175465,3.305458952264491,2.1029649890307516,3.4126922033542293,2.8718613347091635,3.107372104230268,3.2377508155093753,2.7079205484822726,3.655156096745814,2.147379766236757,3.6600776500493004,3.9242065724024857,2.1063128884166065,2.9113067894915607,2.823668434206388,3.0052944464774707,2.3470707769913854,2.3252698288724534,1.8873608014728414,1.8407829930545183,1.9515676443267558,2.235159606843555,2.416832172526879,2.3953359025086023,2.7992543998516757,3.402146304125441,2.8361172317608423,2.3486285410064656,1.0971854910041705,2.5306592928370235,2.9842190689138577,2.5508602670682103,1.3466379061544764,1.5205820187627723,2.6890463797858364,2.538265441502463,3.8988496172179197,2.025604548783329,2.5365393267188754,1.9791297391010287,2.5480722617064733,1.185230074840712,2.8615120766457616,1.4084222315909236,2.1954555453864155,4.103054067321007,1.8906494546237895,1.967665335390808,3.8830898950516084,1.4494009068208553
manager and staff,2.4041546675423358,2.502359545156938,2.336173552799349,2.55199675488554,2.7137127087770114,2.7765629205084243,3.260225647444771,0.6435786763977279,2.4041616628381153,2.5340166108258804,2.626210989309234,2.29342713851525,1.602580582557044,1.3653629501063147,2.730086151351097,3.089088541700849,2.929353574249502,3.8933679880481282,2.3230814637712616,2.143883597397203,2.399431343778951,2.53266895231366,3.0739189416878445,2.291149187067158,2.718651399834436,3.271750802170792,2.313832917511552,3.221951182898393,2.8581021245088123,3.5589322488197896,2.237245414179782,3.040322525597497,3.6573410001002884,2.8996003549413785,2.733390867719488,0.0,1.2663290794669926,0.6027298202213539,1.4133196921558004,2.377609540717002,2.7034990248045294,2.791480323711514,2.3978611679348627,2.0334955351666726,1.8167923318520998,2.108331555462794,1.7180359638086695,0.8416594782955389,1.0402541975454758,1.8428624766865818,1.0878285106260757,2.3273938234141274,2.961488559414912,2.654056617608655,1.7411591654270262,1.6245334704866854,2.0220281134831346,2.839211751497536,2.135429613195644,2.0781977157822715,2.7960966623039303,2.3687851119992396,2.701928489639012,1.390815925749584,3.667740522372987,3.9700531585158916,2.268093971906968,3.898374036249778,2.178567874086983,2.4851242591824287,2.6644864585711243,1.8011015051261918,2.188178988604177,3.8209308887903357,1.5579149092605227,2.2471106834582275,3.2714599571960923,3.9526585074080054,3.7571146467466385,3.6629671716214105,2.7155532822622592,2.606135089396231,3.29827620886317,3.715531288341493,2.168208101596395,2.6775583574093846,2.6076007952942692,3.1470104926300957,2.505403674139287,2.641248464926107,1.4484219892689336,1.471993444443421,3.7783866845380665,3.1968234639227653,2.9742798273295046,2.6628093489825155,1.7694406475450681,1.9338070244280197,1.2381088403310554,1.6131996166525198,1.4112450756931185,2.3646138465727877,2.8851756104120265,2.933356877056086,2.3609317100053295,2.579667267522868,2.8909195424428273,2.631963630014924,2.323461451134855,2.749694116155583,3.5038199523973774,2.825886870053086,1.7270393131939892,2.4437274309633175,1.3732666942667253,2.637509069739661,2.6259942934311864,1.555810103531997,2.256949533171806,3.768102207734078,3.8920348609868682,2.708521728255145,3.117701849922445,2.784207611117053,2.307747680569226,2.327724364359778,3.1914470824622834,3.014282060042946,3.429363269640677,3.326337726768678,2.881680769378334,2.6988766886845106,3.0298745418040416,2.6949994983470527,3.1673033183111574,3.510726085936381,2.342367164594098,3.1658827957006834,3.067749667599725,2.5165275746520055,2.9876626802345148,2.926961879216468,3.00309775317422,3.7377378283155007,3.7440634471422287,4.187284878290839,3.091259287183837,3.480871730231668,2.442217636770346,3.8001390411626703,2.9601159692939847,2.263081539531456,3.0056020713853258,2.5823529197551722,3.678070557603426,2.615516039242065,3.6931729560075595,3.060959216182991,3.043837127996751
union leader and union member,2.5607188070766496,2.604575744933094,2.8487422915448386,3.394512352327848,2.80550055934154,2.649422988538894,2.6616847032626776,1.7500660885822006,1.8463736431775313,2.103182490836598,2.2201908090338476,2.1224897433965375,1.8828192935722903,2.319632733829331,2.5663435057449284,2.673715871636073,2.4015490687929457,2.837525642262833,1.9329557154301384,1.693654964746838,1.5356419841771471,3.2657466440023795,2.403304664281033,2.7868589038525053,2.599115650906422,2.8292136156745498,2.3269838835020105,2.766389652719589,2.4178654767445487,2.631627290321939,2.815854040464389,2.7703510747079303,2.92599745690722,3.0373502097119784,2.3366778958692414,1.2663290794669926,0.0,1.2873199778794338,1.5849142517372647,2.0217986226698126,1.837168629209145,2.3018388490196386,2.1728052932459003,2.238185059378538,1.2105224043190999,1.1139877218056158,1.2519722237314035,1.3838249699842509,0.9048732046753932,2.2932333523541124,1.6397864678316776,1.9528920509486647,2.0502409646006687,1.7052689284582407,0.9344482698543459,1.3254384211862982,1.3894407573582874,2.0152903312331043,2.443306853926622,2.4916164365985267,2.48982783694994,1.490773790048282,1.7266877484685945,0.7816184018977562,2.9404376630378666,2.914754622752719,2.919727665338902,3.101471959089072,2.625450347851432,3.329646531521306,3.4881262248964524,1.4166359366425267,2.0066759730787815,2.9987786462419983,1.0124492574663104,1.436434309989348,3.0627570262669117,3.5054215925473775,3.368865651041746,3.3516542686608886,3.0398772715175064,2.747458551999364,3.124572223713515,2.9693137252779973,2.0931947339092356,2.6627027296608734,2.7911143214992458,3.1274568250450683,2.800107059271065,2.8393258865883864,2.3581742454273207,2.278688601782573,3.292975308516221,3.2585801326953896,3.3775284392587888,3.284519654798378,1.3452579843422803,2.6053864060396963,1.7325637560361034,1.7137135496367337,1.7643938021832888,2.46189189093954,3.040541884802892,2.6926809143298187,1.8891767613000083,2.4344451092265964,2.8266458652897417,2.507491649697062,1.946865775264083,2.474940644974721,3.0999819966495767,1.9823971349652878,2.0417886353318666,1.769708727477702,1.550958687836699,2.3258466724358784,2.179717986669308,2.0476659527079564,2.1698539725635064,3.6709697406943738,3.8892182358860716,2.128140023089571,3.0906409729331994,2.7691921167771882,2.5720326497601627,2.3395920314753815,3.0564733253078664,2.8796773903652086,3.2330247096127196,3.0343545689436997,2.4136965478069454,1.847300585770158,2.32000282633916,2.324399655335928,2.8649122122223276,2.283824331117304,2.7434579238307366,2.7392853374228197,3.116270086643333,3.086730171761365,2.747590565871159,2.205393126981546,2.8231965766825944,3.3547000299698335,3.2949362226202465,4.006958275694274,2.8396421548525974,3.186558349262581,2.8870229490754107,3.067682109377449,2.401013072510549,3.0626245622907113,2.5692782649733483,2.7167306683742747,3.674146248686958,2.7747167390843352,3.428988235036094,3.813469811007966,3.0300636716483464
manager and assistant,2.203864244403048,2.257969563221075,2.4109569515329894,2.788293628788302,2.4932591533208943,3.1516461059234206,3.203317808354921,0.8099579200762723,2.4031365425532605,2.268757057263715,2.237177290974359,1.8448537681376707,1.8667386729862718,1.7202918730118446,3.028640643681391,3.29474624003787,3.111884173084429,3.8232686900557646,1.8750396610761402,1.842782666381547,2.3923690007273257,2.6589223478632165,3.2489006900953314,2.3039926045425365,2.712477404160734,2.953303787415539,2.083347589579401,3.0792208123191513,2.5963844645245944,3.6183130024952788,2.425494694893471,2.772120019824334,3.7833348997956606,2.7453143776355144,2.5992957154571594,0.6027298202213539,1.2873199778794338,0.0,1.57663646559955,2.560008152249438,2.495426926217019,2.5718721433178717,2.2918899958478733,2.350215238001043,1.9242301067000924,2.0093903192093103,1.6788494298706458,0.5096386072749999,1.1121360434061214,2.1833323062667453,0.9786512569062127,1.8986001656808251,2.8977318446993965,2.7178462331401247,1.445626352031879,1.2837940721224634,1.7831616769595555,2.650264724693611,2.0458526333071845,2.0796003826872793,2.5024382135121033,2.294289389460742,2.6452260827595078,1.1944248997436415,3.5720286753259862,4.084390344239483,2.3749541029615417,3.981510967600215,2.306311188976714,2.705632063011031,2.925114854188648,1.727524706520472,2.111989691482069,3.772770827796235,1.6725588281990902,2.148859047414686,2.9207860954270726,3.512857837264366,3.3373389352428786,3.342149131003405,2.5944324757694956,2.3432793290491656,2.9436590653817705,3.8183670383348156,1.7407310235858353,2.1747267082322983,2.1716607277569695,2.6793318105276924,2.1586387451554674,2.205090068983528,1.280038925627273,1.236820649519745,3.5429971181260713,3.1289161798921583,2.9419496054980163,2.602172897993792,1.410214404471891,1.6036474275124497,0.9139453672356029,1.424138796084717,1.186665187997121,1.8672575619216913,2.4824831543732766,2.402151661278314,1.9080341315948899,2.018905273466556,2.3309328492297468,2.3102422969465373,2.146519287200541,2.354644584164661,3.0283884884333907,2.5781146527051173,1.736418885161132,2.244011055143978,1.0062785935007954,2.2153019872064954,2.2057203597005217,1.705140491872249,1.742706793993937,3.5916982181671795,3.744935720684156,2.228512086281267,3.30502727222164,2.396464743932955,1.8462199761752396,1.8047118496919747,2.8406150553236134,2.655943231229167,3.0756640944544196,2.916982620714817,2.5564698433692508,2.502256382577658,3.0357681012905786,2.3465709193607904,3.050589841132693,3.3890328665713136,2.183401820245519,3.1012159795019225,2.905155777265009,2.465064577448465,2.9995354747596776,2.757891203026029,2.6860442776330693,3.3243999709804344,3.331184042130425,3.9451358052561782,2.7754171724643824,3.072383631138141,2.2694158146864996,3.937674579312392,2.783037332229044,2.3027357439534843,2.759482659604647,2.300305169231597,3.4284635454952594,2.375365230530367,3.3052213949122637,3.460481260172819,2.8216369508471115
entrepreneur and investor,3.488353920722926,3.5804792247615556,3.0256491959709337,3.3562386311404198,3.7104976904249183,3.6007160368934437,3.852370504632517,1.5907301189992928,1.4495661628334662,2.8312785419532234,2.2243358541310503,2.1173863015679038,0.6280337329944984,2.220019478835011,3.4154688191761857,3.8187859098904586,3.3679686008222944,4.042325605179071,3.0070014869701516,2.871819424808131,2.530197508277414,3.6476687661488527,3.4862210952993418,3.5379604196838,3.669679785472667,3.8549997981121797,3.0689788987686137,3.8790841987676004,3.442351363425867,3.7404272554032745,2.622434804215324,3.8008994173844255,3.993529841828632,3.949587678203872,3.395483576555366,1.4133196921558004,1.5849142517372647,1.57663646559955,0.0,1.4680812089994137,2.9681465123241626,3.1062191242460395,2.9832688308876927,0.9087306692043091,2.61902734641919,2.663674804052855,2.542371790116458,1.9319607558873093,1.0625336824895508,2.132367349495997,2.210155624585256,2.23462560647344,2.1176394388382684,3.0475633804818294,2.0741188560800543,2.3221120219489135,1.6415179463771767,2.139814896267796,3.1349091202884987,2.819785935119638,3.3770801689631544,1.6914501447294459,1.9513401891848878,1.726008421187826,4.198282294424597,3.862799020231389,3.144838286380105,4.237310547893831,2.591186446960396,3.335316314370726,3.3120525569955555,2.6350961278981795,2.9019564790903116,4.244342775523513,2.2743297778815816,2.9136430952916546,3.5817681727167403,4.036836867505074,3.8601636293210833,3.3851028742250677,2.859615273290877,3.197317060184462,3.721142412031841,3.900531827318464,2.7880006098838908,3.5013783017953934,3.5786275641158385,4.06830828077557,3.5673110825501193,3.607011445153596,1.9351900063825238,2.493715618478519,4.348117141211447,4.072559390126616,3.8268985749540922,3.7698323999118712,2.063750107795848,2.9837823014468943,1.7542509749403286,0.9973270220768562,1.3426416628102975,3.1422946207419473,3.941127455118326,2.919772463657922,2.375705714955353,3.0021538725843144,3.5974551040600304,3.5641630331449146,3.0876266365202003,3.5400157100565415,3.233269362368712,3.1726677570963977,0.9152630356303532,2.2000654607412375,1.494090691287685,3.2846380398540327,2.6076020563345903,1.1703460783850608,2.620521908161388,4.7357382513021005,4.672098104314924,3.145487250480949,4.194748953766374,3.767145743484639,3.1794917521754518,3.072458855452165,3.454817211953971,3.4966137780482773,4.206309897838002,3.7255953143899445,3.6248423541137926,2.7474634679899763,3.3491444126738106,2.3022281838635315,4.114060238957998,3.340436899142618,2.8838150546809493,4.001570169381041,4.237506419992752,2.813133142801818,3.6765110960488134,3.556563699011924,3.9879621170692077,3.785795793038134,3.8388605113595085,4.965138574165163,3.3468042861511527,3.583872359433104,3.3659357139368633,4.1313486746397245,3.7817038470064337,2.897796322264062,3.241139434102806,2.94596571929626,4.455050128477322,3.206680172390047,4.447690392420349,3.4183680329354456,4.098403702066764
drug dealer and addict,4.060901199456415,4.02232374887476,3.327600240868439,3.830159283001908,4.20565525849714,3.591090535625152,4.048658053073741,2.78906850993365,0.8152955276154467,2.72098587184916,2.3813864447710267,2.512296951652356,1.4619737787833684,3.2045716045704578,3.282417063258957,3.5328760324067545,2.8947100062254263,3.350513527623493,3.511464307952107,3.479770382879976,1.9898889395801644,4.247704820433621,3.3116853354859304,4.202329272804543,4.109550291830179,4.168938154761775,3.4849311577492332,4.16508575641368,3.713216935584336,3.7092448225896995,2.77519595444882,4.095099878360267,3.9414165334339453,4.50273244012591,3.6624993839993327,2.377609540717002,2.0217986226698126,2.560008152249438,1.4680812089994137,0.0,2.6454705552663245,2.8734874626575113,2.9070598136557413,1.344255066882517,2.940520798174727,2.7937477280785448,2.8213553890957184,2.8989622286943946,1.716048782417636,2.270637499491017,3.2055194142177337,2.449998767067554,1.6298325693534286,2.976919555641861,2.568686618880099,2.8310031302696124,1.983246840187063,1.850918446958759,3.703241822491747,3.2968621885106595,3.738335747100616,1.337705383617205,1.64049669412389,2.3962901507777365,3.743063881217555,3.4733234424969903,3.665910567556427,4.174189677334343,2.8294959436893348,3.8588472950886343,3.7666439232234286,2.9819508525289633,3.254296918318474,3.661350299056414,2.3641745464156836,3.260305876066299,3.647184073040175,4.0677428604173445,3.891653162274681,3.1814630395350054,2.9871023245192556,3.4325914233014725,3.7953553759867007,3.405383964280648,3.8244560572124784,4.395158814525776,4.5695463869612105,4.922306840881027,4.615441702162851,4.60788788385972,3.303712214850923,3.695981575196796,4.12647361947248,4.160613731744204,4.207349157067504,4.491618741687331,2.962334171702719,4.114370437160904,3.0301891442184807,2.2234917151427305,2.679569583887165,4.15003457553929,4.8694437692563355,3.4732771681851093,3.133475399769223,3.794779488612683,4.295480166539895,4.4565855027744385,3.921242950371746,4.352692416982711,3.49677729247372,3.700058008042868,2.2304907000598604,2.9735011243046854,2.673311902993548,3.6381736052507887,3.423934838479904,2.601682290065483,3.24398726207457,4.685068313674421,4.425072966894599,3.6093498344838033,4.794836317958906,4.668066921662412,4.25187920082377,3.9577983022607968,3.5069477258273576,3.660302233950993,4.4144798316592615,3.9091169461304505,4.342804390586577,3.3329045000415944,3.8926635548045243,2.965511444246762,4.144616276381297,3.1832252834322103,3.161284655589351,4.349688459450703,5.0538540805794305,3.0744700082800365,3.292661733607459,3.94306934189396,4.424926610744328,3.794952598981719,3.8444804870032154,4.766570299668122,3.3346013891642423,3.650730105376989,3.8416776906216503,4.2721542416899485,4.151417844716754,3.423001250414842,3.2459807738986357,3.167788125225015,4.414619305599903,3.447137403867025,4.700781935145908,3.714043076072264,4.660776009722384
victim and witness,2.8947020456399493,2.602103536287758,3.3278956275202867,4.182526321501519,2.9640246907925056,3.315383487818061,2.90994852879234,3.2147731305012055,2.321390178682573,1.277881658766897,2.1164178520183636,2.1761239587483354,3.197451990047535,3.7716092016185048,2.9267039503212895,2.5669369070422214,2.196867914789862,1.5277897546782093,1.915471236140038,2.252863729808546,0.9317508384095198,3.9883935538281303,2.7846299562823122,3.480253626805071,3.138981795776755,2.6270609909278724,2.52906491342514,2.9122913949301794,2.330105927873883,3.08535884258181,3.3961129929078706,2.566872464073705,3.3784490925797805,3.3603762150607044,2.521018368735292,2.7034990248045294,1.837168629209145,2.495426926217019,2.9681465123241626,2.6454705552663245,0.0,1.2852114715705583,1.703038643326693,3.5283924219934617,2.1550872351906736,1.3671882365530477,1.7981074735663982,2.579513538147154,2.260415225536593,3.181610062747098,2.9142186384138866,1.7322988351868305,2.3451759797183476,2.0659408000073216,1.6999255480908293,1.7963895795161686,2.032622702160755,2.063328032093827,3.003963466901164,3.1211676754102764,2.5022654428998377,1.882677067690088,2.2024211284896595,2.052738310144372,1.5829822598229564,3.1892957295903104,3.631378270837529,3.4202509012996325,3.2398236302354726,4.141488722530665,4.338957354836609,1.9703376544853697,2.482721496410408,1.688516919011448,1.6667601475633653,2.013571659721409,2.4886688332342692,2.7003664771101334,2.6297543949773075,2.7903845487667454,3.1774346339577293,2.5856203650612404,2.472630221703643,2.8247725264409933,3.0308379269224,3.060421311456846,3.391936286318933,3.376292206390033,3.5976652590935077,3.4417942775688997,3.7023162392822657,3.4712697425470047,1.9998300482689777,2.904147663037155,3.5480007710545594,3.817638414070561,2.4614487119170465,3.548278499301818,3.0963735232787135,2.984266427117201,3.1556748100280068,3.1299847772040423,3.5087104414954156,2.6941730301363918,2.5072952903119896,2.726557649929589,2.768261907179673,3.2184804797681976,2.991502120934456,2.978863552812035,2.8132831183788087,2.5605695579570815,3.463331921127005,2.925884414955076,2.796910459834129,1.8614095238626605,2.885798356754806,3.7221877335437834,2.360278105775884,2.7093442176148526,2.821889391776758,1.9588690178326253,4.074880867493618,3.298059841771641,3.340995343126076,2.8249357582592665,2.499316070705259,2.378045550902687,2.568377598265177,2.4478370567334404,2.9070339854850045,2.7510630509325122,3.3953816001709125,2.9747749207717136,2.2250629057471953,2.2795037291897047,2.8698754316702355,3.0646509043350445,3.7740921213892746,3.4091791845864003,1.9882791226804672,2.546835394016406,2.635652919324884,2.634793775817976,2.524726606252353,2.7067230151945716,2.2673650104222434,2.5708160812488328,3.112439305361341,3.801291107021059,2.5470834296997005,3.6956271964142817,2.24416730232928,2.6115947973857483,2.690485200229983,2.6679989178206767,2.755809583635563,4.814228138646668,3.2354531896473
criminal and police officer,3.4606566430924457,3.085451647649202,3.7871403836903643,4.449742756392018,3.6022427690092744,3.792213396685527,4.004387175266886,3.3235420682043495,2.6481200793584017,0.3829466388690041,2.380422681593799,2.278942602384339,3.1370803209029963,4.044116783857096,2.7004605880816692,2.6181138733401212,2.0798716871625658,2.3588650917946334,2.53003199159648,2.996444456917849,1.4636236601268717,4.319552958495303,3.808286277324086,3.886604059694093,3.952763946295709,3.5966632845590967,3.245646231460388,3.957083742159826,3.321591475167952,4.212813323829922,3.7222700177321455,3.4378218657290462,4.487603273279379,4.014607499972984,3.520418231427218,2.791480323711514,2.3018388490196386,2.5718721433178717,3.1062191242460395,2.8734874626575113,1.2852114715705583,0.0,0.8408270098018127,3.576654591075287,2.8300762167034397,2.2175558950468646,2.545863238801394,2.813340638254293,2.702220516081527,3.581914644702367,3.2485497416039353,1.8283666437341641,2.9897895003195996,3.101773752283336,2.391558376646064,2.422599922603813,2.6797829751814857,2.6974882025979987,3.587649250313644,3.6932058789368467,3.4137440417910696,2.435274351974025,2.8479548510386343,2.669485166543856,1.7376500309593224,4.279940812028276,4.064936015597185,4.563574829287984,3.736705963591988,4.424334552036919,4.6466909061040855,2.7507611679966835,3.3433156170302922,2.000990130787612,2.244066004852763,2.8699729476058433,3.1985775589798755,3.412566395378853,3.3452351227408355,3.3667684004285507,3.583276606581267,3.1046241415702025,3.131201972583529,3.9699917160486886,3.3033021460289205,3.222597328375511,3.4846562040637106,3.53467791286994,3.7227721457277467,3.4972305627886833,3.6302230070709642,3.361815573189271,1.3292408881560211,2.01616844122756,2.5931729627929645,3.1474024272985517,2.9174693581108433,3.383019390685304,3.1657152133432347,3.1296718103234515,3.1997332360729462,3.2836566590633347,3.6055680922893694,3.0706272833048547,2.9882065446484827,3.0990942570826814,3.001969199279731,3.6121072846258104,3.498368974336936,3.4688051582544044,3.262930729914767,3.3876409853552656,3.703605617926691,3.515833846307305,2.8505672487677556,1.4402604118807287,3.4313187924317354,3.8459761705427264,2.821797710676719,2.4016418404738813,2.44397772836766,2.5885465385690725,4.568887356439745,3.5071310782264407,3.414253932617097,3.1475105469146434,3.098045006364465,3.030151441138581,3.212827293683906,3.193261207510874,3.4949840690984235,3.5386876996743606,4.255456154010366,3.5824610629418934,1.930976730493049,3.2857828673758056,3.2253711658575046,4.005876398249005,4.197396563926408,3.661222601141657,2.398927903883129,3.5100894484807266,3.2609748794549485,3.3334886469222464,3.292481881911293,2.4074800077640783,3.0096561152718833,3.2295539984743176,3.5224536488369624,4.828498005295948,3.4442901425317123,3.9440413527967286,3.2443472860202642,3.1000837091887354,1.942159334889,3.209866291263904,3.431740542122685,5.126856631539099,3.89606586448584
criminal and prosecutor,3.228601253547644,2.877496375332938,3.5025796308705766,3.987773917679477,3.4355983212719545,3.278093155752227,3.9770379924480497,2.9551303888271465,2.8646234183306367,0.9202793041335415,2.8156648659703016,2.593192293465079,2.93131178363617,3.5953690569762586,2.0423386463595885,2.113553643426365,1.6891433436903598,2.7221408176718507,2.6319721765536954,2.9712417267026123,1.589956866535002,3.842992901936733,3.677894420826825,3.4516299052626978,3.7091860901683447,3.740398888327374,3.171361018728637,3.9512638886440725,3.4120923037894215,4.250819884917555,3.4292350740953492,3.461995598137628,4.4241427467629695,3.7891760339983054,3.4903916459258864,2.3978611679348627,2.1728052932459003,2.2918899958478733,2.9832688308876927,2.9070598136557413,1.703038643326693,0.8408270098018127,0.0,3.3979286555998063,2.555103837260745,2.194588590892807,2.353649098687869,2.531223653733086,2.579441644605395,3.258226479184776,2.926543209115008,2.2286235276611994,3.3426688659399155,3.0593458615171696,2.472394436024281,2.3883298745107324,2.898854633739446,3.12596047586309,3.324169050758147,3.4552110268050713,3.494226411059899,2.7170817426085407,3.1482520714503752,2.6376103081080293,1.8666766211601677,4.3912840059520155,3.7005581545325033,4.544991377245546,3.505110830637596,3.964061777450166,4.216746215143084,2.5800227741442536,3.221592889027666,2.1547180670216752,1.9632447298049474,2.794457498970321,3.458343768470685,3.8998278149224066,3.785797643109813,3.811951515483435,3.572767785408699,3.0993254465918874,3.3603647423431857,4.0125384303240095,3.2467672029393198,3.1883814698146757,3.3154517904307457,3.4766212085614567,3.4626066201615266,3.3235194361778673,3.3443694603877154,2.978916147831679,1.5734439191192398,1.3810336036615174,1.91953473588515,2.4830561993383498,2.941864070713238,3.0248119200288737,2.9682146563222123,3.127860803746971,3.0813547583049985,3.209998107039473,3.4091187158804424,3.427789483813461,3.2113438929581046,3.2668088246039777,3.1192635311031056,3.4623706664103557,3.3407984493301823,3.4464434041620606,3.76656463854741,3.5064302844172897,3.626903247550288,3.641967200396233,2.774297639295161,1.5718926600589553,3.643039946824857,3.6247941496581797,2.981888270472898,2.1488036331724447,2.277536231279807,2.861585691713375,4.095554989747058,3.353635832385581,3.2574925456776964,3.141458589981335,3.355532078126201,3.2071789767697503,3.313649340077544,3.476149545765088,3.483985442504829,3.6696681104976925,4.194550544662287,3.8420953469538595,1.5448035851938915,3.6213387146468583,3.109742798291433,3.871397264494187,3.8851356737589264,3.514497048401462,2.2037531204480327,3.520761246821659,3.194611976794453,3.7831495493499965,3.7470249878819923,2.4386269031993484,3.2681250446540373,3.6186330325490332,3.295507420016438,4.73211644752526,3.3894429570055156,3.635357186089008,3.462909367129102,3.1685050019449843,1.8207650755483227,3.1880930813245514,3.5832941828190203,4.677655717142618,3.7207533052824764
customer and businessman,4.209228216840121,4.2916767935093265,3.452457483602352,3.621561313016585,4.432312537404305,3.7805723631409753,4.470626256406751,2.2312776302670123,1.7155669223031451,3.357201588899346,2.9176800496687507,2.8692751101174587,0.6114090932777354,2.625444368093432,3.507737033576967,4.0229578149886525,3.5074510408763997,4.414631371510957,3.8495639584841315,3.6864360858380194,2.9051370585204217,4.097616166932377,3.8402166786723404,4.130592731826437,4.288493552955293,4.636886771003784,3.787829978395082,4.565089535607111,4.188945995179862,4.191234627418463,2.86218446824218,4.541514436790947,4.391517242878591,4.646493702346472,4.074145684684907,2.0334955351666726,2.238185059378538,2.350215238001043,0.9087306692043091,1.344255066882517,3.5283924219934613,3.576654591075287,3.3979286555998063,0.0,3.1720971733192957,3.2957181688030754,3.18058522540551,2.7159248456957084,1.7867814463920606,2.2986493482727353,2.9485259331886056,2.9596535505886234,2.4654050107761956,3.533651719470903,2.8829739553028495,3.121841725415364,2.405616121285932,2.660237327905343,3.790465445840867,3.379564018431802,4.145244988065015,2.156522126690757,2.3653672715339717,2.5371094083185204,4.6106975082591335,4.138435026908075,3.600726282780453,4.668680126094907,2.9580932938781994,3.639154917593723,3.521946651962443,3.3034324296674944,3.5578663656994873,4.597997319903119,2.7801738837101473,3.590601286618159,4.274796525515618,4.77343004220776,4.583739173884862,3.944724354245203,3.3192605292094717,3.849500892655356,4.416564460821386,4.217259253844282,3.650652572460094,4.370704616308436,4.413600600362251,4.925445390921877,4.367667118415516,4.4372357113725975,2.60224338147294,3.191178323076006,4.835171028859443,4.438166352010988,4.140602628081196,4.210317328869234,2.931676631296946,3.7111566022980096,2.566716890587898,1.835362978331197,2.1443767677394505,4.011519214377112,4.761287788291441,3.762366161556726,3.2550707844667803,3.9065931817713313,4.476024547889852,4.3824083044135405,3.8381499125196488,4.397109390781163,3.9846921795744317,3.9404495473824737,1.5734902136417017,2.940630456645934,2.346321975541886,3.9911083769256606,3.4750001892170284,1.674108455533682,3.4834490790415638,5.242041358656558,5.082679517103105,4.002792718860313,4.654081314125778,4.594419759473865,4.021582702905797,3.9624718735398936,4.12515793553066,4.21413293147135,4.950645847253249,4.4905750675041185,4.4460706844754965,3.481112080427887,3.935795410244834,3.098300693587807,4.6118321507437345,3.867822544531238,3.440031858277792,4.649914655397354,4.966175146394357,3.2162513664062384,4.0502613583052165,4.277776079494007,4.7632319425201715,4.495128498052876,4.5627000001723745,5.47708407393861,4.0101971337885205,4.2976211821696575,3.9990587283089805,4.534568776832717,4.5024863193021805,3.315728710045284,3.908306333342211,3.590707320924387,4.945415142999437,3.8478995131641582,5.2278417795532155,3.3643380591736918,4.8451304111327875
representative and citizen,2.0458450106997765,2.168439110924746,2.735122913145816,3.223775093976255,2.3058605077434584,1.8001029661134058,1.8731194050817317,2.2132252231398524,2.8966444198014707,2.7294655574850997,3.171417603328471,3.0433422352665462,2.888969766019476,2.3499696874612774,2.411191954262514,2.238629785850294,2.3994836027872233,2.804642310812235,1.9924891654416552,1.4804739166264287,1.9710093229243137,2.819019242079816,1.6405944033294861,2.1687140178108173,1.6948391489202574,2.5114398040470425,2.123606122759576,2.0962946662753636,2.0997725952562103,2.089218831554829,2.967947519068932,2.3320981179086386,2.1612495714978466,2.3877313734602774,1.7779856265526268,1.8167923318520998,1.2105224043190999,1.9242301067000924,2.6190273464191898,2.940520798174727,2.1550872351906736,2.8300762167034397,2.555103837260745,3.1720971733192953,0.0,0.9096007513024862,0.7738885236633074,1.7165262028069674,1.7465047766349262,2.4545993861993725,1.6728472931761917,2.850576789563704,2.9501157262845914,1.0838699389166995,1.488429041479992,1.5169746050838868,2.284107370655482,2.9409929895222353,2.0344394169096787,2.337399810353462,2.271354814936678,2.4877048167137974,2.6380156876340624,1.4142116035322596,2.7976049555573432,2.6425374867250824,2.6722061084549216,2.332731945059708,2.6976804000559382,3.1335680975414855,3.3795687710659075,0.911831074840504,1.5789558490110698,2.848405688784826,0.8469222642100891,0.8134543571075126,3.2285402640054346,3.8260750903543377,3.682865252505381,3.937891524332466,3.395058348472754,2.8123345924806764,3.218485516799261,2.48977892567212,2.391362609606408,2.769574272942509,2.797388391013483,3.04929115604508,2.6923804170777332,2.867403333686171,2.9886573091691253,2.608518949693015,3.4301517799081833,3.328093346345146,3.6427250716342683,3.3919848486966733,1.9427330337850455,2.836766920186302,2.4053637657029276,2.7643053905435346,2.675676513910562,2.682147562171416,2.890578205312101,3.3613450121476656,2.5759957278587335,2.8428135822200975,3.0049517631475777,2.2367063628626087,1.6784318008326724,2.3166364312649903,3.82801003310669,1.921946954195075,2.956403458385674,2.4231979974883866,2.4643807235500157,2.7031500410641853,2.769822994694091,2.846102222467953,2.6300512430883,3.4064103325112502,3.8225188406526605,2.3748629129576693,2.0637625848382286,2.602055018493651,2.7602937648252905,2.5183404270807808,3.3194556254926937,2.964590373701074,2.960649609670083,3.1314547104178265,2.1320861302899776,2.102726829383082,1.9217505638246557,3.066463107458521,2.5863478547260748,2.4899772450238022,2.92787858882067,1.7818068145952208,2.404020906093311,3.4119750970509877,2.4659889028888826,1.5776791440515696,2.313034906532837,3.716326191113781,3.5952298364314057,3.9069226521016645,3.0471569743879856,3.5462556156002445,2.7093332637189507,2.312473039609299,1.6156535271215329,3.1785648016306434,2.6188687555102135,2.9925449333863794,3.7872310514258616,2.812811579202783,3.1434194581993204,3.7606797170242388,2.3539933274803713
officer and soldier,2.245753202644388,2.2051555344223623,3.0346342484903146,3.735706286748937,2.4257396758978294,2.493156720600748,1.9884898397529975,2.559031285737919,2.559355847609116,2.127623966475445,2.602657077641856,2.5581061341631917,2.9685443852236877,2.9610671048886847,2.6306529149826843,2.3385043827186247,2.2849704463442357,2.1356577909342445,1.559289692139919,1.3378202753745676,1.4464789491565577,3.3680376188468593,1.9519949384126711,2.692121582532913,2.1545125345770226,2.23096115264608,2.1285953012007495,2.133979334521941,1.8742394575604362,2.143386672512253,3.241108133851826,2.184335313816189,2.4307858759991587,2.6572921748210176,1.8102833109845995,2.1083315554627946,1.1139877218056158,2.0093903192093103,2.663674804052855,2.7937477280785448,1.3671882365530477,2.2175558950468646,2.194588590892807,3.2957181688030754,0.9096007513024862,0.0,0.8965234303550275,1.8975332967278506,1.7912666578561585,2.828246927659557,2.0467406471935634,2.262692471060596,2.4832598503911565,1.0746889460968727,1.0590020814291499,1.2868867863685451,1.8952357747431006,2.376473062309518,2.356778684305118,2.6414115284233217,2.0860650063743784,2.026180213118164,2.189606465144551,1.293565635774598,2.2464396039673127,2.5585315613556885,3.1173163073383168,2.504644828535416,2.9677952719755494,3.6550933069653047,3.8918344012417876,1.0662146637423486,1.7665825794059304,2.310153721414321,0.9744590856190737,0.7173225615040798,2.8304422024518394,3.21519499960773,3.1193880004294536,3.4279723889612543,3.341307815971781,2.6740318713349662,2.8298326755602785,2.4744687735137245,2.291474019998321,2.5593137880405625,2.7612803453810906,2.8657863178101186,2.8172749522156946,2.827418945964347,3.17459768377626,2.8295353135533077,2.829335050630859,3.166073214191857,3.6205434501007625,3.538711248095696,1.744544769363488,2.975027243718057,2.4846307912505665,2.6631817701341363,2.677586017133636,2.554152104219649,2.8722640774861583,2.8559423254201435,2.1591630480151225,2.4756418811591585,2.6316086521483637,2.279190695159697,1.8219885268456202,2.1703913844568734,3.222991029322793,1.6064795904795914,3.0333663077844317,2.213681327099725,2.3653968552073774,2.149169893637753,2.4219559377041753,3.08171692465151,2.280064507725515,3.137234722616258,3.534155747987081,1.7721108741713676,2.8224035922412427,2.557060359278781,2.7297357791448023,2.3256288275664883,2.9252461069649183,2.61697560155665,2.6413208016699983,2.680129454016192,1.9749466078743976,1.8584045369661542,2.1481047554816444,2.7365830350225306,2.327572309325598,1.9082507126934223,2.9223601131268517,2.0418205285670283,2.7376714946565146,3.478879291260349,2.327756031648383,1.4735945925914558,2.1794973607306334,3.152333090631327,3.0098112688011014,3.4769446000213797,2.643379762729438,3.035675231125034,2.8515720763208563,2.66336538798757,1.578584833563708,3.458127760492087,2.275932325368614,2.7972222187045843,3.4011702390407144,2.7108520571093466,2.781185180171157,4.3373384188287725,2.5097247115489565
religious followers,1.5429930201650237,1.574344424355905,2.188956719782143,2.8775913915993945,1.7435342312290543,2.148469493599621,1.768118747929648,2.0928138451948834,2.704720983752543,2.402726541231744,2.7143766253567554,2.5555118957900342,2.8802356140724883,2.294618207982807,2.7117719935875866,2.4750463525172415,2.5597206752144617,2.7240504080719767,1.4895571361748001,1.1957350627098875,1.807720207871642,2.4929421814232544,1.7835620822201765,1.8942376558900347,1.5190137374496626,1.988997274793573,1.4324481609575705,1.7827830941006615,1.5294883360112752,2.345165403418729,2.5004673813017346,1.7275820103519977,2.3785629859738604,1.9589017350249531,1.3131330639052667,1.7180359638086695,1.2519722237314035,1.6788494298706458,2.542371790116458,2.8213553890957184,1.7981074735663984,2.545863238801394,2.353649098687869,3.18058522540551,0.7738885236633075,0.8965234303550275,0.0,1.4601136400093007,1.5241958776845101,2.167331999326381,1.5051848423789516,2.3878724799284705,2.8367491914083915,1.2973373904986882,1.225613959762239,0.9228602575345668,1.9596945894941575,2.672699739463801,1.5142059884505492,1.7920370636094825,1.6641166570361634,2.3282539733919543,2.5812848841611897,1.2177921422192337,2.657452638279788,2.916760559045415,2.231729828044458,2.5384771024534287,2.196439058300736,2.789723880735327,3.0474969921810864,0.2787815798072184,1.0311882343586205,2.7722484037395594,0.7034254088133954,0.9609738880942807,2.4830202023975105,3.174040813245119,3.0038496996624087,3.2876544272622708,2.7298005391211486,2.052867809331951,2.4608800414190783,2.3717676138506283,2.313192445372302,2.5349185376280436,2.635191930987767,2.8378296422686917,2.6070192486818273,2.7150499322938444,2.852217177269296,2.525086527517726,3.1908234977392276,3.227875100491037,3.593637211794283,3.3738998242050626,1.8455000539174335,2.704473970512163,2.308574530763883,2.61490813259744,2.5909659505728713,2.477049919687233,2.739706512206057,2.8509304554627697,2.3256945821685786,2.419839621758026,2.5337489684326493,2.2360361910272255,1.9333065037428414,2.196167318115308,3.3090539592273975,2.0038031852430347,2.8302398653712086,2.4920173571052247,2.333509487716441,2.422982266134078,2.566809721614797,2.9095310809003543,2.045643608573614,3.0499129803594855,3.3412850917467174,1.9753753418424878,2.557587533369012,2.521153301513247,2.584980057505913,2.16257596159552,2.566735753350708,2.2059974265135525,2.2872857118285363,2.4239915061827837,2.1438910918842646,2.2207036651237573,2.3371011071841825,2.7453558413878323,2.4962671459237047,2.599887974027473,2.230374011823597,1.7290273636538844,2.468357123801402,2.7946180423390405,2.0031558381569083,1.5939248170877045,1.82628636818625,3.0389959889564113,2.932588968791161,3.432528461604295,2.306383321596071,2.8455335164736733,2.0570097229346826,2.731808966593516,1.501788330329969,2.6554497201733853,1.958769619671349,2.25133897198519,3.3679785022978894,2.0604544076615214,2.521447555859572,3.577594663278276,1.9790835902248862
reader and writer,1.785408776046868,1.9277912622486755,2.2824791967153835,2.6802870068288436,2.0968322693231096,3.018311115419159,2.843677647184298,0.8811670274999611,2.7233888484608855,2.5279649488690947,2.46976394783516,2.0926706551081917,2.2800341308157632,1.5884887895538042,3.158095871200464,3.3295799508726898,3.2714884084507525,3.8617064181366554,1.6357532049539634,1.4779254636519106,2.5646339381559637,2.384421213709577,3.048295958648477,1.9073608065240413,2.283173941142015,2.619449490292305,1.7793952562510573,2.6922751242384644,2.2820070284193417,3.391497361471612,2.4699062865595693,2.4300022638521255,3.518818314647374,2.3033230520122276,2.249930891728644,0.8416594782955389,1.3838249699842509,0.5096386072749999,1.9319607558873093,2.8989622286943946,2.579513538147154,2.813340638254293,2.531223653733086,2.7159248456957084,1.7165262028069674,1.8975332967278506,1.4601136400093007,0.0,1.2796916638734608,2.2440116463714403,0.514323881297984,2.1428255012043476,3.0976521059702873,2.548552801947259,1.367516472139586,1.0804286283597264,1.896783898101423,2.8440096424369528,1.6686949503797075,1.8455999975442834,2.182808279805253,2.5280483583792566,2.830053530668958,1.1106266715654027,3.618774229300611,3.9790330898263826,2.1557890594091664,3.7062352844454023,2.2574572912971282,2.5703009301321424,2.8388300001668734,1.4436683821129705,1.7851241953749442,3.826506820715653,1.6423863078906422,1.8809986339167004,2.819700200120225,3.4483269607153226,3.27433904119352,3.4330313750978116,2.639853716857318,2.2211762301222375,2.8276542872256916,3.6742217730562596,1.5125462685342823,1.9235504551779135,1.8819765446487677,2.3886003239604316,1.8156026539944274,1.9342284155102725,1.4200400583308652,1.1778199012733759,3.660682665142608,3.284960130482343,3.1709405635551327,2.6960145302230534,1.3028510046620274,1.4883503681696924,0.9934380673761366,1.7130084553252731,1.433363772628657,1.6275758175170933,2.1660515180363036,2.420471144687758,1.8723687054576263,1.8616464094366996,2.1339539210509746,1.9188034109771004,1.8102575098628668,1.9906190771047862,3.0997297901492114,2.3283474059008618,1.9593774489102642,2.205009617997059,1.2442930788701045,2.30045126486867,2.1092042797855592,1.9033354185446043,1.6461686396873583,3.569102125956526,3.8137297125825214,2.069030499831613,2.944718914734715,2.0641866462870406,1.6044695674614886,1.5193001777463209,2.7929001743482353,2.5196051864775004,2.8257231702050265,2.755772432889557,2.2032150456848645,2.3352486141830084,2.749252843886704,2.3496147408881782,3.040218020889855,3.3431413472219806,2.151302421096615,2.6844019422041208,2.448205400713232,2.5299853783011415,2.9892970633256533,2.4047552244251085,2.3178302294619315,3.2834923638261566,3.263220742970313,3.9663735879140214,2.7071104740816576,3.0304099578754444,2.029079017919954,3.6537570546104154,2.398568491864115,2.256189798643575,2.6074331578060903,2.2607137318737873,3.542608745438941,2.2405681217299986,3.0296124456501503,3.4483155391725586,2.3683222585215042
reviewer and writer,2.532290598214855,2.6253383687943628,2.2968290844318413,2.8524474782700437,2.732711223889439,2.917473175891746,2.8553673142191895,1.3655316772366146,1.5941493855215811,2.4399936882936735,2.0076964996947035,1.8716726621114246,1.5224807704661458,1.8762881239111775,3.078236933271398,3.244430342959583,2.9541443141578836,3.377391355882213,2.143169729180143,1.9609525767664808,1.9618811099306708,2.9414246358322713,2.6117969623026602,2.701368614936181,2.6767584260035564,2.873987168633262,2.090074439942092,2.8567647813277652,2.4282854923043167,2.966408470729959,2.1401526712902648,2.7769539492688162,3.1546792135132984,2.983000935785641,2.3523787701244485,1.0402541975454758,0.9048732046753932,1.1121360434061214,1.0625336824895508,1.716048782417636,2.260415225536593,2.702220516081527,2.579441644605395,1.7867814463920606,1.7465047766349262,1.7912666578561585,1.5241958776845101,1.2796916638734608,0.0,1.6660840245616877,1.5302227365706322,1.8989236406304588,2.039470391466755,2.166570757005319,1.2652671008352077,1.3691635607029569,1.1446072226589201,1.9340977901478338,2.2063132183652585,1.9862779221643678,2.394078552572904,1.5057014518274625,1.821025575845848,0.8878823689876713,3.5160214226721775,3.2622605196880285,2.4284252485566453,3.384220736415249,1.9503642720301433,2.8039033412615857,2.8741810543459927,1.5965927323742153,1.8668288697221675,3.5823543752453357,1.3927137017074955,2.0024844121339465,2.772775299245002,3.3532027887313913,3.1600607972935975,2.9305880893711302,2.3374748736040556,2.3619840567608548,2.8839238797130755,3.0469251395188213,2.328709274247335,2.919641794961894,3.029575719384834,3.4344654384832425,3.0191080537391874,3.083770078456984,2.0373940299175306,2.2675830883740744,3.8136191727731914,3.6942431403768636,3.693056829278164,3.5556087105904672,1.5533939642499304,2.675084268052518,1.6248265874435042,1.3394952470665717,1.5505560137169039,2.639939295035077,3.3293471808857125,2.5054500861194167,1.9562557835382226,2.4322903447808284,2.932744528561065,2.879960789544163,2.4450976774348887,2.8188082630872944,2.8925661597627355,2.466377467330705,1.4206708687225302,1.954165145986847,1.4689049894608328,2.7826527034916855,2.2149834452827277,1.6937701295461431,1.9492708187110703,4.011586731668339,4.027932083601487,2.400824938400662,3.4894464848927176,3.1337400014550685,2.721683880670225,2.4249362180449094,2.7109848883846515,2.6386083342324644,3.249696316819795,2.878865116173773,2.88033845934015,2.213663584405196,2.7227097200228725,2.019149336883811,3.447598357987358,2.794078170727,2.1906593755459136,2.9983375362944966,3.4527638553291378,2.368314268796237,2.8487702541809123,2.6318249042284436,3.0110378853375503,3.1177510874394354,3.1224396861113815,4.261688722457646,2.538113093522548,2.9025343522229634,2.5313533053611272,3.400457994770317,2.7947518759431857,2.399453142424833,2.332016228131232,2.2196154255119835,3.9217881952759037,2.3660127202927903,3.496989397255823,3.1871035008229733,3.1237438551180805
sugar daddy and sugar baby,2.7593255399024055,2.8557106439976176,1.3743434465575919,1.6404956573979417,2.8910216897514123,2.5664683862998974,3.2618177005546056,2.021740277723419,2.618434899166916,3.3974567387220898,3.2390889950508495,3.0643541107451227,2.314313777810413,1.7021174829429748,3.281867301372771,3.422342875840431,3.322373796421022,4.068884380127032,3.2012769939999854,3.0071629254688967,2.7419926819041844,2.213736455619996,2.67834664967509,2.5399694956459755,2.781219842911902,3.504853494729247,2.337987358303407,3.2500511997271415,2.9992238748011943,3.5837562600665493,0.8552395442545379,3.1488088923723803,3.3896495907090536,3.0431281334572886,2.716312662789867,1.8428624766865818,2.2932333523541124,2.1833323062667453,2.132367349495997,2.270637499491017,3.181610062747098,3.581914644702367,3.258226479184776,2.2986493482727353,2.454599386199373,2.828246927659557,2.167331999326381,2.2440116463714403,1.6660840245616877,0.0,2.267359197831613,3.1408137341116276,3.2255327373971014,2.815593886131188,2.6973529123295035,2.3842199196953016,2.577472074265791,3.1870990290122503,2.158747224434273,1.5520471765920243,2.943447823106424,2.7846471681377625,3.119744967112101,2.3504976594042146,4.074752144891988,3.853928708373312,1.6156326682052837,3.711941651551482,0.931810798222623,1.681149082846651,1.5585548493096415,2.20270467820197,2.110438983589046,4.1131313156557345,1.9935465447966119,2.977808436359305,3.1324997880077876,4.104291957914472,3.8249817852736676,3.447038834575996,1.9577211825277916,2.381010521729728,3.195133802871568,3.003627902708716,3.662764123519307,4.068465199605525,4.055864305114783,4.480010569224,3.9368578683142283,4.119174183889978,2.8992371447950314,3.1227395159408418,4.550475324088583,4.136016595983164,4.16496816483079,4.045605244533629,3.0743800951497655,3.53028457134326,2.868673061102124,2.7509325518213763,2.898171209730925,3.8231375723814334,4.262832221906146,3.710488430923604,3.478775821518285,3.6613723553311175,3.960577083327212,3.933902504388304,3.6092834201683552,3.9608013987628072,4.041716569386216,3.7828268110052297,2.461976830642166,3.503421483857124,2.9182694624879475,3.9053045674917612,3.69712607193508,2.6971800352833295,2.980857834922373,4.227992814617281,3.9944684815936724,3.663651157092171,3.725935645014053,4.180103143642934,3.815775682442864,3.5338787601630974,3.039246229444149,2.9936555934916163,3.6058626684978194,3.45572549311354,4.0480729944635,3.635322449214304,3.7164870947111273,3.3361067158231097,3.9897526167399024,4.031954730596752,1.8988486142818908,3.374235521080573,4.062185267505433,1.748047413542198,2.6311757802293188,3.5319279238513204,3.5311625555526516,3.7818896648967693,3.8255173077672606,4.500226470227702,2.89149356029525,3.510936635016495,2.301566581173256,3.848803305597768,3.4976016201327265,1.6058938698816287,2.759124634888738,2.343035231295755,4.290753880677945,2.3173828779799734,3.97823123780802,1.6797941889378136,3.4415532442258536
director and performer,1.6123668600397882,1.8984064748296703,2.226753508440997,2.5298260088020394,1.9501557438997492,2.88510855305257,2.6566682284526406,0.9591471252490539,3.074390668911505,2.9848214685188803,2.8914246533668475,2.5399871881149987,2.571089209234675,1.3353913780435742,3.310613456667872,3.4543610148491455,3.5082476967631187,4.097963331782092,1.8163421001438187,1.4579779483565873,2.8867426814255377,2.123499594876536,2.9336247654651753,1.594522326872562,1.978166629211218,2.587353506748304,1.751516673522314,2.5141309759313684,2.25917172306506,3.2766524230303133,2.5181080522023755,2.380174362915346,3.3353029550060165,2.046078298578,2.125430601376134,1.0878285106260757,1.6397864678316776,0.9786512569062127,2.210155624585256,3.2055194142177337,2.914218638413887,3.2485497416039353,2.926543209115008,2.9485259331886056,1.6728472931761917,2.0467406471935634,1.5051848423789516,0.514323881297984,1.5302227365706322,2.267359197831613,0.0,2.6062389610647125,3.3865130447276885,2.5357989295382044,1.6161619292197429,1.301254234893928,2.1926806267717667,3.1768927752863214,1.4592845928882479,1.7228452426248262,2.1577647019943678,2.8602156207035394,3.1096188654607912,1.3105502970689555,3.882210853581587,3.959926498205661,1.9708224331247712,3.5337179852970184,2.2494542826040043,2.397662734713392,2.6876656381113446,1.4277263549261272,1.6605561649289855,4.075333190419433,1.789915159251063,1.86107011418576,3.000516596792453,3.68261928088177,3.502850118328553,3.7264187758994125,2.8025922712763665,2.3543683751789772,3.004509809350592,3.6438342173084597,1.5949655866819075,2.0326370237658193,1.9025265403802807,2.4307507562449495,1.7204021588225389,1.9670825481079628,1.5765173003265265,1.2740883716302378,4.017310456515992,3.5856193261920373,3.4741219542568236,2.880110458940447,1.4960804305193793,1.585183805721916,1.2342707372583748,2.0300041209754798,1.7198370732749548,1.7344544340783243,2.1462238380495755,2.730266804753669,2.1244222518273963,2.074155968270139,2.327967376437846,1.7971025527943814,1.6806012063089442,1.9487619417971689,3.4236469929577185,2.3327401220465345,2.140877143605849,2.319565971186498,1.605322735049429,2.690809748560349,2.273172146560325,2.008299332434502,1.9116113471108338,3.786826669160126,4.085572537378467,2.29235851896609,2.5930909213686455,2.0349006531053466,1.6747120467402066,1.6328402819417407,3.013384781545853,2.686973941688178,2.9036453797175232,2.9166235262955973,2.1422262485350503,2.3655908668701593,2.5574394533035383,2.5448826246348775,3.2573720486398705,3.482548973818341,2.294543757788674,2.4387030751316043,2.155313991278628,2.670816508649068,3.1565623414299946,2.2915413465695864,2.2764073487437337,3.5245837288611606,3.4893229075711436,4.242087266154933,2.9081415971039286,3.2696894970898875,1.9962394922801858,3.4246856803816725,2.2694659008381524,2.25029126617473,2.7114876191267108,2.4541063156749034,3.883271089574909,2.3484952675328934,3.090597412760453,3.3046847486622224,2.149130070138389
psychologist and client,3.0633205577040767,2.8700837864410857,3.256846196165467,4.05605555947213,3.1517905882096633,4.263985847445418,3.6394783283537127,2.608112111284922,1.861154582545308,1.481019534596614,0.6517495435661023,0.5079852883112301,2.5578451317789286,3.44946247984958,3.814351172418028,3.8342782650275504,3.3589213201376062,3.1578005321524962,1.8621605770320548,2.366596033027309,2.0555633287725192,4.0209387920798,3.7828875969781355,3.648016444950465,3.659555677373898,2.8896476672334237,2.5410372937212236,3.456137507177134,2.657695942033175,3.919861730185037,3.2044584659174644,2.936562858688596,4.283203948972962,3.5979033448893083,3.003017774416761,2.3273938234141274,1.9528920509486647,1.8986001656808251,2.23462560647344,2.449998767067554,1.7322988351868305,1.8283666437341641,2.2286235276611994,2.9596535505886234,2.850576789563704,2.262692471060596,2.3878724799284705,2.1428255012043476,1.8989236406304588,3.1408137341116276,2.6062389610647125,0.0,2.1619123452579254,3.0765404843477313,1.6043019299776609,1.717647198221165,1.3602749064496888,1.5870455524688918,3.0555948641284463,3.004449588352809,2.597820685566581,1.6705005685334644,2.079513691008056,1.821973990696295,3.1608347956150076,4.137123407872368,3.5415753172296425,4.377897787195644,3.071532312012332,4.009550356295126,4.154679780092943,2.459202848010002,2.773733403886832,3.3466719589663385,2.376049222878282,2.688120901249862,2.2664301554157014,2.307812288519371,2.2246313712511054,2.09188709118763,2.616554350036407,2.37628169668105,2.3569675727300843,3.8885605512397374,2.4517400995784233,2.5974172949407888,2.9685121162457873,3.1024286426004517,3.2480180544841386,2.997880938096213,2.697003102485334,2.805880930872747,2.9270432356512015,3.4290668382196414,3.573742733931369,3.688059355382809,1.91400287210417,2.911418465956523,2.2314783191938834,1.862828486093915,2.1234191075920292,2.5015159677919416,3.262609101575212,1.4119126722839375,1.6247584736905711,1.8480419317930963,2.2060782564334254,3.1557251798982753,3.081034329906008,2.864210109263831,1.614099761730851,2.7610389501508186,2.4566980830188903,2.4349698089496314,1.7943558425811617,1.841941032736037,2.054901997783842,2.90290725713193,1.4580913517803007,3.5797323960654013,3.5156456933981217,1.7540235432910722,4.704181056294817,3.137551559296843,2.707899598139023,2.233431713613698,2.127218010876015,2.2232735072192473,2.8823260516350393,2.270280437358485,3.03357082708037,2.6895893450850226,3.743070217875029,1.9345688103776897,3.2559734177621276,2.930897820041965,2.4898617152591918,3.7770471000594728,4.025949562588593,2.840012092496872,3.0690825340803274,3.1477419238968354,3.0254151084641925,2.1654039636431603,2.203910200838869,3.4914411610643534,2.106048426428236,2.0396735460646886,2.974148066672164,4.594698666560094,3.2461070591602823,3.2469083169780024,2.3547099323836798,2.1196938164837316,3.1036902242778956,2.473971445566194,3.042377503569229,4.695671129967405,3.5440876532552745
judge and contestant,4.0767701671686,4.072296994820268,3.9309362259367546,4.6932929409112685,4.162317063326941,4.155583849632717,3.5774007823045384,3.30162409712742,1.0089104279254912,2.823654283742003,1.8908783272478562,2.292361891338759,2.4436205898646675,3.8485146076857384,4.023137446201116,4.024705794145478,3.441344988415722,2.897047739549466,3.076403015711176,3.0432923138588,2.116235793015075,4.841076846994356,3.218878726372394,4.523245733025126,4.044184434414625,3.5779951722583436,3.438395712663473,3.709312807324825,3.2509520595198866,3.0381685388018242,3.6806711561715235,3.776551402011626,3.546695220191091,4.475871613996828,3.350737532405134,2.961488559414912,2.0502409646006687,2.8977318446993965,2.1176394388382684,1.6298325693534286,2.3451759797183476,2.9897895003195996,3.3426688659399155,2.4654050107761956,2.9501157262845914,2.4832598503911565,2.8367491914083915,3.0976521059702873,2.039470391466755,3.2255327373971014,3.3865130447276885,2.1619123452579254,0.0,2.6354809216357107,2.110722797596369,2.6741503729111775,1.3979323530742804,0.6918034786931818,3.8816693061372933,3.6583039099838732,3.32092764556773,0.6775217348022259,0.38428507192926464,2.144339681143388,3.7066161050231954,2.7739027464168378,4.236992469729875,3.6559549184992473,3.4872487121516516,4.671468081413248,4.653172505977695,2.9384744037583266,3.1901678071849187,3.595226189257956,2.6438839713819586,2.8598981035423408,3.3600833268115005,3.340303937516815,3.270089841300715,2.781803934037094,3.4375157926297404,3.566529865401349,3.567257012672049,3.1778996793595744,3.420353225754143,4.019742646450436,4.344839192487555,4.535607993126573,4.48159801953366,4.392716460804561,3.6595101848953755,3.969780014897083,4.121965565235491,4.691516538342455,4.896006518532331,5.069521651181871,2.485696604008294,4.293213363601736,3.111038995042227,2.2417215368262964,2.767833631186767,3.837266456442721,4.652003503910585,2.8282308542658243,2.377907132938638,3.254715975911639,3.886592057262998,4.074680543811048,3.5114908106180507,3.816739459996478,2.6618517632759886,2.829492393990507,2.475505306082386,2.128093732403338,2.649802402763193,3.4736327794877955,2.5785924291428706,2.955955011722201,2.8947514900191575,4.956984113450263,4.891661087759495,2.8972078136166393,4.8964782033003305,4.344404595229818,4.060806712173035,3.598367794840887,3.322885408487926,3.462829270425371,4.154724313698767,3.4462523269468495,3.7264084374868074,2.3953305193983137,3.24775261629819,2.150782021173013,4.323267093841576,1.9449279531776817,3.597177346955506,4.01349556648604,4.879898689955998,3.751015162222086,3.73197832470422,3.31303916405764,4.161804775830573,3.1831666077060246,3.1686312494992697,4.945264545795509,3.091310395734064,3.1636742203405253,4.144009404088809,3.7894022212600773,3.6893572609383893,4.137830222810625,2.82012311404583,3.288551270870485,4.74878621895837,3.5972068545158207,4.297026240136663,4.784863907510599,4.4802307143402365
man and god,2.5843688293869045,2.6726390304989622,3.12492302379132,3.809451968388117,2.698410542874769,2.16073273101657,1.4725145980088776,3.0512959759915925,2.872731877523185,3.052524925113459,3.263503044709138,3.3132541895903334,3.374112944522206,3.1366896620614857,2.966046257440096,2.550984522880361,2.6295049929346344,2.2382201603485754,2.3257089666314332,1.8601693629852498,1.9405952776290223,3.4958024695366987,0.9840496704052862,2.915312623103408,1.9854366335241127,2.401323115578139,2.4026090828057893,1.8938452865503714,2.0105796978611474,1.2293398123636718,3.338972868809739,2.3814749318683273,1.4147248759774333,2.8044955612291833,1.6952748474977337,2.654056617608655,1.7052689284582407,2.7178462331401247,3.0475633804818294,2.976919555641861,2.0659408000073216,3.101773752283336,3.0593458615171696,3.533651719470903,1.0838699389166992,1.0746889460968727,1.2973373904986882,2.5485528019472588,2.166570757005319,2.815593886131188,2.5357989295382044,3.0765404843477313,2.6354809216357107,0.0,1.7744837171286683,1.965814287585147,2.3265515697724104,2.7124607260392564,2.556531993623347,2.7454050854032426,2.285810844367994,2.3680900997463756,2.3850072970598237,1.826826703764238,2.7426807098418124,1.6763565030347993,3.2049162758072183,1.5232490635421867,3.0022999866334765,3.738806459470252,3.903653610898434,1.376373645871799,1.7637822166027062,2.6451468644157723,1.3869039769342926,1.0473300768965135,3.182692947049499,3.6367366395247656,3.521966836422346,3.7634926216176408,3.5915329717011897,3.0530827274588246,3.221131478647057,1.624552878492381,3.025978551490831,3.4008230305300096,3.560769195088559,3.667842572522671,3.5282313832977827,3.641262377817583,3.81188374286026,3.564083142276727,3.661498182344117,3.9978378347035477,4.490164908751498,4.384978148737829,2.403187539536409,3.783163933676427,3.170236403435602,3.224066666246445,3.3182942037437884,3.3664659760626217,3.6484543588457363,3.53734902522239,2.821300524654317,3.2252997724108354,3.462777692047814,2.887752308717914,2.289050729995607,2.8025788979675337,3.800939615015058,1.920974235998577,3.3874943282471675,2.5601865621336723,3.097908793537961,3.214153879811904,2.9693395164944114,3.463745290893726,2.947353486186222,3.8120605092318076,4.141972594363146,2.5425393631864104,2.7047317254613055,3.3049855036813973,3.5333937310561008,3.086302119292424,3.3290262415530423,3.0385163142814497,3.0724767157226873,3.0999389327240827,2.5160936003429684,2.077132468367418,1.8586541602914126,3.1218875785305378,3.077824749267301,1.8347514302668464,3.2807193988288605,1.7692560535059945,3.1008460008454515,3.76977927250963,2.556836393830875,1.4842518099504571,2.6430755655853138,3.552651349412762,3.3952824475455,4.147796779152027,2.9744171181875205,3.4585539264293503,3.1943706873555695,1.7778368898584027,1.6858928968736755,3.7111269565677207,2.3719921633752046,3.192594303266877,4.2436760383608725,3.0468573137417563,3.2114375510744497,4.192715052094907,2.7500674182435407
university student and administrator,2.193226529554532,2.238158067900629,2.864905281107959,3.6028725855309913,2.3648526273907313,3.1909306592781577,2.3010191792283745,2.0267263329272134,2.1384888365582535,2.1446480086944972,1.8350330778553596,1.7528211712889783,2.523925425776506,2.6434266114280764,3.2911209185518073,3.2174118119251425,3.0165799742985966,2.855171656093406,1.1597889630838092,1.0306449157614341,1.8773552825620552,3.3293568134645883,2.5526367693025196,2.7275546359280765,2.385756326963257,2.0759624366146925,1.8721968525341313,2.2592571922083513,1.7596592070522028,2.543012518578557,3.0305826315932336,2.168620606136792,2.912095644804795,2.6554946029142847,1.8813300540937843,1.7411591654270262,0.9344482698543459,1.445626352031879,2.0741188560800543,2.568686618880099,1.6999255480908293,2.391558376646064,2.472394436024281,2.8829739553028495,1.488429041479992,1.0590020814291499,1.225613959762239,1.367516472139586,1.2652671008352077,2.6973529123295035,1.6161619292197429,1.6043019299776609,2.110722797596369,1.7744837171286683,0.0,0.8006038509913275,1.0623718406954537,1.840011969646151,2.21316523880185,2.3818993170308125,1.8055800967369813,1.6408234493321339,1.829743547735007,0.5053418609503955,3.0205273926342464,3.0102943141960754,2.9468795153937903,3.0099720109618615,2.715442074751177,3.512590892951682,3.7108355632685717,1.2522823519167459,1.70990879376316,3.136634035321283,1.4490162843986505,1.1993111182770533,2.4553687835581566,2.74064147055337,2.6402204124590596,2.869351952623675,2.8768705066607363,2.360665986714599,2.5324959846035666,2.9774658724844194,1.613116026017604,2.076750886831332,2.348644298478137,2.5488208317726957,2.462110566305844,2.4140296845350404,2.4470745111666514,2.3215859025903556,3.265295914333914,3.5510142610043283,3.754812042617438,3.5602231486532263,0.8490064667199185,2.5109450340688197,1.7226962266394814,1.782159069598056,1.8502078549686987,1.9397859523947625,2.6056305950143495,1.9498833861959182,1.1717244794853172,1.6407074412453377,2.0978019081798798,2.0450499969116787,1.6813055413109266,1.8280928674437018,2.402816432643397,1.3872164183510425,2.2143302434750405,1.464309439090346,1.5246840205488312,2.072334137741279,1.4658247317754385,2.406810631613125,1.4517661422465904,3.627008056267324,3.894051447423438,1.2532267409176205,3.28382728438488,2.3073764769807035,2.158140575246072,1.6672809379191555,2.506562147561644,2.2879926482285904,2.621043428628591,2.298366364059024,1.8210081177646644,1.3870071267043103,2.181048614522996,1.7384726998132203,2.9723672283805556,2.0426326315325576,2.5624856525020943,2.4096424691557843,2.829882491689366,3.0493217131227914,2.8627653623192697,1.7058338063404497,2.2577706068869174,2.648171423152359,2.5579733977907013,3.8536896210650147,2.294575944122386,2.508299954779368,2.6253881562193238,3.0863056211435054,1.9327283463790514,3.0925241849380094,1.9972862423037976,2.3290296556280636,3.6321360082597414,2.402766637407348,2.7326993996022693,4.213769076707499,2.55402379526102
student and dorm resident assistant,1.4968342958087213,1.495457287718611,2.2303977150816743,3.0158286940729813,1.6588154977255138,3.0242947685943773,2.178656052220763,1.8583587764510163,2.512299141523566,2.1686139858153135,2.032486250471733,1.7985448793414298,2.753580096464241,2.356481299352061,3.294424900453443,3.170369063685197,3.095076550318396,3.071291122533328,0.8398285257599508,0.9046838897115995,2.05317402434932,2.6705868811719884,2.5492754341862023,2.0960141089052224,1.9615831953682936,1.7323026759346025,1.1663937897821082,1.9757762196316615,1.3666214253063043,2.837424206578747,2.5421711684231503,1.609444439149415,3.010005656317561,2.0101505819820975,1.4988359372739817,1.6245334704866854,1.3254384211862982,1.2837940721224634,2.3221120219489135,2.8310031302696124,1.7963895795161686,2.422599922603813,2.3883298745107324,3.121841725415364,1.5169746050838868,1.2868867863685451,0.9228602575345668,1.0804286283597264,1.3691635607029569,2.3842199196953016,1.301254234893928,1.717647198221165,2.674150372911177,1.9658142875851472,0.8006038509913275,0.0,1.4730770989365392,2.3221492497629797,1.5212110762898288,1.7558739015628388,1.338843713987447,2.149607365480177,2.4474953006550293,0.8918926743381749,2.995024797144594,3.419441247848935,2.3092582682829113,3.132837913717634,2.215475465277351,2.917843647567086,3.1707516774217006,0.865054902385934,1.2148783122153433,3.1832585868142336,1.349703198851743,1.3590987847241198,1.9786587543212268,2.5542418573254104,2.3932431512603887,2.726299129528905,2.372820257920585,1.6624760397891478,1.991885241009844,2.955744511068973,1.7578640634362668,1.9379471036239089,2.14779846916778,2.3501790184664095,2.238541681432592,2.2265158017327558,2.3705557511207416,2.146083622393432,3.192184728937209,3.34474760447556,3.578958910133483,3.310223795936515,1.3129453922646743,2.2729327099543934,1.8034558107768874,2.094061406185052,2.084181473133585,1.8458065539802762,2.34931055257754,1.966079038365975,1.6004635227200497,1.5569656191017824,1.7833008691027212,1.9810638190083678,1.896037246245055,1.8003129616648386,2.514203125213203,1.8644943303739299,2.426770456945303,2.1391649057070796,1.769299486385257,2.033749033602304,1.8834139309702673,2.6463810215901162,1.137743567936461,3.186616066202974,3.4085673977083237,1.3219146467173213,3.159659552109321,2.1688381462298842,2.0092319838158255,1.4320636411096481,2.0270023871024394,1.7058537119413077,2.010420014439695,1.859177494130223,1.929703530803473,2.0255447654146317,2.5803452938632,2.0601946849681094,2.7686231292953902,2.682322382244166,1.902530208498066,2.1691336478480814,2.549908574356233,2.4975714772770985,2.4266735958011263,1.789684976981527,1.6964222624815557,2.4213746416154063,2.347717985901071,3.4261272068969553,1.8506373117689194,2.208539688927735,1.8440094972305405,3.3125860461209693,1.7662139700313702,2.4794753267234753,1.6727195276440532,1.742033245604424,3.253306818424475,1.7039200689246858,2.2014577432540126,3.8222109064889285,1.985375259940939
athletic trainer and trainee,2.876564847887892,2.9158549090943997,2.938564028488154,3.731751247124715,2.9738073366485236,3.753476692603654,2.8868250542194436,2.2382009107144434,1.3851202845480743,2.3949853942343458,1.2063631032040962,1.3411262670549047,2.177117708383282,2.8649526067663156,3.825406632741024,3.8341687306893673,3.4458127991095098,3.1559265402435552,1.9189124581681114,1.931566876094638,2.0720961778160367,3.741169484389595,2.946395033820878,3.378259372015571,3.0801071643396094,2.5650588987749794,2.2522389284466167,2.8304997092627096,2.2399381736160424,2.915222269668539,2.8828293466392396,2.7172782455477344,3.308161842641382,3.304641280192739,2.4107179334165827,2.0220281134831346,1.3894407573582874,1.7831616769595555,1.6415179463771767,1.983246840187063,2.032622702160755,2.6797829751814857,2.8988546337394463,2.405616121285932,2.2841073706554815,1.8952357747431003,1.9596945894941575,1.896783898101423,1.1446072226589201,2.577472074265791,2.1926806267717667,1.3602749064496888,1.3979323530742802,2.3265515697724104,1.0623718406954537,1.4730770989365392,0.0,1.0302734508530016,2.699935410624415,2.550297742256618,2.20681856169584,1.0319623013983157,1.2514046194808286,1.042979831775435,3.5607543037376495,3.151131418663681,3.1624158309720225,3.439709302402997,2.5996611559602334,3.675281218914739,3.7414204693231237,1.9815424895714786,2.162777459174721,3.6130910537712535,2.015350020952075,2.1263764343540674,2.3935025287733946,2.578075083940342,2.454578425772957,2.2476810216298873,2.5164025815973288,2.4520639988425406,2.582350074512007,3.1164020943928468,2.2824269559222325,2.83051587896289,3.1345254192721055,3.368930586373112,3.269502758873984,3.1917724958488227,2.5655308637370493,2.8267198920538568,3.7859401164537445,4.1503946587620195,4.269180668753543,4.199989603167946,1.3895254486585376,3.109108459111453,2.000313851840705,1.391430558900597,1.8177022027834908,2.6157694275898837,3.4598262667723003,1.7336546741445855,1.2891584333122736,1.9936534324906123,2.6608959426071075,2.9696278003384484,2.6006696122650803,2.703771288803207,1.921887969584404,2.121719079619919,1.7232872937285204,1.5199451688779062,1.623594853148061,2.6976619335824084,1.5515076278821582,2.260810254201185,1.5651840583547592,4.274177475825888,4.287524986522551,1.8663758157284631,4.149719222316493,3.2088640755669284,2.8301732827293415,2.3062241033733324,2.3621022795454594,2.3979547579134026,3.111213080517926,2.4170700643152148,2.7554735361819893,1.8023349510625564,2.7600279120014317,1.164741368239312,3.759455849449106,2.2186107730064366,2.518120281961396,3.1792708139381443,3.7889210960908497,2.790705365405198,3.224967209400707,2.5409944449560347,3.0507269347111365,2.395287208047729,2.3899373436625964,4.335115043796029,2.1796629783788997,2.2725899056708587,2.940246725390692,3.5645344172213678,2.8236973006055015,3.0649520290508496,1.9576967613557403,2.1944956430644553,4.092308424587524,2.4850344217311973,3.257039519991898,4.124684348103132,3.323736840525441
researcher and research subject,3.7480880558778757,3.6997538364881577,3.682610355043235,4.524656058214915,3.8047705503490516,4.280947879467549,3.4769318153834914,3.1461337236553955,1.084542710646533,2.483622219359966,1.248872152959866,1.7032863800214812,2.533434219709086,3.7757629740326406,4.127750331440531,4.090871213331331,3.5347878954377516,2.891948176064533,2.639980118937546,2.760025148469648,2.068232469105739,4.626692756511738,3.3440782382908374,4.292946060202809,3.8873426088401546,3.1866186641652234,3.065820445158988,3.4938629387245097,2.899689684908941,3.214555312187066,3.502778140902645,3.3975907713300075,3.6985395031007924,4.168772668780827,3.112887733153098,2.839211751497536,2.0152903312331043,2.650264724693611,2.139814896267796,1.850918446958759,2.063328032093827,2.6974882025979987,3.12596047586309,2.660237327905343,2.9409929895222353,2.376473062309518,2.6726997394638015,2.8440096424369528,1.9340977901478338,3.1870990290122503,3.1768927752863214,1.5870455524688918,0.6918034786931818,2.7124607260392564,1.840011969646151,2.3221492497629797,1.0302734508530018,0.0,3.5967765518776886,3.3970101261561907,2.9295304465923677,0.715541375551499,0.8071426336745248,1.953873272084973,3.5625580681712896,3.128634250993472,4.01263310092855,3.7899029315600736,3.2905376431671147,4.4947871283462595,4.511372227064653,2.7480751575823463,2.9630083509377583,3.5286506540858618,2.5798464291561785,2.7617155818511527,2.810162099952659,2.7181355184863487,2.6543719332932048,2.1990558675492355,3.0442137044137905,3.103272913433309,3.0215396883762473,3.2706007918720466,3.1197804525421287,3.607415937141609,3.977640667056089,4.124776173793443,4.167072137976575,4.02600061744116,3.4278775575090332,3.7191079743810422,3.826781891063785,4.479774734128529,4.697380860220862,4.845125081046561,2.2364195964014617,3.982627410789362,2.880600168315397,2.0549497169153645,2.580157926184719,3.452365799110679,4.286993640915595,2.199971930778197,1.9701695598271363,2.7403465798050655,3.355360741102801,3.8066715234524677,3.3871564684533433,3.4934820811668263,1.997613147810988,2.6869452714290203,2.3971162908726056,2.0752496179324953,2.3995062153106526,3.072613725089994,2.218726434651905,2.9672927079553726,2.347287765448591,4.624138870840648,4.535155034687304,2.4263412996856317,4.923405396017867,4.016497768916243,3.696335426908914,3.1618450839005683,2.7568919381346233,2.9299791318573862,3.671197522010336,2.883784450198603,3.4750082768258084,2.33997978934401,3.3498885363322755,1.7459208290125616,4.111466838091289,2.076436337454077,3.190544365200098,3.876914936549349,4.66033241837992,3.4000488910344595,3.526858992431553,3.1665471350222503,3.774622958634927,2.5622257349953466,2.5640531630354664,4.5441266236432,2.5640180088078988,2.54543563872549,3.7580475987242923,3.9972054255088296,3.4872508254226884,3.8475790994636334,2.4060579231927357,2.7954104434344003,4.351519802458075,3.1495270973802447,3.8025392027068237,4.783096950552525,4.156815071915106
peers,0.7012879187057182,1.0645463550717558,1.348229612598632,1.9800695091689462,0.8281331618375437,2.8050803468676913,2.1366398180804516,2.1192666286049233,3.6165134528830825,3.3791253387195908,3.304924276754528,3.0058463197975085,3.527448182260094,1.9447321275296956,3.7637345122488934,3.601130410515656,3.818855080104694,4.051258518033344,1.9249572628909533,1.7217280694922994,3.1332658948183236,1.354073038759617,2.6120696743802574,0.9298908711279491,1.2385311245413246,1.9493109748282849,0.812926188362718,1.7983296862103284,1.60819974399993,3.2525448615267867,2.084346843935162,1.458082013530742,3.052057813959251,0.9317696573967251,1.3822380049686265,2.135429613195644,2.443306853926622,2.0458526333071845,3.1349091202884987,3.703241822491747,3.0039634669011646,3.587649250313644,3.324169050758147,3.790465445840867,2.0344394169096787,2.356778684305118,1.5142059884505492,1.6686949503797075,2.2063132183652585,2.158747224434273,1.4592845928882479,3.0555948641284463,3.8816693061372933,2.556531993623347,2.21316523880185,1.5212110762898288,2.699935410624415,3.5967765518776886,0.0,0.8179038635021202,1.4778217112225125,3.399596069615083,3.6863391272101715,2.06158395634656,3.827729914857347,4.024820619676838,1.12724094582434,3.2382077305537673,1.6813581537377558,1.8399154689547625,2.189022399763996,1.3107281851676782,0.9379083534914537,4.022505153063251,2.0264178142543914,2.140929235784989,2.3046143837028477,3.2836111867897397,3.0502794738314307,3.4340587121426656,2.261209021239605,1.5153817382424637,2.2406311721216197,3.09367250029543,2.630382428482774,2.6538809788632483,2.612560595367283,2.8671505974999567,2.4899577509948667,2.705869720410835,2.7955791892539947,2.5153438977181315,4.147501787429645,3.9353998685672282,4.124787374177099,3.625236831249066,2.4931382699822167,2.6257370429785016,2.567829021437334,3.0886095266706732,2.977788797009571,2.5650480893729104,2.6788514703318143,3.035506401555815,2.868463969372856,2.521093721431921,2.5161759777240182,2.436358601670258,2.5458852301654886,2.4463990216219758,3.610546859791112,2.8527305817002944,3.1012583520973815,3.2565311333870155,2.8137361995825407,3.1970164570571753,3.0050529693514596,3.244054967267864,2.0731173163691876,3.4699546245218524,3.6438100614429088,2.5544313005526624,2.820788776401427,2.654353717093827,2.5737893615690166,2.1552686240421948,2.3903870096970428,1.9565318956881692,2.033959505012758,2.305568092677362,2.630238487586674,3.0690903919975794,3.0832666224068994,3.0674294480317066,3.369205351708693,3.8457206536683635,1.6298146097598676,1.9175339591856002,2.3325329654107896,2.2025780901190757,2.5634143590090117,2.304955609213606,1.6619824365050935,3.1033900523252904,3.0538618004525335,3.8265220245678155,2.266455838642277,2.8294586546583242,0.9183663933048191,3.440416930400722,2.019766006608945,1.7592635206840974,2.066414777063622,1.8588953235068102,3.801909858151102,1.4535420241788553,2.306407297942434,3.03418348375253,1.3612051398699556
classmates,1.487766496779001,1.700927872507612,0.6913201421296234,1.5285951849545836,1.520047279565981,2.9350813952045747,2.507693377560807,2.0437805396653768,3.2869671237736355,3.465840839386629,3.14888266765559,2.884253304384381,3.2114349531499435,1.7688006955857543,3.894571610615184,3.809959028276898,3.9048664303041667,4.181856706400263,2.349660986163841,2.198296293768692,3.119468549093591,1.4143828323439611,2.6872422800136144,1.5296940325365112,1.813572673127857,2.356193739936893,1.0719343455604038,2.228825294055424,1.9495050481123495,3.419841288903608,1.3689012377892904,1.9309368586183822,3.201610544521908,1.6725533109995259,1.7379517991468938,2.0781977157822715,2.4916164365985267,2.0796003826872793,2.819785935119638,3.2968621885106595,3.1211676754102764,3.6932058789368467,3.4552110268050713,3.3795640184318017,2.337399810353462,2.6414115284233217,1.7920370636094825,1.8455999975442834,1.9862779221643678,1.5520471765920243,1.7228452426248262,3.004449588352809,3.6583039099838732,2.7454050854032426,2.3818993170308125,1.7558739015628388,2.550297742256618,3.3970101261561907,0.8179038635021202,0.0,1.7845799025321216,3.2058826344589257,3.5191722825442238,2.1407427131330734,4.079378390814233,4.053223923036114,0.7149167385219118,3.44097312786227,0.9003864837138915,1.4314309100158817,1.6269778040435217,1.6424366698827864,1.1630282427091498,4.227844648272329,2.129632088670031,2.549814023969423,2.2326858833198098,3.3003214062524893,3.0225895485870615,3.11378193054634,1.6317700267342448,1.3712199513933516,2.2409911673012686,3.023009221143868,3.0247493836550268,3.1880241659593866,3.182841739419006,3.4969984255562174,3.0799170012038615,3.2681727687921347,2.774649145824891,2.7643834086689485,4.432913985894775,4.208916156662319,4.3359898062137985,3.9494206920515373,2.6974281716618904,2.9890055497565466,2.6623039754842615,2.9207257654117558,2.9342000827435477,3.0233887684976684,3.325963158534868,3.0669224492925946,3.010810526994644,2.8068853140482593,2.9613838821966985,3.073257815815333,3.0552929710613257,3.0437863813913943,3.5410867865879405,3.2387476079127024,2.7898687808739284,3.347078086685109,2.8420033903617843,3.5412150323283402,3.16097357168865,3.069490281575999,2.171193418239612,3.839357173710075,3.7858564957910112,2.912750996464605,3.354204202230802,3.2985734394419883,3.0362639225899524,2.600048360433566,2.242046347628895,1.9911319650358486,2.4411442755112662,2.4290634989074946,3.2295078850634855,3.296212487227722,3.3954248331835517,2.9645226956363118,3.7927869195189037,3.9826348986912308,1.1871205960761995,2.4877858227697893,3.0979631692653062,1.5492476144029246,2.5948511033223536,2.8066206132522584,2.3533586950508596,3.0349948844321823,3.0442313192995134,4.095601689733715,2.1326999853747126,2.7391186603678634,0.9966852061264806,3.6719364007852042,2.6320230457721094,1.1607654726855783,1.985893473919624,1.5540849982186966,4.037339746505907,1.2696979083897166,2.7689701618454867,2.4324497773322737,2.140086313626752
bride and bridesmaid,1.3718967255771481,1.4840725456937625,2.3228976571871374,3.2832595978195407,1.1971010662010917,3.5507310116383275,1.635627641070829,2.8696268857324116,3.3822194361627407,3.2056553680893916,2.7178756275913543,2.605597741076554,3.889381910959931,3.0387475114600107,4.3332927643782675,3.988864987237197,4.0597174816138235,3.4666434881945465,1.2929328586237476,1.294735334607749,2.956479236678768,2.8123163446069617,2.5847513024212123,2.265514514841698,1.6786207070024428,0.6080274281226536,0.8159853314404784,1.1271098297739124,0.3670302089903644,2.75493980429394,2.9175676747131396,0.6531767895713217,2.7984322647752964,1.5226941568687715,0.8366160864818181,2.7960966623039303,2.48982783694994,2.5024382135121033,3.3770801689631544,3.738335747100616,2.5022654428998377,3.4137440417910696,3.494226411059899,4.145244988065015,2.271354814936678,2.0860650063743784,1.6641166570361634,2.182808279805253,2.394078552572904,2.9434478231064234,2.1577647019943678,2.597820685566581,3.32092764556773,2.285810844367994,1.8055800967369813,1.338843713987447,2.20681856169584,2.9295304465923677,1.4778217112225125,1.7845799025321216,0.0,2.987637466816246,3.176812102014956,1.9189448058784724,3.5847503346848546,3.516015747116137,2.4149739592007347,2.8456880740076524,2.427037672258431,3.1717915976842814,3.4090304697743528,1.437818949794331,1.0451813831825258,3.7423154753145975,2.297643681705963,1.872631529284602,1.4734167299463297,2.0875022133262937,1.9254260177918867,2.6363294568891926,2.4535918388521822,1.5163795030514549,1.4987180291183158,2.731712743483043,2.4974069990312886,2.4635593769303274,2.7175660232161523,2.690035714930379,2.8047320648751177,2.821932473847692,3.352512624050514,3.1547956200006966,3.935729100874922,4.357799951291788,4.735184415152761,4.388536797228645,2.220057050633166,3.1882918195575285,2.8670163926374084,3.1023556679790025,3.1607035248489064,2.4947348103059,2.8105194505610043,2.2508029567944865,2.241027698012514,1.9262175269766169,2.042352328531181,2.3924174655171595,2.5009249483146907,2.0776025315578273,2.6524837685256313,2.1558595460469543,3.281812022629227,2.7953101966829106,2.894473741386854,2.9895023846039006,2.3271178941717263,3.6378262612681223,1.5230027641632702,3.6622147111179273,3.857979585563226,1.6659971167223884,3.505822586289493,2.6489548736882433,2.701427941205784,1.9030734921097545,1.7251324043304406,1.275485382309247,1.409704920607174,1.2239996972156657,2.1936931620807396,2.45010163757924,2.8007181018393466,2.378454468239588,3.5425604738556022,3.0011694651812997,2.0688667883294527,1.755055178698318,2.7029691875150763,2.7505715404746844,2.781953451102848,1.697258274382375,1.3694181765720508,2.0124343828591877,1.875200885041935,3.7669483305071823,1.4966876112359955,1.848634291549987,1.7817741831499494,3.239200366444539,1.5705274922795105,2.7570527853069624,1.0432714351492303,1.7205662567229747,3.928143337657747,1.509724751162194,1.4859320714405633,4.153122086931132,1.508813091234373
guest and host,3.582932129661778,3.5454104119842995,3.4622524156866286,4.198446207988037,3.7000493436868878,3.722271722230815,3.3541409644834967,2.7622471684948016,0.6995305108531736,2.2429547550985065,1.5587166982892586,1.8413099713126155,2.0103780290798796,3.3678616903740477,3.4874715227532413,3.528358321192644,2.955276228742345,2.703478361922769,2.6172808572809614,2.631839293367508,1.6081168013383296,4.317509656210505,3.002713775452121,3.9946911989328746,3.653283095831893,3.294489455104748,2.9963627691738832,3.4441747037722763,2.9294337313180394,3.0187873738077977,3.222119622169005,3.4006011627567205,3.457014074855027,4.030455479715309,3.0224883490938343,2.3687851119992396,1.490773790048282,2.294289389460742,1.6914501447294459,1.337705383617205,1.882677067690088,2.435274351974025,2.7170817426085407,2.156522126690757,2.4877048167137974,2.026180213118164,2.3282539733919547,2.5280483583792566,1.5057014518274625,2.7846471681377625,2.8602156207035394,1.6705005685334644,0.6775217348022259,2.3680900997463756,1.6408234493321339,2.149607365480177,1.0319623013983157,0.715541375551499,3.399596069615083,3.2058826344589257,2.987637466816246,0.0,0.5441099838496343,1.6690761887052072,3.276044744691613,2.9045584425295052,3.7547721904231546,3.5922764414735475,3.062371245459956,4.17383427136357,4.197187114441456,2.455800397193809,2.790048794278596,3.225559520549199,2.087807213240415,2.474267553541694,3.03726438214931,3.1675449708812464,3.0661343333055924,2.6468486200475994,3.050405507412672,3.105467198430217,3.2051459541645495,3.0859667085062985,3.00045329904446,3.551394106217672,3.845946449610147,4.070205584553002,3.97746251258357,3.890832454516666,3.1580872289384136,3.4054771484923045,3.6195534878402262,4.0603584303287334,4.24634841231085,4.415904151398652,2.0844255263588005,3.721369323539051,2.6130057518441685,1.8499522384176057,2.3204410106332967,3.368527026522738,4.145480272951377,2.543392621879937,2.0813096730688705,2.8685236890928683,3.430493786609589,3.644424741388749,3.129594582812383,3.4247115893988966,2.5326194060089438,2.617442470144057,2.170856172160137,1.9985755419047506,2.1601196762278496,2.9123661460678076,2.3696672017112115,2.598036236580372,2.4674298252182494,4.3766923557363056,4.3248813007623435,2.527822279336512,4.48030012792289,3.871651704105193,3.566046453752221,3.141474827945656,2.9766942480610137,3.0688082273704147,3.7331083036718287,3.126587220468488,3.3738625374000804,2.2700616812273227,3.1154409813624655,2.0460847456639955,3.7480259562269587,2.0478028230669856,3.1069531519212488,3.695195203983813,4.420803359840378,3.2988693191556515,3.2268501169393256,3.0378028190266915,3.704171877962444,2.9899968792524385,2.979231738231784,4.414664662992039,2.761991336670453,2.914724921160787,3.631298692990947,3.7246459656097732,3.3386179956698343,3.6440575093011867,2.568015045185192,2.859448816767274,4.154076445968519,3.1446560846970057,3.912334731046033,4.3999638767377585,4.042489042508646
television host and guest,3.8576891447983193,3.870488255692553,3.8272282278893455,4.556938118738057,3.9710261257922626,3.9056777810099357,3.3730288082587827,3.0552960154743443,1.0545899832983916,2.6775328041028956,1.8971561493346139,2.2335227177908914,2.2866479782459668,3.618871034085093,3.7639684814081624,3.782910229931084,3.23237971223359,2.8031098759822055,2.8566666210809477,2.7726428934345844,1.952856565902584,4.647615754033647,3.0299986615689583,4.281355914439062,3.806401875472939,3.430981348529999,3.2857108603936553,3.5235527885173767,3.0962534577832352,2.832717678750158,3.615697042248267,3.6195065104232156,3.3574364022638217,4.266353165079777,3.169863983782229,2.701928489639012,1.7266877484685945,2.6452260827595078,1.9513401891848878,1.64049669412389,2.2024211284896595,2.8479548510386343,3.1482520714503752,2.3653672715339717,2.6380156876340624,2.189606465144551,2.5812848841611897,2.8300535306689585,1.821025575845848,3.119744967112101,3.1096188654607912,2.079513691008056,0.38428507192926464,2.3850072970598237,1.829743547735007,2.4474953006550297,1.2514046194808288,0.8071426336745248,3.6863391272101715,3.5191722825442233,3.176812102014956,0.5441099838496343,0.0,1.85806244467261,3.548773475383948,2.6366128403453097,4.086296881112799,3.4694077761588726,3.4103195827792634,4.525148260870915,4.53634587902276,2.6906724647823057,3.0034155512877025,3.452528639888668,2.385644458053592,2.5531030908542056,3.3524360758824807,3.3780103546834863,3.3064651853458034,2.9322796813245144,3.4525606587445954,3.4932908983972295,3.539986717107808,3.1085784889220704,3.1236604344194214,3.7522477412163915,4.057437287525545,4.264210185639265,4.178631771938426,4.104289038550788,3.4281335449135346,3.686096639656476,3.9662594467779613,4.46818362010478,4.657525571998011,4.789657461654671,2.1881625032397483,4.010953239560979,2.839866330755181,2.05344728116808,2.525904238414166,3.5649574091812615,4.360584278536659,2.7623983756070563,2.1653144501279473,3.0682990497757765,3.6919780568870975,3.759486012290571,3.164296486554454,3.5279951992093204,2.7031727005842354,2.5319286003966592,2.3290166256729696,1.840811631803266,2.394836215101682,3.2484869497929227,2.372870084239587,2.724310105652774,2.7599076579403303,4.783073261046934,4.791655308182191,2.69371018131168,4.562145295049298,4.039953216386354,3.7813074762021204,3.3582616902411853,3.329944575270049,3.4071466756091078,4.03258249621892,3.3957515170331005,3.42045115782996,2.0968344386049735,2.936469780125465,2.070378106983644,4.079183411718784,1.7497825565097775,3.5323444397630874,3.7682476934260904,4.56331074988272,3.7275731787153807,3.620223035040703,3.0413015075500778,3.9475461983875615,3.234659233444108,3.2018562056089848,4.835415264729596,3.0902691436900365,3.196279824469182,4.004055142058386,3.5480368760734327,3.4279598500449677,4.039938553761777,2.785617471987025,3.254106409716605,4.612134479869774,3.5244972575211704,4.169357158763648,4.6890947779491805,4.251096149840224
volunteer and organizer,2.1756712721731453,2.308790957653304,2.6320057942345243,3.2816163524845896,2.380969438528351,3.0264803986090936,2.348772156091299,1.6284342166224863,2.0593583971886993,2.4092072710283405,1.9924714723704406,1.8689260816012634,2.2073905699143004,2.1995798811133627,3.25367861628229,3.276944229517727,3.092515483663776,3.173951826203354,1.4794121800338407,1.177658794427951,2.042927291976935,3.0781129726610765,2.4850510822842593,2.5579835056555984,2.3030941914790852,2.2851173969368106,1.8524104150995835,2.3301336732431572,1.9171276377196498,2.556387060231479,2.7464986613371543,2.317853692741394,2.86130428315811,2.621100147501457,1.9195419857833516,1.390815925749584,0.7816184018977562,1.1944248997436415,1.726008421187826,2.3962901507777365,2.052738310144372,2.669485166543856,2.6376103081080293,2.537109408318521,1.4142116035322596,1.293565635774598,1.2177921422192337,1.1106266715654027,0.8878823689876713,2.3504976594042146,1.3105502970689555,1.821973990696295,2.144339681143388,1.826826703764238,0.5053418609503955,0.8918926743381748,1.042979831775435,1.953873272084973,2.06158395634656,2.1407427131330734,1.9189448058784724,1.6690761887052072,1.85806244467261,0.0,3.3354412227961574,3.0374446550770027,2.6701542462986985,3.014585110237032,2.4320298081267318,3.192024180065132,3.360484270963786,1.2282788117627599,1.6119588380393737,3.4338130756138434,1.3943723479993104,1.3365733217531857,2.6179663156860715,3.0311964974546712,2.8943335468340052,2.9989604658439593,2.7359645571520232,2.3744514216606154,2.7116785501209084,2.99306255764294,1.6451604022045405,2.2540045076326143,2.4306137623093735,2.749420051883635,2.4605422417441782,2.4959957886435555,2.141218237238885,2.1223611119917556,3.6139940621776576,3.6926575435675026,3.787376578563526,3.530738601058722,0.8268522726127123,2.4129150439112004,1.467551854206841,1.520619544815877,1.5789182589812658,2.02312214513819,2.717035186456392,2.1445488263930206,1.3327877440496532,1.831070345001762,2.3513124251973725,2.131840260012484,1.6908672249695549,2.006719365020328,2.6274788636320037,1.6088554028409725,1.8262980124324484,1.4030734996783343,1.342805515714125,2.4034563374869675,1.5650045260955214,1.991201835839615,1.5751576745280396,3.8652840030391893,4.086413556226519,1.6732407386926147,3.14257431799802,2.4402414604055838,2.1804685723460078,1.7903375072416188,2.6460060319228207,2.446598745541787,2.859038144883989,2.5334167225364097,2.0273698671576246,1.4634227783580043,2.104982975063048,1.7144837473595251,3.2111562849058615,2.2952550074143008,2.453391886822436,2.4510104151707504,2.8414839299092454,2.8499730886525434,2.9633327212280647,1.8778050430475381,2.4568284104595897,2.889508141956072,2.8295331362176728,4.141256113262464,2.4439089928557816,2.7145062635551778,2.5335195851141283,3.009769554947187,2.109592111542621,2.8187691265998076,2.1194284238955277,2.3212440942926844,3.873132722109768,2.3942346591822217,3.008181075546914,3.8114977123218075,2.611109733091106
bully and victim,3.597645188330626,3.2070454585336527,4.167750982938793,4.861139508523745,3.6810204090033585,3.320750573590457,3.604359329120694,4.240732082224824,3.6469613685771596,2.026378353556943,3.632490743266546,3.621231848461902,4.271417652872748,4.663276715785042,2.5878098271365433,1.9113717025697001,1.787352880504524,1.4496060866989793,3.0115536588916605,3.2846264290505545,1.7898111579235632,4.552572334788402,3.2859774518984706,4.018491897997279,3.7346061109416544,3.592826161447033,3.538682390594563,3.695283822310351,3.345705086065014,3.7857324168998843,4.282209619686349,3.380500805132291,3.9316543455897612,3.9947323919752242,3.406421609180628,3.667740522372987,2.9404376630378666,3.5720286753259862,4.198282294424597,3.743063881217555,1.5829822598229564,1.7376500309593224,1.8666766211601677,4.6106975082591335,2.7976049555573432,2.2464396039673127,2.657452638279788,3.618774229300611,3.5160214226721775,4.074752144891988,3.882210853581587,3.1608347956150076,3.7066161050231954,2.7426807098418124,3.0205273926342464,2.995024797144594,3.5607543037376495,3.5625580681712896,3.827729914857347,4.079378390814233,3.5847503346848546,3.276044744691613,3.548773475383948,3.3354412227961574,0.0,3.8088753126559673,4.419260227829127,3.932561132092193,4.220738305797164,4.8312283319111575,5.09071394864113,2.862258660317064,3.4436306327106077,0.4926536128980489,2.421931840966744,2.8115251142591373,3.6459970746328922,3.931508974649602,3.8807378171535825,4.163454459011626,4.330016626418047,3.603170687545775,3.5194630625430894,3.366700667451659,4.0864079433241605,3.920780845870509,4.150580754153015,4.04752058853889,4.313651368342111,4.1875015126534185,4.794692113821414,4.333348033280013,1.3737131993872278,2.432830464640445,3.4572526760881823,3.9311566746606768,3.7205580595903824,4.3224750801042795,4.234816739890041,4.343909332056515,4.39072049789613,4.097860908763694,4.116199101695339,4.1371720430706915,3.9107080498825475,3.9808766859838594,3.738972499262405,3.9541575272483738,3.782920995171289,3.8399408067651204,4.294211597218241,3.5792526761246717,4.812964805583742,4.235679007919714,4.033590513623542,2.4488804123021732,4.275532047678728,4.896692106664157,3.7160921839577434,2.0554036995511806,2.400479404588861,3.151489769296926,4.245405032217117,3.9553587668351247,4.245736647843819,3.8900350966444823,3.679437772265169,3.459774200711715,3.225028487765708,3.5825649665770327,3.687764149466984,3.932051049096559,4.240016490533036,4.514184250270634,1.5385200254802198,3.259017057314613,3.884828757242823,3.5910977373479667,4.186847042813638,4.453695705063797,2.0011281831758154,3.31421438326641,3.206767730639137,3.918297136906024,3.7805296944632225,2.190579701060165,3.4672737870628776,3.8644496175375336,3.924800400641961,4.346284536983103,3.1357674874513335,4.621410801027953,3.4736942073324415,3.790369339725229,2.40232828779191,3.6809486628720887,3.4106191388603677,5.536219626227038,3.815329757241293
a person and their social media follower,4.13092673898214,4.264467000978435,4.400273995857231,5.076615764627347,4.184772855758219,3.2609623916763457,2.4570588036605225,4.32666873919157,3.378682875322767,4.2644911586450265,4.117903453153077,4.358169287067607,4.173296985763073,4.3502093863091345,4.087192838230939,3.6887916018275058,3.6240556126830876,2.7280051771146225,3.7292153606385865,3.2531045559642764,2.9608010527201203,4.926976956593954,1.762474819899037,4.453095071931853,3.3576031085962463,3.5402286432979855,3.8010658493287104,2.997319340644194,3.2454004298556396,1.0896833046320482,4.470568890007814,3.7192602757743494,1.5382244647025713,4.2525874071382574,2.9787394874806488,3.9700531585158916,2.914754622752719,4.084390344239483,3.862799020231389,3.4733234424969903,3.1892957295903104,4.279940812028276,4.3912840059520155,4.138435026908075,2.6425374867250824,2.5585315613556885,2.916760559045415,3.9790330898263826,3.2622605196880285,3.853928708373312,3.959926498205661,4.137123407872368,2.7739027464168378,1.676356503034799,3.0102943141960754,3.419441247848935,3.1511314186636805,3.128634250993472,4.024820619676838,4.053223923036114,3.516015747116137,2.9045584425295052,2.6366128403453097,3.0374446550770027,3.8088753126559673,0.0,4.536312270560617,1.5230973936878698,4.12848550722542,5.028397310215872,5.069005499536761,2.9698098640565154,3.1404379458457705,3.529534447029123,2.89238911367873,2.5316452002479215,4.277285483986048,4.481169631540231,4.414155772552703,4.472758178640154,4.667396534008956,4.383810490276035,4.3978631571171345,1.82275979547564,4.249884433793867,4.780516574764162,4.994174674531687,5.071794886398914,4.971007015546421,5.072408583278941,5.032391417994362,4.968007180952871,4.873645747861706,5.427518107126635,5.923376196344364,5.912380428829278,3.5089482020155645,5.249642180122452,4.381020201417584,4.115309308479263,4.358342712920074,4.715388743270883,5.119663217313805,4.525603039201479,3.7687324769660573,4.429552072006376,4.837812616304388,4.2307599404804135,3.495685847348141,4.088644362679803,4.555091290026039,2.799247684561317,4.168654187930394,3.1513511659221,4.214257327047414,4.591467565001599,3.808374304314151,4.31320623532083,4.181502963739204,5.296474606437518,5.538924758577495,3.7343268543748733,3.8700658885808004,4.712821676443373,4.922101386335019,4.448976759490478,4.436355750989405,4.280984251395751,4.44189604221936,4.232019921441142,3.723033674726528,2.698822468217153,2.35469430516437,3.7895417902320134,4.527218288787412,1.7884104359336588,4.589100336609623,2.9998928471317683,4.516897043875829,4.9451329931769035,3.8737586936221313,2.6521046160990003,4.144648664076857,4.418415608827988,4.25938038385695,5.518678458727149,4.050850856809537,4.4148614561586275,4.6610048127267,1.7113324231300224,3.046328828453389,4.998450061208502,3.343527363105356,4.412585429140457,5.688565716331487,4.36493967777926,4.519323362672539,5.105898343995481,4.20847768819473
childhood friends,1.7679482890671632,1.9812964917325901,0.6599917902729225,0.891786800610131,1.847781148651822,2.904612334044434,2.9786149741110166,2.177601388615205,3.772590308734857,3.8550986451812483,3.7313788912620094,3.414871561589039,3.4443196142097596,1.6525231823859536,3.9335874919267972,3.9196140526583836,4.0981060010202475,4.661799329346627,2.8942302272434537,2.721131510496731,3.546317489235436,0.8304545950751774,3.04025527949125,1.3946847183292495,2.074286894548042,2.9509583358718867,1.6669180577406044,2.731369652943325,2.567398208358573,3.901201370737261,1.3339723071880676,2.448556419735691,3.588901029906146,1.8766458721696804,2.2900476299718693,2.268093971906968,2.919727665338902,2.374954102961542,3.144838286380105,3.665910567556427,3.631378270837529,4.064936015597185,3.7005581545325033,3.600726282780453,2.672206108454922,3.1173163073383168,2.2317298280444584,2.1557890594091664,2.4284252485566453,1.6156326682052837,1.9708224331247712,3.5415753172296425,4.236992469729875,3.2049162758072183,2.9468795153937903,2.3092582682829113,3.1624158309720225,4.01263310092855,1.12724094582434,0.7149167385219118,2.4149739592007347,3.7547721904231546,4.086296881112799,2.6701542462986985,4.419260227829127,4.536312270560617,0.0,3.855043912698491,1.0876763752890992,0.7663093497879488,1.0779122923524167,2.1131497071843284,1.7335673459324177,4.582875336438986,2.478966084069711,3.016206007170972,2.829709413335537,3.9438274398235333,3.660409441892402,3.720769969877737,1.994351494244666,1.8567800660804419,2.7948259707954626,3.4580770609307794,3.425357306087803,3.5535735841842415,3.445320714486273,3.8160985554332845,3.2719919880631996,3.521763197985624,2.9208327938498075,2.8696359161310827,4.748331752887422,4.27428513920756,4.321088902270037,3.8738279229848995,3.2001512608776475,3.096559613274496,2.960224295189434,3.333910562467423,3.2685241271245395,3.378598732001141,3.552212218479907,3.666724178018803,3.591980764732571,3.3382142824541874,3.40620267341612,3.3990075456353095,3.416665628475166,3.4673170576409325,4.1810981034103625,3.78800529663791,3.14007285624952,3.8857615676482595,3.2226338774517584,3.9156317886811074,3.7441487265063267,3.2993503324657016,2.7558831721313926,3.9625166466025608,3.8925254868554386,3.5004286725645346,3.3449739655558104,3.5878697185799577,3.3187068238363424,3.0344907319343903,2.8122754098575173,2.5571970052721595,2.8829750230622335,3.0393140881759364,3.666894385800817,3.8570294832746197,3.8235682848983217,3.5881926609914383,3.976060791757353,4.586210599572105,1.5234811890896056,2.846536418894212,3.2349459768094184,1.6998394742267717,2.809089036009451,3.306827456932265,2.730118033990574,3.674708070093882,3.695111456967334,4.302538846064543,2.7459018915706737,3.3658847224925625,1.1825166238390985,4.027699006622844,3.071214538638677,0.978380029873605,2.668797182730201,2.0807101074311003,4.201164403303629,1.7575702267833195,3.2313213850541724,2.016280807776853,2.4112679813542037
pen friends,3.2766994282729778,3.504306465844129,3.8508145539578447,4.4897430737321775,3.2850002691870004,2.8404538433596715,1.32826831663899,4.149121356129857,4.081512662403689,4.520288773343944,4.449624948291241,4.548866554350762,4.62211440567355,3.9608266550478604,4.228809052375139,3.713693316052346,3.9648829469492903,3.2281445150659254,3.354604899696305,2.7603525647346236,3.3902453733831885,4.106557741708577,1.2059722126566785,3.568700691898364,2.2700994511487673,2.797641625095945,3.148091908343182,1.9465087794170668,2.5622186077278224,0.7536180412152699,4.197969529672242,2.894122946826102,0.3830967351791157,3.2122937490145573,2.134307629831653,3.8983740362497774,3.101471959089072,3.981510967600215,4.237310547893831,4.174189677334343,3.4202509012996325,4.563574829287985,4.544991377245546,4.668680126094907,2.332731945059708,2.504644828535416,2.5384771024534287,3.7062352844454023,3.384220736415249,3.711941651551482,3.533717985297018,4.377897787195644,3.6559549184992473,1.5232490635421867,3.0099720109618615,3.132837913717634,3.439709302402997,3.7899029315600736,3.2382077305537673,3.44097312786227,2.8456880740076524,3.5922764414735475,3.4694077761588726,3.014585110237032,3.932561132092193,1.5230973936878698,3.855043912698491,0.0,3.7636774514673332,4.409588176865504,4.5312486473127915,2.4814201106251557,2.4509323263850935,3.775997522435353,2.802284857572577,2.156733778157844,3.9278667814302843,4.329374782522428,4.234624241268482,4.592741164043489,4.4393620105692015,3.911483903736678,3.987101880699459,1.5922021275557574,3.991548828263972,4.359578863050789,4.494815606401891,4.526329009147347,4.401833200195292,4.589798930685978,4.912680837607788,4.685339595434068,4.974813737625762,5.381551417121111,5.905464316914058,5.674350240664707,3.477586373354606,4.890031748377297,4.305738417031639,4.3770918304257656,4.479281351663007,4.347515762785702,4.528111728842544,4.508410578386301,3.823573281827364,4.170257911112675,4.421991492143259,3.644602342680615,3.090278622837135,3.5543141468602903,4.7103386497922495,2.612961384304812,4.39132203165334,3.413889218084374,4.311652689617813,4.567934153487398,3.8163695307988856,4.4877703714014405,3.948923193382849,4.934964997471693,5.296436740145021,3.533560093626757,3.0023284640558976,4.163030546075911,4.521324648820586,4.0268329031739265,4.158175792208841,3.845317789087333,3.751559007461663,3.813021551648242,3.206017901556535,2.781967079887358,2.035339795434174,3.9292007080621043,4.3243727328565935,2.5247353091499116,4.203909944453082,1.8228024189446292,3.5992466687024964,4.672288614739533,3.611513361480545,1.9554820604598133,3.319500505906821,4.285758431679081,4.09829986922511,5.254544403512298,3.779672231121283,4.238301107032279,3.9727988148665037,0.9236885501057395,2.180395452908045,4.539965783151808,3.0019191730943886,4.091834745056291,5.539733817330449,3.868849887727049,3.798887882838674,4.742044437379032,3.1758599877115783
friends with benefits,2.3242922659340826,2.4220932569911824,0.6356534799220186,1.4011886815863777,2.3526335805035696,3.034471860750388,3.063509299514531,2.2200308506646604,2.9700532274399194,3.520780884628338,3.1393795995712286,2.932122319842629,2.907547446996048,1.92295026561782,3.8794310207040263,3.8761396469409815,3.841291326005893,4.241848708581328,2.9273654319894344,2.8322433649535115,3.056786946430128,1.8784226483198563,2.857410812050459,2.266418676765496,2.5361688291429214,3.012015922271654,1.7738170691236466,2.886525046701937,2.558926721395075,3.7050540985394638,0.5857355606080435,2.624947855269664,3.4817646941930014,2.5403316319947598,2.3580470544876975,2.178567874086983,2.625450347851432,2.306311188976714,2.591186446960396,2.8294959436893348,3.2398236302354726,3.736705963591988,3.505110830637596,2.9580932938781994,2.6976804000559382,2.9677952719755494,2.196439058300736,2.2574572912971282,1.9503642720301433,0.931810798222623,2.2494542826040043,3.0715323120123323,3.4872487121516516,3.0022999866334765,2.715442074751177,2.2154754652773514,2.5996611559602334,3.2905376431671147,1.6813581537377558,0.9003864837138915,2.427037672258431,3.062371245459956,3.4103195827792634,2.4320298081267318,4.220738305797164,4.12848550722542,1.0876763752890992,3.7636774514673332,0.0,1.4104291223410876,1.3434792072735888,2.136935802899503,1.776069759076536,4.315233187237178,2.283976940393383,3.0346454899633355,2.4929097881770708,3.5657283634507375,3.2640057652046695,3.002104728248998,1.2734171851221756,1.6890128851838642,2.550321919640903,3.0420287132524853,3.5867509953191137,3.8459562837216676,3.866613661572433,4.219611505691358,3.7834318896031602,3.941152430338776,2.9851692921018094,3.1770890988718428,4.61806289249975,4.361024842285947,4.453570693452114,4.239990913825236,3.093994388994839,3.489340806922701,2.964448550008917,2.934461390559688,3.077137727409486,3.6414481418079028,4.052755269105291,3.362607663992581,3.37014573209123,3.33768750164121,3.5785293819182753,3.8008148730730924,3.658398036093636,3.759765729564127,3.702085019146654,3.7571434872418172,2.689202680552161,3.621651678717291,3.0461977478187543,3.888205362182104,3.560391199490547,3.0673119296845934,2.5893795483042497,4.129560144473214,3.862160775454188,3.4234321631525635,3.912742058032008,4.017415443652842,3.6548183004677375,3.2442424867043105,2.4110597312493316,2.3620974937847956,3.0311337003006398,2.854288560217031,3.919749741447897,3.6914165384092255,3.852420503512171,3.1580708222003735,4.107893789016961,4.18224126035011,1.202083975942518,3.1708155618093943,3.9035182522533742,1.1201723513587534,2.6039083919336075,3.419144496969026,3.1129592240120156,3.2331340563506012,3.2923892259385936,4.308602709639056,2.3104105202501684,2.9399517001523443,1.6232596872095484,4.018384768719759,3.3125862266690507,1.0089539889939032,2.253805007577182,1.6766039151745205,4.208681686788534,1.594201054377307,3.4049719438762267,1.9123712585277353,2.998526018816646
life partners,2.430741379480525,2.6043563766700237,1.1132260332796622,0.18522147223549587,2.5493036570428065,3.0438823158307664,3.648133418715304,2.3652843995734303,4.092022193947195,4.225748681587078,4.208869223399574,3.8666140294415166,3.523981823135529,1.6874442569931476,4.004018754063875,4.115310763010061,4.296951067601031,5.153426451755351,3.5464189841944496,3.37334258890977,3.935434061430609,0.9393494625380605,3.5146006553142413,1.8304815453405796,2.69624867145839,3.710506794765352,2.407576703590167,3.4551701546133016,3.31666665870294,4.462438454195183,1.3642792226996094,3.192365434807973,4.111791078038464,2.540804630254303,3.0165877810091484,2.4851242591824287,3.329646531521306,2.705632063011031,3.335316314370726,3.8588472950886343,4.141488722530665,4.424334552036919,3.964061777450166,3.639154917593723,3.1335680975414855,3.6550933069653047,2.789723880735327,2.5703009301321424,2.8039033412615857,1.681149082846651,2.397662734713392,4.009550356295126,4.671468081413248,3.7388064594702524,3.512590892951682,2.9178436475670857,3.6752812189147384,4.4947871283462595,1.8399154689547625,1.4314309100158817,3.1717915976842814,4.17383427136357,4.525148260870915,3.192024180065132,4.8312283319111575,5.028397310215871,0.7663093497879488,4.409588176865504,1.4104291223410876,0.0,0.5179728341866008,2.718679416348023,2.4414831742651564,4.990460539487819,2.8939621305695926,3.59969696790329,3.4817560555791722,4.6108818960319224,4.31861580931879,4.250077052969705,2.3563461519922564,2.4677980169876457,3.4420658698395243,3.9648122897439286,3.927898772294873,4.087324219407427,3.9143873394698514,4.353075499567618,3.7005243106934835,3.977193486745219,3.086722229621692,3.095348214741584,5.127964576090655,4.420350201353987,4.346129453952683,3.9090429545268455,3.7197960154359064,3.3628446705564983,3.2837405328450635,3.6501868332895953,3.5569588117633693,3.8786183003893795,4.023937964105245,4.246898107893279,4.158085903171433,3.9398052399794175,4.001305263734872,3.9410739919377424,3.9301306387619332,4.073949875308929,4.762354265979546,4.413655779409986,3.3782269852006652,4.390702497065202,3.573901907213049,4.359325014096635,4.324327274832932,3.453731075333069,3.3657441434715976,4.277928643169187,4.133281226185499,4.153206711846931,3.628292854777261,4.0978598982933585,3.7651149222179305,3.6132560266653924,3.4176236651303338,3.218546287529425,3.559310244022503,3.7364562416765694,4.278365391895096,4.43631989377566,4.3539830942293225,4.140782532988387,4.310553348347931,5.167609554113389,1.9823200985969878,3.489840802986724,3.716137010595467,1.9003587599657872,3.1610287534309474,3.968230286778043,3.4001858516752406,4.319314308585452,4.363339358151099,4.661090872956764,3.3818266751379276,4.000305865029712,1.7933555501621317,4.519686632522989,3.7356894601532074,1.0734323611522116,3.3663470071868535,2.6409123544741058,4.473292094762082,2.377550058258985,3.9282408095617765,1.5045822045648523,3.072017675939649
soul mates,2.830214821010481,3.0098080127978393,1.2400077353542533,0.4109320648767119,2.924135409580205,3.232247705451447,3.8620151167617944,2.537586297729672,4.050559097793214,4.4437126901981525,4.289622925927098,3.9851930807266807,3.489526285784221,1.821290498468231,4.218247307175733,4.357950045431982,4.478969248820823,5.316501149498884,3.8487453531854015,3.661776052869869,4.072778169589536,1.4302862345766763,3.6218344164473293,2.2919665209134736,3.009645659074459,3.9692305887804644,2.6740461330438463,3.6983022641717556,3.557245932331212,4.571319763954296,1.2289295099718567,3.489935723475452,4.214212466629283,2.929992648322703,3.2515363751323187,2.6644864585711243,3.4881262248964524,2.925114854188648,3.3120525569955555,3.7666439232234286,4.338957354836609,4.6466909061040855,4.216746215143084,3.521946651962443,3.3795687710659075,3.8918344012417876,3.0474969921810864,2.8388300001668734,2.8741810543459927,1.5585548493096415,2.6876656381113446,4.154679780092943,4.653172505977695,3.903653610898434,3.7108355632685717,3.1707516774217006,3.7414204693231237,4.511372227064653,2.189022399763996,1.6269778040435217,3.4090304697743528,4.197187114441456,4.53634587902276,3.360484270963786,5.09071394864113,5.069005499536761,1.0779122923524167,4.5312486473127915,1.3434792072735888,0.5179728341866008,0.0,2.9843852895571557,2.665860293009895,5.215739335194318,3.1023990548328695,3.8602158818716905,3.6352919630447453,4.757838658397643,4.455692754596252,4.256942521729955,2.314506097549174,2.672361171273637,3.6322632207214407,4.003417852591282,4.2160594411102865,4.450788664633001,4.303529977373281,4.755661442449992,4.0980729115544205,4.366622663482825,3.256459021139589,3.4009455285032137,5.4300703121541325,4.756700669614247,4.662486177975026,4.286415867387704,3.923992218065028,3.718980121320516,3.48487625825402,3.70672426769702,3.680250184656475,4.213675177926106,4.445460348641339,4.406809613563113,4.335250829958272,4.198394905020952,4.3406109403259965,4.31082804646723,4.233332816268856,4.4196961012466,4.863990214289378,4.646295977552817,3.347187575468774,4.508365323876135,3.737348975133464,4.681880603274708,4.4918998611611505,3.479930324760515,3.5767980354037134,4.655916374653565,4.427844571823749,4.422560268779359,3.962637558118706,4.496171474194904,4.114549214590494,3.9356920189244873,3.5530035144686716,3.4275655816455446,3.883958851538092,3.9460077410970475,4.61250713125873,4.600753830904082,4.529482579483574,4.2032599785682905,4.678540754114954,5.288493395247475,2.1210379639945094,3.7864791168781102,4.145811919824515,1.860793579887478,3.3787841925277493,4.239213111783491,3.7916667998365035,4.439767286573818,4.502411978218922,4.989986929547573,3.513332653124548,4.125281568171484,2.134701068415383,4.642661401230542,4.057598063883683,1.151376224365852,3.4848938097029367,2.7669881689615288,4.804097073022381,2.5737864808800976,4.2583951448736945,1.0680905755534087,3.4725557241989633
church members,1.3372830122425172,1.4375886348876987,2.101902302485772,2.8179737920030923,1.5242174616835915,2.2740216178588533,1.598689821707305,2.097807231549179,2.836188496930246,2.590458727164089,2.755739070202435,2.588931789588333,3.0130739687922152,2.2523110435737554,2.965843195034886,2.7202762091983166,2.8347702968701203,2.9019751304849355,1.4003479261775953,1.0421061398632592,2.0491429768405935,2.3835587920604757,1.8027372886190987,1.7554887695021073,1.3074402603330977,1.779253396671446,1.2236298558533751,1.5559409413756855,1.3194564293609756,2.316273157110048,2.492170325574742,1.5177104234831238,2.3268950662926553,1.7273772573120072,1.078923842459924,1.8011015051261918,1.4166359366425267,1.727524706520472,2.6350961278981795,2.9819508525289633,1.97033765448537,2.7507611679966835,2.580022774144254,3.3034324296674944,0.9118310748405041,1.0662146637423486,0.2787815798072184,1.4436683821129705,1.5965927323742153,2.20270467820197,1.4277263549261272,2.459202848010002,2.9384744037583266,1.376373645871799,1.2522823519167459,0.865054902385934,1.9815424895714786,2.7480751575823463,1.3107281851676782,1.6424366698827864,1.437818949794331,2.455800397193809,2.6906724647823057,1.2282788117627599,2.862258660317064,2.9698098640565154,2.1131497071843284,2.4814201106251557,2.136935802899503,2.718679416348023,2.9843852895571557,0.0,0.7923970856837581,2.9852917582535397,0.9688403464061072,0.967626785792792,2.3736108262838007,3.0831916264397767,2.9095643499970434,3.2509935340938463,2.667716195397919,1.9446993327320747,2.3553057956462227,2.382356857136682,2.2473382180576618,2.4556520995178412,2.5543069663256732,2.747169434700322,2.516596119165953,2.6415653154100114,2.840707629602383,2.518656543049848,3.3728276848425613,3.425704388874991,3.7714659875642322,3.4867077648542084,1.8203756088497824,2.6840995246792434,2.3062016276290556,2.648649706184016,2.6165164025116083,2.397733626378858,2.6558462887860927,2.7815293355597666,2.2808502669144812,2.3149602075142632,2.436613318711616,2.1294665818907963,1.878693024096777,2.073661706922221,3.2605808000930394,1.941153678284421,2.836489947580345,2.4768317829555273,2.365891770559522,2.5341880733443114,2.4880955871813413,2.939045983492237,1.9452290287264895,3.165506658276906,3.4620902984290387,1.9158543187238315,2.529593218504834,2.439842702158478,2.510740708168491,2.044857110792593,2.4801558794393936,2.090172986945156,2.1577720147271395,2.292285436508484,2.0433049459295316,2.1781954147768006,2.2715539838694814,2.668221893814106,2.6740587355893624,2.6625823998063134,2.1604271206811925,1.5481242168256655,2.3391719902781727,2.74761559626878,2.1362510570009565,1.4690721220733378,1.6672599770368495,2.9522605436586913,2.8421879007112687,3.5344595861656734,2.221261812542552,2.754433980241392,1.914431989384906,2.6826404343848633,1.358058908583981,2.5795403304679048,1.8331288612115728,2.162267778265203,3.5000805872093848,1.9429799647495272,2.3767725098238244,3.5578175595062356,1.7591042870529954
fans of the same sports team,1.1901219623555948,1.4368723044150096,1.710011867449628,2.546822427577598,1.2167177429719491,2.6101200519494556,1.4182846868024335,2.321124920350225,3.1070573937893338,3.158369541545109,2.945884382133133,2.796605237063185,3.350949468555675,2.2588648433216214,3.629862630870284,3.3588407611986137,3.495784143065417,3.368279180456416,1.6865290699476372,1.3434685237743262,2.610640957372459,2.1391630547885776,1.8695991817781885,1.6735919147563076,1.0805997982575888,1.5071358399976653,0.7836299406929931,1.2012590498165423,1.024188215578933,2.404717979000051,2.258760891336456,1.2055143602594054,2.2797335406604318,1.3843391160704392,0.6531801232576543,2.188178988604177,2.0066759730787815,2.111989691482069,2.9019564790903116,3.254296918318474,2.482721496410408,3.3433156170302922,3.221592889027666,3.5578663656994878,1.5789558490110698,1.7665825794059304,1.0311882343586205,1.7851241953749442,1.8668288697221675,2.110438983589046,1.6605561649289855,2.773733403886832,3.1901678071849187,1.7637822166027062,1.70990879376316,1.2148783122153433,2.162777459174721,2.9630083509377583,0.9379083534914537,1.1630282427091498,1.0451813831825258,2.790048794278596,3.0034155512877025,1.6119588380393737,3.4436306327106077,3.1404379458457705,1.7335673459324177,2.4509323263850935,1.776069759076536,2.4414831742651564,2.665860293009895,0.7923970856837581,0.0,3.5505739480881826,1.6161384901753562,1.5486820581810368,2.077852557620187,2.920217457879654,2.7089694046871866,3.063770992566564,2.319673533718083,1.6354187474129138,2.0924796182930123,2.278918892434533,2.591011083054301,2.775834198579863,2.8746834143731,3.0480919726766977,2.817496523063404,2.974203807819908,3.0575055153269872,2.866755162560806,3.972107514554173,4.065352397157293,4.385414639833474,4.037656947789611,2.1858452890321325,3.0373548983104834,2.6302799898419016,2.897750587498993,2.925725370205798,2.7002522311852615,2.9783508740993234,2.8219460033109844,2.518163537782025,2.443375720027468,2.6123045003546044,2.467436237761623,2.328046644339548,2.358987905996935,3.2618961814052256,2.2786440868519557,2.940266462869107,2.755679315949801,2.7301301549058206,3.1246607384846836,2.645126292764748,3.17381769328561,1.9579062192588925,3.59478825358926,3.768911941782383,2.2020007800766424,2.8334413997054675,2.8061876151898653,2.8142743911779995,2.2390619709747517,2.223908729752346,1.8375039227876997,2.0214905236704,2.062081229589562,2.395654276455794,2.4641309874536885,2.4955301228420765,2.64789670788453,3.328293742892666,3.0159527204057297,1.8844180943185271,1.4870879690855294,2.5673167341483767,2.4586477065165977,2.3763267832358625,1.7004862923628818,1.7163178764891394,2.754522879950055,2.6611472729063457,3.873158849731391,1.9622162717810576,2.540232444058892,1.5852932982827572,2.7478099443908466,1.5699330475753757,2.2774540570786703,1.4714891923699354,1.8727487857421645,3.943319182994212,1.5851190691211263,2.2489888772477626,3.3001290107247945,1.6009430012451993
fans of opposing sports teams,3.8416887375043927,3.4929318423123483,4.312049271218577,5.0130292662166855,3.918699074883896,3.2766302185119835,3.610819430474602,4.412113875357495,3.600075343220832,2.287979386822505,3.761038803431576,3.80897472373855,4.3100634906721815,4.793404272640438,2.613802227628,1.893310806772047,1.7154016711622098,1.1171545187961196,3.258399943413591,3.4546263980054537,1.7513683696891493,4.7542148101327015,3.1458806591341015,4.243374589917555,3.849086499774561,3.7492632468126783,3.7279912656137215,3.772036644765289,3.4799032719460734,3.6261777563349753,4.3826011167214745,3.570598220428238,3.779569120965637,4.213782290859891,3.4984365792433367,3.8209308887903357,2.9987786462419983,3.772770827796235,4.244342775523513,3.661350299056414,1.688516919011448,2.000990130787612,2.1547180670216752,4.597997319903119,2.848405688784826,2.310153721414321,2.7722484037395594,3.8265068207156534,3.5823543752453357,4.1131313156557345,4.075333190419433,3.3466719589663385,3.595226189257956,2.6451468644157723,3.136634035321283,3.1832585868142336,3.6130910537712535,3.5286506540858618,4.022505153063251,4.227844648272329,3.7423154753145975,3.225559520549199,3.452528639888668,3.4338130756138434,0.4926536128980489,3.529534447029123,4.582875336438986,3.775997522435353,4.315233187237178,4.990460539487819,5.215739335194318,2.9852917582535397,3.5505739480881826,0.0,2.488801815283991,2.8822830061888283,3.8294495664938153,4.097566019212928,4.046682658698661,4.257950745532832,4.472344924204864,3.82201719961678,3.7323564328413257,3.1640977617842756,4.313430605816444,4.237235616173446,4.473882025160768,4.389300604238265,4.618482603551366,4.515088199965653,5.01131746410427,4.600194111521111,1.7987339524227577,2.803448890651693,3.7920429777350555,4.282808630393177,3.8654958437616465,4.636017723041431,4.43203492023098,4.4557506217523395,4.546936440559077,4.388704180541629,4.457730676090212,4.34516702804304,4.062692890310297,4.235082585638955,4.072871971222903,4.2000202255985695,3.9335531181891548,4.080217271054471,4.447428613479023,3.6500979637942157,4.890707389813099,4.277408679153016,4.208745957462722,2.8182378677946596,4.4124431860441415,4.9855788625479,3.9443340924747936,2.5032353500198723,2.7669487922402576,3.371363690343027,4.332885525358007,4.259482766909053,4.547778849680704,4.170613664312475,3.8715724937385136,3.680921139019021,3.505732050524226,3.7925218219309547,3.883869670143517,3.9595133621880882,4.214686352460124,4.60457299872999,1.948435014937475,3.1146944913352446,4.086506892608184,3.6700937664153517,4.433541867359841,4.6208055928214256,2.1316125291145496,3.386830486910413,3.488673000570885,4.07542567224577,3.9334283852707226,2.614025906735342,3.62532362014676,4.037913661651254,4.1722811957974715,4.205456661700504,3.2653603188750493,4.807668647124354,3.558248198786876,3.98573832960704,2.854222830666992,3.889776912014795,3.6902041981160734,5.583742513794015,4.05438704749365
superior and subordinate,2.1404146313055947,2.0944233624886786,2.3707298673759665,2.94824318530606,2.3601130988870005,1.8987799466350852,2.312117712735854,2.092319536355068,2.384989903012472,2.1424418306006427,2.7283137733910428,2.593206269945495,2.4881674475541002,2.342361541927397,2.130305290771739,1.99773869338699,1.9532452689224027,2.5213223336290924,1.9849419777562425,1.785354553577264,1.340777409686113,2.7467832072804934,1.8681825587748344,2.297835495108945,2.0998028819190617,2.6354388427562916,1.9943016466427796,2.4258572045186484,2.1637211433190733,2.5554407447112957,2.450539263551613,2.3693699684990044,2.607291740704618,2.579116110369933,1.952921148041464,1.5579149092605227,1.0124492574663104,1.6725588281990902,2.2743297778815816,2.3641745464156836,1.6667601475633653,2.244066004852763,1.9632447298049474,2.7801738837101473,0.8469222642100891,0.9744590856190737,0.7034254088133954,1.6423863078906422,1.3927137017074955,1.9935465447966119,1.789915159251063,2.376049222878282,2.6438839713819586,1.3869039769342926,1.4490162843986505,1.349703198851743,2.015350020952075,2.579846429156178,2.0264178142543914,2.129632088670031,2.297643681705963,2.087807213240415,2.385644458053592,1.3943723479993104,2.421931840966744,2.89238911367873,2.478966084069711,2.802284857572577,2.283976940393383,2.8939621305695926,3.1023990548328695,0.9688403464061072,1.6161384901753562,2.488801815283991,0.0,1.3554488107595646,2.865320778362879,3.5428977918934867,3.3681986870549045,3.446124998405839,2.861822777624219,2.4011118729141567,2.85191792224469,2.44750239761928,2.6463507765922385,2.9426616174241693,3.0235738808627106,3.2832162774509253,2.993809868315509,3.085431023629364,2.897834658235725,2.634467745189745,3.008125664336893,2.919834473885845,3.27521325460234,3.2287582826271883,2.081771806061169,2.881988062425379,2.395370903543199,2.559848277654261,2.57456065744559,2.850012349988289,3.1516569589648737,3.149661499672222,2.5928066042680307,2.837853614448678,2.9794188766479093,2.704313152296534,2.285860746635835,2.710070827960671,3.545770987914561,2.3914138601598087,2.7763546164426125,2.64142473353029,2.3472687904985805,2.4415193233681967,2.8881954444546394,2.8039710069953485,2.4272750734768653,3.023390304310643,3.229830754103151,2.389258214461676,2.7598108576034734,2.9437577864627245,2.9292277044662622,2.623447400326318,2.884898240326686,2.622461165609087,2.8031856018042682,2.893448516235401,2.634159314864624,2.4923052430961428,2.6292324284706683,2.9956755592281366,2.352914215137585,2.6504997236905012,2.430334864951867,2.319122519193616,2.9616974026108642,2.872045969999014,1.8609461941166336,2.1391457467598163,2.4362509191004103,3.3774110692630672,3.2969649005273682,3.424220924511742,2.6338606122950017,3.1859654979416754,2.4518245590481964,2.9508558360939716,2.106036580905131,2.7886734215218816,2.3737136962966816,2.5301914886868264,3.2595609145649402,2.4163109513650043,3.0771986375547247,3.4848181901440665,2.632855881313616
a monarch and their minister,1.9824776828840323,2.1056375043797297,3.053852072360258,3.706827686089512,2.1737130448041064,2.5103508172745768,1.509440223983343,2.5583937071639617,3.0162025327824673,2.7514087823752704,2.9728467873847375,2.8986562001102314,3.2842853785720427,2.829259857730499,3.038565293845325,2.747581042946118,2.8593535365984124,2.671781284683677,1.5313198348333907,0.9625741371484966,2.1445070399162294,3.206006848279075,1.8349676056953597,2.4265087862976116,1.6873368327824767,1.9633596032728224,2.0128129712739558,1.6847118213098606,1.6576905834193085,1.8391455262617964,3.393125029392572,1.9754012791208826,2.1006529180005664,2.294485137794556,1.4908372726077075,2.2471106834582275,1.436434309989348,2.148859047414686,2.9136430952916546,3.260305876066299,2.013571659721409,2.869972947605843,2.794457498970321,3.590601286618159,0.8134543571075126,0.7173225615040798,0.9609738880942807,1.8809986339167004,2.0024844121339465,2.9778084363593056,1.86107011418576,2.688120901249862,2.8598981035423408,1.0473300768965135,1.1993111182770533,1.3590987847241198,2.1263764343540674,2.7617155818511527,2.140929235784989,2.5498140239694234,1.872631529284602,2.4742675535416945,2.5531030908542056,1.3365733217531857,2.8115251142591378,2.5316452002479215,3.016206007170972,2.156733778157844,3.0346454899633355,3.59969696790329,3.8602158818716905,0.967626785792792,1.5486820581810368,2.8822830061888283,1.3554488107595646,0.0,2.958906943322194,3.358098359752195,3.266810372222426,3.711407548975349,3.5171433249260216,2.778362866708553,2.9621564988294615,2.517095152515447,2.0744252282801536,2.39037785649979,2.5395607730507157,2.6433709301208803,2.5246660954007436,2.6201286199508558,3.168461944399895,2.7708212097881306,3.3831835895440587,3.6190610160000993,4.002172911885656,3.720474072793791,1.6636367040378344,2.9017484866795256,2.470282044000385,2.815121375896365,2.7534037555745745,2.3784574094714426,2.624935780868862,2.9654233017373803,2.158933393843649,2.405941756551882,2.5842649175944494,1.8538352579771422,1.3463772685036641,1.7816650296462682,3.4120465409603984,1.2152350272777346,3.108658542973948,2.1064020990977483,2.474899757366538,2.5274081110638806,2.3047750524505837,3.099366358564327,2.3295304683754274,3.4944790579569136,3.984079644382954,1.788050609795814,2.363083559334547,2.2624697828821954,2.5487581337980387,2.1522412229360612,3.1080624286321794,2.722640735540906,2.6327849519771958,2.733032619532229,1.51778787025985,1.5877701264381632,1.5982638263470232,2.730761759946508,2.7117695812820646,2.028556625291783,3.066573768329146,1.4807409812838535,2.22776622851527,3.6462976056342393,2.737298806151366,0.8576680201166139,1.9565387885813799,3.320211756914145,3.1585576358347507,3.8971955993798115,2.823211836196279,3.19999547493505,2.80758896809357,2.2131467776859957,1.0517820924711858,3.498165826884942,2.3276883901408905,2.9497403523053918,3.864945394653254,2.793578019607792,2.7086680679332726,4.339974109427034,2.104321543338357
cousins,2.3276487022255896,2.1204005144864597,2.4414644646171495,3.5364382014881355,2.1023073435202555,4.330206005889414,2.9073869909680075,3.3979616126203998,3.254440187786701,2.984793337039244,2.294888445480639,2.2295531816443366,4.040180419403571,3.712211755434627,4.755774413470806,4.429524768081634,4.304194424908493,3.578332867039937,1.9711462137570541,2.447844161034536,3.0303811362811546,3.376436763023459,3.4635095104267934,3.1420564712757604,2.9429472973838133,1.7372969410868198,1.5348135699613636,2.463265039915169,1.6323027301357187,3.8027899462727106,2.8285451267329327,1.6643383310319269,3.8661035877165424,2.573652842567578,2.093661953449654,3.2714599571960923,3.0627570262669117,2.920786095427073,3.5817681727167403,3.647184073040175,2.4886688332342692,3.1985775589798755,3.458343768470685,4.274796525515618,3.2285402640054346,2.8304422024518394,2.4830202023975105,2.819700200120225,2.772775299245002,3.1324997880077876,3.000516596792453,2.2664301554157014,3.3600833268115005,3.182692947049499,2.4553687835581566,1.9786587543212268,2.3935025287733946,2.810162099952659,2.3046143837028477,2.2326858833198098,1.4734167299463297,3.03726438214931,3.3524360758824807,2.6179663156860715,3.6459970746328922,4.277285483986048,2.829709413335537,3.9278667814302843,2.4929097881770708,3.4817560555791722,3.6352919630447458,2.3736108262838007,2.077852557620187,3.8294495664938153,2.865320778362879,2.958906943322194,0.0,1.2119109161843622,0.9139048031028215,1.5057699924663108,1.8033018705646213,1.071154919216536,0.3309201380055354,3.2472410924974437,3.3255880661144066,3.1530419305972774,3.490801127885066,3.42986489721941,3.697673995803441,3.571706672430553,3.763908149636994,3.7467530862878005,3.782633751901767,4.416854346468843,4.833566571843003,4.730781775974107,2.9584216238921965,3.7607930393471483,3.4169373442745288,3.3506344918649886,3.5630343742409214,3.1981541047381095,3.6216961357052724,2.0358658307203275,2.7071054995576027,2.323321551644331,2.3624387500394133,3.5053214214584734,3.6757316874853756,3.139849521005757,2.133079352885711,3.2373963873937748,3.5694157448185324,3.531300181402953,3.289899356089941,3.098123486443198,2.9134332454890752,4.1397941492144135,1.6179822974104388,3.5876951685447116,3.3922708237382566,2.1790501022474085,4.762361317571506,3.5745718489509786,3.4055755590557877,2.5905881024360613,0.3523771295285861,0.46188895491152254,1.470591906868236,0.6142810316477321,3.3456680921008046,3.4087510862605206,4.0650992266580595,2.618698535255229,3.8338851720430243,3.612094399145698,1.6711559102696771,3.1094398372897922,3.9320777665733058,2.2779185825157087,2.6938608740558374,2.996520438757198,2.2557387830229265,0.9545337516467807,0.9743311227274525,3.3483650681633867,0.33979251104161706,0.7028081144575794,1.9702626364861247,4.454680459345425,2.8587209990347664,2.724665121400322,0.9900122205681822,1.0135946707852148,3.5538185817203574,1.1318354474778587,1.68520894263104,4.3945681829255205,2.6581199332654526
parent and infant,3.1760795440652854,2.981252096973895,3.594723492788738,4.673997489119176,2.9743696588321464,5.178743220043876,3.405729284379928,4.082749089357544,3.4783408721495874,3.204910728985836,2.195248089483226,2.310932179337225,4.520781728837258,4.576370825439508,5.39890401359551,5.051613742822109,4.821881265460984,3.6705640907738113,2.263339686372152,2.8317498517278876,3.412805599699725,4.474356585491793,4.100433541814679,4.096371426995667,3.7308431480884843,2.0810704264120456,2.4818734469142183,3.0028526461391323,2.1854756326947586,4.089778562657694,3.905291667933874,2.3577697699751163,4.349486149863672,3.426889665952726,2.77906043926335,3.9526585074080054,3.5054215925473775,3.512857837264366,4.036836867505074,4.0677428604173445,2.7003664771101334,3.412566395378853,3.8998278149224066,4.77343004220776,3.8260750903543377,3.2151949996077294,3.174040813245119,3.4483269607153226,3.3532027887313913,4.104291957914472,3.6826192808817697,2.307812288519371,3.340303937516815,3.6367366395247656,2.74064147055337,2.5542418573254104,2.578075083940342,2.7181355184863487,3.2836111867897397,3.3003214062524893,2.0875022133262937,3.1675449708812464,3.3780103546834863,3.0311964974546712,3.931508974649602,4.481169631540231,3.9438274398235333,4.329374782522428,3.5657283634507375,4.6108818960319224,4.757838658397643,3.0831916264397767,2.920217457879654,4.097566019212928,3.5428977918934867,3.358098359752195,1.2119109161843622,0.0,0.3234908375582935,1.4522022839298725,2.791732900099877,2.2231402914813896,1.3663889453693392,3.8022692134159257,3.490668337825836,3.2923690053921466,3.764682480712706,3.561545499616142,4.077865000705257,3.834634515474365,4.263822431209054,4.2750634489616095,3.931597540897384,4.9189760796986794,5.358131966591117,5.311051564483454,3.1445698526418613,4.236608759123017,3.8118746920352775,3.612465477647123,3.8781359805290796,3.393429515845225,3.91819731534184,1.753708139465592,2.62143872392123,2.321121408656775,2.446366883892405,3.7787090657332256,3.9606857859865037,3.291684960240831,1.5065417240540877,3.252317062089106,3.9624944460785763,3.5310245037621586,3.5703848419285924,3.21964311404354,2.777570136494187,4.576182169733884,1.9188147426509048,4.143438137567307,4.036129354191409,2.0962334362352295,5.438747143111818,3.8152410440015494,3.682576485643503,2.8275430766511036,1.324883193242347,1.5066879146902021,2.096744862551455,1.0471484140290317,3.466911629096202,3.408136456884372,4.306103133968977,2.525932345256282,4.290525749666308,3.457376005692562,2.778758815747926,3.6802317026783187,4.436555017525803,3.3072294197382774,3.543069890486411,3.2730284523484747,2.815313246591049,0.40704099674915634,0.30540002858237303,3.7734500779560856,1.343129740645152,0.6875118236189786,3.0682882271292544,4.846215080583417,3.2696718153787483,3.808136919147893,1.654090928098016,2.063138760549843,3.9823471595672353,2.299360280622024,2.060496389341495,5.471502249079221,3.3400541696688584
step parent and step child,2.990070805033912,2.7983243126242785,3.2937116850372945,4.377310296849075,2.7845334749530366,4.981526407044593,3.2937338270370926,3.8826073473643374,3.34158361695844,3.128548276082526,2.1190720155034453,2.2017417859421085,4.342813344628849,4.339976168351252,5.24741919958141,4.915612042130782,4.695206936468781,3.648185681195189,2.187311962597262,2.737202632224123,3.2931905371163563,4.211110613115493,3.940809706217337,3.8814955144233627,3.5575512211640383,1.9984919125792893,2.249585142698844,2.8817194826325427,2.045844693647422,4.0133628325149715,3.5999655888689586,2.2065322980363073,4.229856582137905,3.2438299541080364,2.6144544680627493,3.7571146467466385,3.368865651041746,3.3373389352428786,3.8601636293210833,3.891653162274681,2.6297543949773075,3.3452351227408355,3.785797643109813,4.583739173884862,3.682865252505381,3.1193880004294536,3.0038496996624087,3.2743390411935205,3.1600607972935975,3.8249817852736676,3.502850118328553,2.2246313712511054,3.270089841300715,3.521966836422346,2.6402204124590596,2.3932431512603887,2.454578425772957,2.6543719332932048,3.0502794738314307,3.0225895485870615,1.9254260177918867,3.0661343333055924,3.3064651853458034,2.8943335468340052,3.8807378171535825,4.414155772552703,3.660409441892402,4.234624241268482,3.2640057652046695,4.31861580931879,4.455692754596252,2.9095643499970434,2.7089694046871866,4.046682658698661,3.3681986870549045,3.266810372222426,0.9139048031028215,0.3234908375582935,0.0,1.2705198309409824,2.4766349006474955,1.9339199999342263,1.1026330935876245,3.648697290869626,3.4421707398191552,3.269821849586729,3.712427012851221,3.557212383132571,4.000378894993735,3.7851165231558768,4.102186369445179,4.132876130355867,3.914837340775872,4.813103960176714,5.235532159818092,5.18106042872733,3.0693633299271617,4.117166915462811,3.6814442229880404,3.4821744473683465,3.7520967434571455,3.3447258106185846,3.871829931839069,1.7375282744523382,2.5972532887613564,2.2908074844367943,2.426759414236763,3.7327063997485515,3.9012786640656283,3.2718698838214353,1.5569625583496862,3.249319548757083,3.7937077396555545,3.492161213140924,3.4576306620850557,3.196093609741659,2.7685129325775026,4.417676211355513,1.780811096195473,4.042608410080003,3.8923749212234107,2.107288963809918,5.301951206151815,3.7815269669943223,3.615340043421092,2.762249314222789,1.0161831976979316,1.247247639995374,1.9701906303963574,0.8656410360316913,3.4595645959541206,3.3884046786039503,4.245422398169755,2.4617839488732463,4.211438888627696,3.4788019851670025,2.476291282932449,3.5661388448883047,4.349875327899907,2.997409821635754,3.3417197459176724,3.220929981854183,2.7143986843348107,0.17280555671094758,0.19007243122948841,3.695148813101449,1.0437272952416294,0.38801187035986184,2.803885825366471,4.7539500939728265,3.1968443944730653,3.5088809282363944,1.4278571094142294,1.758707861511218,3.8916685558728172,2.0059166340951124,1.9970592067954855,5.169531738955558,3.206406257630229
bride and groom,3.598171158680847,3.4303894718262002,3.2302061526152697,4.264271583971521,3.45616864900679,5.0800168702911614,3.8646012686832036,3.8117328881068766,2.67955698328127,3.132915332242002,1.7552941798016242,1.9701671767301485,3.815391835379794,4.274041358410888,5.226423880883957,5.029493722391623,4.638953341833386,3.803702044682913,2.864479404189007,3.3135311596125465,3.1732993253070556,4.41401662386612,4.109016102968887,4.300485597949906,4.091761314693491,2.9133189296854813,2.714470316333771,3.566824478297836,2.7613220176508015,4.297682561583429,3.222249814451497,3.018053569102047,4.512763985155526,3.912360663303043,3.17287814719444,3.6629671716214105,3.3516542686608886,3.342149131003405,3.3851028742250677,3.1814630395350054,2.7903845487667454,3.3667684004285507,3.811951515483435,3.944724354245203,3.937891524332466,3.4279723889612543,3.2876544272622708,3.4330313750978116,2.9305880893711302,3.447038834575996,3.7264187758994125,2.09188709118763,2.781803934037094,3.763492621617641,2.869351952623675,2.726299129528905,2.2476810216298873,2.1990558675492355,3.4340587121426656,3.11378193054634,2.6363294568891926,2.6468486200475994,2.9322796813245144,2.9989604658439593,4.163454459011626,4.472758178640154,3.720769969877737,4.592741164043489,3.002104728248998,4.250077052969705,4.256942521729955,3.2509935340938463,3.063770992566564,4.257950745532832,3.446124998405839,3.711407548975349,1.5057699924663108,1.4522022839298725,1.2705198309409824,0.0,2.028288880877319,2.189981151019738,1.7699512895917533,3.7263969054182815,3.8982028438057164,3.957723104592077,4.354056234974892,4.370458140047699,4.600640357344207,4.416799647666288,4.046586373985904,4.325396889019463,4.236173222470417,4.99675882097409,5.307776027312358,5.397405598661306,3.3114438144827667,4.4444442476270565,3.738298215381868,3.1928792062024858,3.626407089726197,3.903225780623985,4.596214050292411,2.0316419861062887,2.8622219873581427,2.874107128200868,3.2199688891984684,4.4192346907805655,4.40880188026837,4.020263720093218,1.6117781758404692,3.7866318104713335,3.3899028595819036,3.588563194226601,3.4215466552268534,3.608626203141132,3.0783183933105853,4.148807597637373,2.178417161437341,4.510713445085819,4.112949022449083,2.8150513003495194,5.759711009682441,4.50114183268754,4.134486290536201,3.3840293098827536,1.3391857420524047,1.8795399821368528,2.910087912085573,1.8684619489934142,4.197351184728379,3.7046960292448943,4.614797472022484,2.4137940540435787,4.632729491739644,3.6729989218650787,2.395748700926629,4.228358949699302,5.086829351974875,2.6016474591087038,3.4564535583006117,3.8761522271353814,3.5947512636587833,1.1038687331171801,1.3219579961813517,4.134194070089217,1.3861590127599206,1.0832653001559478,3.129394055168887,5.075934581969402,3.9346473422448938,3.337908312485278,1.8140364437288259,1.7674107946873416,4.180532252866422,2.241377522709887,3.0773504332293977,4.791598995369515,4.010326477093922
man wife and man mistress,2.7190940417086,2.650983866169739,1.4583359706180712,2.342837994809626,2.6417725840533968,4.0675439859544,3.603622784823382,2.7444550277485114,2.9075460294781186,3.3289680155520247,2.5796643544608036,2.393071259309899,3.2169910670531916,2.8464271083945087,4.534923204488482,4.49002606914455,4.297648956179371,4.34184583874315,2.8898243033630107,3.1098553215362137,3.2255871183766778,2.736247762761393,3.6455613347447047,3.009248752350619,3.2686924751744653,3.00260013454161,1.9439078648094423,3.285920237562358,2.6607360982667783,4.303347651638665,1.3931898540114236,2.7186252085568166,4.226915919031262,2.997874577871312,2.760735278089661,2.715553282262259,3.0398772715175064,2.5944324757694956,2.859615273290877,2.9871023245192556,3.1774346339577293,3.583276606581267,3.572767785408699,3.3192605292094717,3.395058348472754,3.341307815971781,2.7298005391211486,2.639853716857318,2.3374748736040556,1.9577211825277916,2.8025922712763665,2.616554350036407,3.4375157926297404,3.5915329717011897,2.8768705066607363,2.3728202579205853,2.5164025815973288,3.0442137044137905,2.261209021239605,1.6317700267342448,2.4535918388521822,3.050405507412672,3.4525606587445954,2.7359645571520232,4.330016626418047,4.667396534008956,1.994351494244666,4.4393620105692015,1.2734171851221756,2.3563461519922564,2.314506097549174,2.667716195397919,2.319673533718083,4.472344924204864,2.861822777624219,3.5171433249260216,1.8033018705646213,2.791732900099877,2.4766349006474955,2.028288880877319,0.0,1.2828958124600742,1.9097268820939233,3.568976139007469,3.7354473399550607,3.843489263212668,3.9923966368886026,4.241526103753827,4.053262946961714,4.059660534989914,3.2054398348253974,3.496848221289971,4.490663215505173,4.524849891798891,4.645378694953018,4.548734383558487,3.257954064325416,3.7087332825659387,3.190279887785483,2.9677250453207153,3.221424586691541,3.6833997649033434,4.2100080352283955,2.768848324220016,3.2379759166872586,3.0738409715843646,3.3044033362744907,4.116344018096584,4.127364721215777,3.9354524534037107,2.956482915179701,4.017112639374308,2.8703325445369363,3.8061541913080594,3.1334005036347743,3.75108564667654,3.4623909566609705,3.4777562410947858,2.222473885267027,4.148648798066669,3.6982405050129885,3.257614126332669,4.863484767943988,4.220329667563875,3.754657164188725,3.208728655341987,1.5881506411127246,1.820087457120399,2.7990560115107685,2.3047076001928293,4.1802748204905065,3.9532548261604394,4.468471269738239,2.901312475857356,4.344279515455004,4.355299895831571,0.8257490052012695,3.774872601503253,4.441650697969716,0.6344100533770586,2.849682986533974,3.8294270159606305,3.2504345362181364,2.410576672882596,2.559159333343498,4.067343565861051,1.6591196580490757,2.108777472561719,1.784614723998662,4.807984765574943,3.730443550040129,1.4146080116929096,2.002950813096491,0.9423528209687702,3.9785239664461334,1.2382813828087278,3.156422317584324,2.945331430962159,3.3608025122637026
brother and sister,1.6995965459613442,1.5028491181843613,1.4896454131932533,2.5246359769423274,1.5541939810326642,3.6859648261294273,2.8452795849092736,2.7009061115469453,3.2271107946471047,2.87757140690524,2.5537364398780396,2.2999624492206783,3.5935986719764865,2.8834989170705563,4.185075759325167,3.9668615829064873,3.9344366254573493,3.788797445308687,1.9405244000210182,2.282627942844737,2.9058381608802915,2.3768835260705847,3.2275004433473304,2.2875147678234105,2.462267143456398,1.9941213820002675,0.9897846655003671,2.4198943031758304,1.7141512744216345,3.8400254954362483,1.9768898453642592,1.5925015563042106,3.7691191240968647,2.010911046488955,1.9265214961547796,2.606135089396231,2.747458551999364,2.3432793290491656,3.197317060184462,3.432591423301472,2.5856203650612404,3.1046241415702025,3.0993254465918874,3.8495008926553558,2.8123345924806764,2.6740318713349662,2.052867809331951,2.2211762301222375,2.3619840567608548,2.381010521729728,2.3543683751789772,2.37628169668105,3.566529865401349,3.0530827274588246,2.360665986714599,1.6624760397891476,2.4520639988425406,3.103272913433309,1.5153817382424637,1.3712199513933516,1.5163795030514549,3.105467198430217,3.4932908983972295,2.3744514216606154,3.603170687545775,4.383810490276035,1.8567800660804419,3.911483903736678,1.6890128851838642,2.4677980169876457,2.672361171273637,1.9446993327320747,1.6354187474129138,3.82201719961678,2.4011118729141567,2.778362866708553,1.071154919216536,2.2231402914813896,1.9339199999342263,2.189981151019738,1.2828958124600742,0.0,0.9925263999446781,3.251335601906524,3.119290254286364,2.9791614921836658,3.157182770807991,3.2626454163089065,3.258123734202188,3.2360431039462303,3.183097610879321,3.119094980637552,3.7393792255819736,3.9201740398240776,4.222620674697514,4.029404688676702,2.8200770982240617,3.173622734648196,2.973920911021525,3.1053423414426686,3.2047319861328125,2.9547286944393636,3.2780640566711328,2.4041024231787005,2.8294445606114307,2.3980545652908822,2.3637383977371274,3.241126387933888,3.4175407745531103,3.0322324321407,2.76097140586634,3.3294874271626775,3.2314468462460613,3.559916184706115,2.9784098659142995,2.981851887426875,3.0685812150944107,3.6799314086984825,1.6302080721628496,3.230439983938708,3.0289083403086026,2.4139053365473777,4.17766286827391,3.300290185011011,3.057620011906881,2.4093546445775234,1.0159961952620762,0.7872032398176475,1.54206459086385,1.3755740626990396,3.280138968907953,3.492900661519167,3.9592038339603266,2.8452858868561295,3.4810514701176243,3.9218005015227138,0.7335433919817763,2.882662254267508,3.4836492271252633,1.5059352608793817,2.262036282953624,2.9792232830612244,2.0339874589993703,1.9560901119113663,1.9933380986077764,3.2037784441556734,1.0381964113690165,1.6421609187551434,0.9802522630547831,4.335298380330223,2.743771971702251,1.7535850969333744,1.4166407001021317,0.5412960691808986,3.256575532277489,0.13986850702996056,1.9215010483666422,3.5168225512640894,2.264327557967429
close relatives,2.202850620392849,1.9326594800605348,2.4233988215233206,3.4994301255459694,1.9656404296500125,4.272363625528111,2.9251476295108034,3.4390218984701337,3.431609267090203,2.93425939084863,2.4667293848634038,2.3536336775261133,4.154958425052862,3.744198674778089,4.675467222139137,4.324484075611244,4.24112704313716,3.566338644481107,1.935572567313614,2.4553883434718724,3.044767385525136,3.2795923945366035,3.4989623409033888,3.026676945716764,2.886956923610507,1.730353665662372,1.4999185694738713,2.462406733702735,1.6418476653701486,3.8972234935295034,2.862244105950056,1.5629134226800545,3.9300625286915234,2.4519182875630454,2.096935653739021,3.29827620886317,3.1245722237135154,2.9436590653817705,3.721142412031841,3.7953553759867007,2.472630221703643,3.131201972583529,3.3603647423431857,4.416564460821386,3.218485516799261,2.829832675560278,2.4608800414190783,2.8276542872256916,2.8839238797130755,3.195133802871568,3.004509809350592,2.3569675727300843,3.567257012672049,3.221131478647057,2.5324959846035666,1.991885241009844,2.5823500745120076,3.0215396883762473,2.2406311721216197,2.2409911673012686,1.4987180291183158,3.2051459541645495,3.539986717107808,2.711678550120909,3.5194630625430894,4.3978631571171345,2.7948259707954626,3.987101880699459,2.550321919640903,3.4420658698395243,3.6322632207214407,2.3553057956462227,2.0924796182930123,3.7323564328413257,2.8519179222446907,2.9621564988294615,0.3309201380055354,1.3663889453693392,1.1026330935876245,1.7699512895917533,1.9097268820939233,0.9925263999446781,0.0,3.3146071517534077,3.3513892499248064,3.0932479278496228,3.4147547453191613,3.327463441026486,3.6236078685081767,3.4946519197788657,3.8147307629384914,3.723374232220186,3.6238688752558943,4.242771277504683,4.694296253515219,4.589462303634228,3.047687697804902,3.700855628251131,3.4752952460722297,3.498453603407077,3.6650665258029775,3.1740305002663183,3.5106762663490745,2.1869648822304275,2.839147984258235,2.371551894359862,2.284319220398429,3.4570554210567903,3.680296622222062,3.1102493118735,2.344050047922264,3.3074615659465287,3.740876437169238,3.6895579845952304,3.375232144373699,2.996807096912754,3.062554344494877,4.264293187658699,1.7024474601219595,3.3252552342569177,3.1452657516528673,2.1985099425092063,4.6913140486052205,3.4914557079899606,3.3676518593598503,2.572250582970018,0.5043357296422682,0.3212713342362855,1.2092073381732387,0.6259634307960062,3.324560905218382,3.5365780306625565,4.150749027697474,2.8521049301147765,3.646660869897319,3.7404938420364227,1.654225300652217,3.063008571846903,3.8228207180682197,2.3234502803278567,2.545676920186614,3.0044970074190105,2.079818349187003,1.1702855480499676,1.1616265421296785,3.0850117779034654,0.5467883153282076,0.9382110353951263,1.8485154777082162,4.523626951720807,2.801267957179617,2.721516020221641,1.170433265488579,1.075885843919415,3.3274059313382662,1.0699660008378349,1.4659688226922312,4.432892672265011,2.5222257590223367
a person and their deceased spouse,3.2819986579339737,3.325095098016301,3.198674359301205,3.9894960272452007,3.221441009730281,2.713879613073875,1.9188598201662375,4.072481860540958,3.423261554976191,3.956439358048293,3.9294725900540635,4.073732056098055,4.232917631744356,3.9172959540583987,3.916136150593175,3.3513697046555593,3.4320639747793766,2.5965340101615353,3.3443547689071904,3.038552871939142,2.70013421042957,3.885921045654263,1.0961028450568613,3.610849310293411,2.595926068889546,2.8445104153864276,2.8475583076353654,2.2770369154103447,2.4722984936853623,1.7659932194124008,3.3798038410517215,2.7685956546684105,1.4764172054244311,3.3234649321328744,2.135970032125878,3.715531288341493,2.9693137252779973,3.8183670383348156,3.900531827318464,3.405383964280648,2.8247725264409933,3.9699917160486886,4.0125384303240095,4.217259253844282,2.4897789256721206,2.4744687735137245,2.3717676138506283,3.6742217730562596,3.046925139518821,3.003627902708716,3.6438342173084597,3.8885605512397374,3.1778996793595744,1.624552878492381,2.9774658724844194,2.955744511068973,3.1164020943928468,3.2706007918720466,3.09367250029543,3.023009221143868,2.7317127434830426,3.0859667085062985,3.1085784889220704,2.99306255764294,3.366700667451659,1.82275979547564,3.4580770609307794,1.5922021275557574,3.0420287132524853,3.9648122897439286,4.003417852591282,2.382356857136682,2.278918892434533,3.1640977617842756,2.44750239761928,2.517095152515447,3.2472410924974437,3.8022692134159257,3.648697290869626,3.7263969054182815,3.568976139007469,3.251335601906524,3.3146071517534077,0.0,4.373258024521782,4.656210840365279,4.85017484037765,4.903371118142792,4.828120390649949,4.942941552889009,4.914598855327467,4.811607537346484,4.482387750930721,4.9900289400684095,5.605481933558081,5.606999143893886,3.6874589348187348,5.046934538561067,4.3931540287715105,4.2326417105007375,4.476805851206575,4.6386387600525,4.920186050847086,4.282795824976082,3.921449587113389,4.234122791156361,4.454302551686178,4.237378219593069,3.7737251464393595,4.078728547163039,4.333586705388398,3.2444544468974534,4.227232499789269,3.7611397485662117,4.295993389894775,4.385065737664034,4.047936331686216,4.520134782740264,3.7236045617417495,4.417545712878937,4.4540686486733145,3.582092087990791,3.7989688122079874,4.639726449077873,4.815964381711182,4.211179986676106,3.41119301929784,3.247888186489385,3.4018803331727474,3.3565547535056277,3.860153656100337,3.334864069510563,3.0950208276204076,3.864692259154768,4.073750493008324,2.7338927533114763,3.471802241135396,2.4705135164554606,4.284097469202634,3.8569514559885696,2.64417731857411,2.6430804445134672,3.3919177024507605,3.6647024044365866,3.5281478452975192,4.553373632718867,3.0212709569667995,3.6059681954003713,3.542408817686598,2.3383073772672627,2.704577391300208,3.9513017762843923,2.3823934081109592,3.3780910938907716,4.915167387666857,3.208968989430947,3.5938280522512094,4.168490162915018,3.438230524137869
foreman and laborer,2.4249107715889298,2.602336662596564,3.5937292308837314,4.063218757630101,2.6796203339817115,4.042201050037255,3.1087515783916997,2.0827307203255008,3.392199959907586,3.0196031172032876,2.7170913734297395,2.4291600252340357,3.1872320907255367,2.811048203983029,4.049766263226873,4.143082333787118,4.0815527499956525,4.22086653401825,1.6131703041331087,1.4600427876246176,3.291104476843668,3.568817540452284,3.7501964482352195,2.83466550050844,2.8635121906995695,2.6629214412418434,2.5483600954783334,2.937621250164014,2.579104981919523,3.5692218564333498,3.8922711478132377,2.7929390869993265,3.9235991503312095,2.8399339768810634,2.735403090423453,2.168208101596395,2.0931947339092356,1.7407310235858353,2.7880006098838908,3.8244560572124784,3.0308379269224,3.3033021460289205,3.2467672029393198,3.650652572460094,2.391362609606408,2.291474019998321,2.313192445372302,1.5125462685342823,2.328709274247335,3.662764123519307,1.5949655866819075,2.4517400995784233,3.420353225754143,3.025978551490831,1.613116026017604,1.7578640634362668,2.2824269559222325,3.1197804525421287,2.630382428482774,3.0247493836550268,2.4974069990312886,3.00045329904446,3.1236604344194214,1.6451604022045405,4.0864079433241605,4.249884433793867,3.425357306087803,3.991548828263972,3.5867509953191137,3.927898772294873,4.2160594411102865,2.2473382180576618,2.591011083054301,4.313430605816444,2.6463507765922385,2.0744252282801536,3.325588066114406,3.4906683378258356,3.4421707398191552,3.8982028438057164,3.7354473399550607,3.119290254286364,3.3513892499248064,4.373258024521783,0.0,1.0223432860223778,1.1407425869442687,1.5384043683519675,1.2607759949511281,1.1781759312681506,1.9547689690658698,1.5790938372430565,3.952787222870789,3.9033743532412015,3.791159156873528,3.202826602362524,0.9616538530739355,1.5661120582675812,1.2861264037871796,2.0877892714160895,1.7119590448112847,0.6676407141187181,1.5310199255377057,2.1948197471081237,1.32489861080928,1.2893114776854422,1.6904265497039828,1.1145742558280907,1.2361729784037228,1.0642068208811022,2.9400625113142023,1.7178280742527368,2.5583103730453503,1.7575631695705272,1.4441899752462264,2.2820949433946507,1.3730498171685313,2.436216281678207,1.8309444699263313,4.1685979498754895,4.650815015790774,1.638957611468019,3.287166797367798,1.2400083792562067,0.8561742465113233,0.9558363502905929,3.378082052523909,3.0699565468604857,3.1612587350828982,3.0044408876472435,1.345582839853468,1.812833594119668,2.5041399561917146,2.1973502226343946,3.492388991863396,3.1731003205059984,3.3001868016527647,2.9204759664120483,2.2328053994669403,3.7678184127722982,4.034485200706729,2.2510118820186937,2.48373746816749,3.4805437147801026,3.4059360418178795,4.524413728771919,3.3054039285632073,3.326093053976178,3.048949689672099,3.8239830708272637,2.410135541508001,3.571408013973563,3.1318424985481412,3.1374779312903875,4.1192885519178395,3.1632293466186256,3.1427743303613087,4.845222428281279,2.6143581427034017
owner and manager,2.23558642059295,2.2648977583226197,3.7066384333918325,4.2279044944451885,2.4399675888942443,4.326985116674167,3.297126751720684,2.6394050680648085,3.953256380654716,2.9669082526187296,2.9785266267338426,2.625598697022349,3.8651684282768928,3.3215945665820636,4.257244324540937,4.23328436182189,4.253811913676532,4.293994308237766,1.4472258932609234,1.6723078421594497,3.5237189737389056,3.5900169366834604,4.109990766386114,2.7921438371874907,2.957259099668468,2.51928673987919,2.518982673904044,2.9976832858614073,2.555872097343317,4.047885078523918,4.1330988161142574,2.5769424854569474,4.332236454077451,2.650019028503426,2.828748583819292,2.6775583574093846,2.6627027296608734,2.1747267082322983,3.5013783017953934,4.395158814525776,3.060421311456846,3.222597328375511,3.1883814698146757,4.370704616308436,2.769574272942509,2.5593137880405625,2.5349185376280436,1.9235504551779135,2.9196417949618936,4.068465199605525,2.0326370237658193,2.5974172949407888,4.019742646450437,3.4008230305300096,2.076750886831332,1.9379471036239089,2.83051587896289,3.607415937141609,2.6538809788632483,3.1880241659593866,2.4635593769303274,3.5513941062176717,3.7522477412163915,2.2540045076326143,3.920780845870509,4.780516574764162,3.553573584184241,4.359578863050789,3.8459562837216676,4.087324219407427,4.450788664633001,2.4556520995178412,2.775834198579863,4.237235616173446,2.9426616174241693,2.39037785649979,3.1530419305972774,3.2923690053921466,3.269821849586729,3.957723104592077,3.843489263212668,2.9791614921836658,3.0932479278496228,4.656210840365279,1.0223432860223778,0.0,0.5728262893157244,0.6085189629663924,1.0235046113427388,0.6157099102112079,2.5041166772012846,1.9000493444136517,3.5919585760009882,3.6308783032329774,3.635236824463133,3.0241567849881767,1.755604065196831,1.5764695296826263,1.99408428217359,2.830458602571247,2.4752009362492062,0.49345060554365994,0.8266410483246948,2.256925491937713,1.875877833511878,1.2273558376697569,0.9852204751907724,1.088912589144735,1.7708564919231673,0.9492221025112241,3.03083750343283,2.1913277667878215,3.344923575058036,2.640345909661129,2.1422384915467965,1.9404786911986278,1.996275073310918,3.2950648509394727,1.8583367839823264,3.6338540176050613,4.201585187814487,1.535604211802659,3.5344460361498244,0.7389768272184908,0.7159748416508424,0.7152405664302012,3.220034307127992,2.8366569430449955,2.6714818538021223,2.7452123800129318,1.4087859351693655,2.5403461002362664,3.1719318573407276,2.77674515262557,3.166438155883355,3.645449180684535,3.285681869924802,2.9911511050542967,2.0525028897017608,3.875286681276989,3.917643192743913,2.4541071577569755,2.020327140731346,3.3430269988255943,3.252543382387129,3.9583399123273275,3.2082507307638424,3.1929063988363637,2.887672738460964,4.335118016289838,2.393172620071003,3.6954967150795186,3.191471506523841,3.0952582058152114,3.602826536599841,3.0467860730460137,2.5964149442127002,5.233117123361882,2.3140688067686157
chief and deputy,2.2096830558221137,2.3018138480889303,3.688144636031998,4.063228028725131,2.4725583764937893,4.2214294652614575,3.4392522591957353,2.5050596723640703,4.207096157731407,3.236910874945017,3.3688952806022194,2.9708214004733025,3.902198481725621,3.113778623534196,4.1912283559135135,4.234802520062113,4.327903577988943,4.611877148684603,1.8116911938058227,1.8772781766095799,3.756432989812755,3.372850403571943,4.205610836464662,2.574994152196386,2.9223840645397563,2.8210046229197756,2.653581124076696,3.1582117109320422,2.8182044521036036,4.2220862152093055,4.12849919579614,2.784983228658219,4.441044947870565,2.600012233144868,2.9894096208295378,2.607600795294269,2.7911143214992458,2.1716607277569695,3.5786275641158385,4.5695463869612105,3.3919362863189324,3.4846562040637106,3.3154517904307457,4.413600600362251,2.797388391013483,2.7612803453810906,2.6351919309877676,1.8819765446487677,3.0295757193848343,4.055864305114783,1.9025265403802807,2.9685121162457873,4.344839192487555,3.560769195088559,2.348644298478137,2.14779846916778,3.134525419272105,3.977640667056089,2.612560595367283,3.182841739419006,2.7175660232161523,3.845946449610147,4.057437287525545,2.4306137623093735,4.150580754153015,4.994174674531687,3.445320714486273,4.494815606401891,3.866613661572433,3.9143873394698514,4.303529977373281,2.5543069663256732,2.8746834143731,4.473882025160768,3.02357388086271,2.5395607730507157,3.490801127885066,3.764682480712706,3.712427012851221,4.354056234974892,3.9923966368886026,3.1571827708079914,3.4147547453191613,4.85017484037765,1.1407425869442687,0.5728262893157244,0.0,0.7220432561728339,0.495430471184318,0.11281531697299944,2.356551473938201,1.6124999888305427,3.834533468121446,3.608233409813556,3.5038809580259076,2.737824645635616,1.9732967408562136,1.2203195815728722,1.9555308671844853,2.966006485108629,2.5146470007667423,0.6240278670385224,0.45883654605026114,2.705008288220016,2.258460957549412,1.6696018712860656,1.4261799512864795,1.0040833853247852,1.7547534001442397,1.1572223617733957,3.5096961615120486,2.4702425827735555,3.4123202739794465,2.8769509971235854,2.2403192181535028,2.220132733735361,2.3571724615878002,3.2436096346215426,2.2031090807444618,3.714773360849155,4.3208549454527905,2.0293418366324896,3.2740962584011313,0.566719379685252,0.508397739928842,1.0252642400464262,3.5474333306436905,3.1374649878010157,2.9323573242366203,3.124826063978871,1.592325913567454,2.798728730117497,3.247584448843989,3.1153708041996855,3.225213610729077,3.994649135801752,3.386228748069153,3.0431294553980655,1.7723958661709607,3.9400073707036665,4.043971295743743,2.6422960949672856,2.1645791320919336,3.784078799130066,3.704297286240906,4.146423831431526,3.5396919942905174,3.6028338913513287,2.888410992340648,4.398966307303562,2.5348363929040607,3.635124951447121,3.5091956271346554,3.3114438015015852,3.736751266703193,3.2110968627919743,2.895377409103918,5.08576081246454,2.302757438061063
supervisor and subordinate,2.3387373331615824,2.3465600046951685,4.006540909028298,4.501568621603852,2.5192832597650803,4.512913268046993,3.4299024542034497,3.1143043026923385,4.498188597648729,3.321012965866676,3.507491448108403,3.1616056830508854,4.4167957865167855,3.700626313969124,4.487722295310455,4.395642703439854,4.512761976704338,4.514651379925156,1.770326397787871,1.9807050013035243,3.8930614517741713,3.7499071587191293,4.344378848098224,2.8927305255374067,3.055917921229902,2.647087481305631,2.7781333834531012,3.1101873931829904,2.758467997654038,4.284724253336824,4.513368983944689,2.6790023457824845,4.528823572666699,2.6749080287075797,3.021849396685724,3.1470104926300957,3.1274568250450683,2.6793318105276924,4.06830828077557,4.922306840881027,3.376292206390033,3.53467791286994,3.4766212085614567,4.925445390921877,3.04929115604508,2.8657863178101186,2.8378296422686917,2.388600323960432,3.4344654384832425,4.480010569224,2.430750756244949,3.1024286426004517,4.535607993126573,3.667842572522671,2.5488208317726957,2.3501790184664095,3.368930586373112,4.124776173793443,2.8671505974999567,3.496998425556218,2.690035714930379,4.070205584553002,4.264210185639265,2.749420051883635,4.04752058853889,5.071794886398914,3.8160985554332845,4.526329009147347,4.219611505691358,4.353075499567618,4.755661442449992,2.747169434700322,3.0480919726766977,4.389300604238265,3.2832162774509257,2.6433709301208803,3.42986489721941,3.561545499616142,3.557212383132571,4.370458140047699,4.241526103753827,3.2626454163089065,3.327463441026486,4.903371118142792,1.5384043683519675,0.6085189629663924,0.7220432561728339,0.0,1.1064300730831724,0.7503706969612235,3.0109166526848745,2.3025717442165528,3.694020625374486,3.7411246450062334,3.812494175385519,3.1461051980790047,2.2981639397521096,1.8924133577006244,2.5468334777755324,3.4307861397709503,3.0583384377544642,1.0428923007537891,0.5946508107506847,2.7347814029126205,2.425411714158355,1.7159699034334839,1.2210074034125455,1.1606596434904133,2.0127637607709397,1.098802838681235,3.479622684839829,2.4799674892924575,3.926997172842407,3.146144000414334,2.732134303986028,2.1900863165210627,2.5134906654338267,3.8428621956218345,2.325672022445193,3.5976708982225962,4.276985898917699,1.8838470843860537,3.547368633288111,0.6505521919063985,1.1384701996848643,1.2020800951623598,3.528220722998132,3.0880053001749443,2.7031789454150896,2.974060103599651,1.504421550813399,2.9395685527025495,3.425471364730592,3.3158723052272308,3.192696857567069,3.9799845416064654,3.6261491588582726,3.033732924681496,1.873561182284696,4.264278714866474,4.106381443763714,2.5961293168802593,1.9736759766376448,3.652768776783137,3.5390563492205405,3.9596031967636227,3.5194653466366046,3.5168753011503995,3.095517986870813,4.516616002894943,2.4417332495116115,4.036526973522896,3.502194440616789,3.452061225868464,3.6761869800007525,3.329083174821387,2.5697881322290113,5.581780800140246,2.2558418869232253
boss and secretary,2.131378590175483,2.3156074675586376,3.5915174045275386,3.8570543469868093,2.4374874932709725,4.007485406352677,3.37668350589971,2.351480736887864,4.31956173715966,3.4828005670742255,3.636887966708841,3.2337881844885685,3.8769200642661272,2.8421790457978497,4.106780284192566,4.187205638458709,4.34500405486247,4.7734778495797885,2.0398448479466773,1.9254905303307752,3.8710129169471177,3.1283267599770093,4.102667264241147,2.324862881252915,2.746495234562171,2.9453600601505463,2.674667766355208,3.129440859314825,2.901998338948025,4.162301250777904,4.045372915945988,2.8583398400519466,4.325314854556485,2.4774605046538127,2.971717649328371,2.505403674139287,2.800107059271065,2.1586387451554674,3.5673110825501193,4.615441702162851,3.5976652590935077,3.7227721457277467,3.4626066201615266,4.367667118415515,2.6923804170777337,2.8172749522156946,2.6070192486818278,1.8156026539944274,3.019108053739188,3.9368578683142283,1.7204021588225389,3.2480180544841386,4.48159801953366,3.5282313832977827,2.462110566305844,2.238541681432592,3.269502758873984,4.167072137976575,2.4899577509948667,3.0799170012038615,2.8047320648751173,3.9774625125835694,4.178631771938426,2.4605422417441782,4.313651368342111,4.971007015546421,3.2719919880631996,4.401833200195292,3.7834318896031602,3.700524310693483,4.0980729115544205,2.516596119165953,2.817496523063404,4.618482603551366,2.993809868315509,2.5246660954007436,3.6976739958034406,4.077865000705257,4.000378894993735,4.600640357344207,4.053262946961714,3.258123734202188,3.6236078685081767,4.828120390649949,1.2607759949511281,1.0235046113427388,0.495430471184318,1.1064300730831724,0.0,0.5277896690811402,2.270176409803024,1.4626568294171438,4.094338936987816,3.705004070292454,3.548052660836415,2.6816133284342443,2.06546723258669,1.1289728249809405,1.9306478749004858,3.028344243373615,2.532915552730552,0.9340459580066687,0.6333199901861397,3.028411067607364,2.484499499667433,1.9925446570617955,1.830386994104991,0.9462072735069238,1.6399027703756137,1.2969549975495374,3.840819830764998,2.5507770557148395,3.3885334718606095,2.942629820972534,2.316278613069327,2.5437882454121716,2.552581986178555,3.1339063013798816,2.4371867044526576,3.8617695497761684,4.479951706308169,2.339843215179378,2.9225753950883706,0.7102883758512184,0.7070046279563916,1.2967601918257106,3.7595678225416704,3.3292054888549982,3.117373445825755,3.366071105075512,1.6695048290246497,2.8548007787223404,3.1212505657989382,3.2810680944705743,3.3307026778096556,4.12187537774849,3.430527541172009,2.9293253721872103,1.4862406505683277,3.9516140272617664,4.0951263888373415,2.639802636431208,2.2547517127235825,4.070190209304505,3.99127462243918,4.371849011111835,3.7320989796982813,3.8699006150309496,2.8604979957467047,4.24127572411218,2.5223215365101925,3.5419445961486935,3.6419651699814684,3.4388179659471416,3.9649198342845686,3.2940981672219753,3.110086214808867,4.854612290197003,2.2282482619891186
intern and employee,2.307685759663739,2.3890189678917024,3.764803662778789,4.12478985596603,2.573297838052588,4.283266233723445,3.5439165530991636,2.5375670525867946,4.2457957830269955,3.2498273425212205,3.4041874339339455,3.000630975547466,3.918371439969751,3.164398446636117,4.207930198000155,4.268643178530473,4.354326209381936,4.66620033394507,1.894539405161152,1.9734983684340164,3.8011743054077995,3.4420885122896716,4.294399476585794,2.6539254841756397,3.0245977616480375,2.9261123449080633,2.7505123857738263,3.267796285048001,2.922388701532143,4.310258539401892,4.192169823480607,2.8891507626469797,4.535408466626438,2.702354683527842,3.0954276380182106,2.641248464926107,2.8393258865883864,2.205090068983528,3.607011445153596,4.60788788385972,3.4417942775688997,3.4972305627886833,3.3235194361778673,4.4372357113725975,2.867403333686171,2.827418945964347,2.7150499322938444,1.9342284155102725,3.0837700784569844,4.119174183889978,1.9670825481079628,2.997880938096213,4.392716460804561,3.641262377817583,2.4140296845350404,2.2265158017327558,3.1917724958488227,4.02600061744116,2.705869720410835,3.2681727687921347,2.821932473847692,3.8908324545166657,4.104289038550788,2.4959957886435555,4.187501512653419,5.072408583278941,3.521763197985624,4.589798930685978,3.941152430338776,3.977193486745219,4.366622663482825,2.6415653154100114,2.974203807819908,4.515088199965653,3.0854310236293645,2.6201286199508558,3.571706672430553,3.834634515474365,3.7851165231558768,4.416799647666288,4.059660534989914,3.2360431039462303,3.4946519197788657,4.942941552889009,1.1781759312681506,0.6157099102112079,0.11281531697299944,0.7503706969612235,0.5277896690811402,0.0,2.356005895515613,1.602483947749005,3.8412002761598436,3.5921431804905604,3.4630893263214166,2.6895288007213876,2.0241946429340616,1.1874208514149773,1.969885444262607,2.9878893017843056,2.5243099180418467,0.6590114432437737,0.4801270965395956,2.74925569008528,2.304993382137852,1.7258031691773406,1.4775412396668957,1.0831866416638545,1.8161032352472448,1.2451074548872452,3.55431081533148,2.5431571293521236,3.444101181185561,2.9226963484799637,2.2530859928782627,2.217393092411916,2.407804635876712,3.2606491853407227,2.2699746755370396,3.7384343703447125,4.348733884424682,2.0965226725371187,3.3331111260518935,0.620873378562791,0.5136385148702729,1.1037098306363318,3.6215727854719133,3.219081190950887,3.018131792885894,3.2083382651468235,1.6694788035953623,2.8623677569846446,3.3219948849283876,3.1716660762706272,3.2415808925423297,4.056473793198055,3.4546252296118696,3.1463598546931943,1.8436358096098573,3.9994175389953264,4.106783059258459,2.7369446472629853,2.260379533726613,3.8550441221052347,3.7783731982115683,4.173164007620006,3.6196626607042433,3.6744209168100155,2.9679150568454555,4.485548579676232,2.6331991173157703,3.6957669143299348,3.6021093745941286,3.3842637830606357,3.739594740596441,3.291947037458633,2.982019298362512,5.145181998641942,2.4070883092796675
lawyer and client,2.987633144170197,3.1578433594314324,3.1023455058830485,3.1780174834789747,3.279380901017332,4.10535959301178,4.124681505208353,0.9922686547668318,3.1433133341151946,3.2986812138401365,2.889499846832727,2.4597582152844386,2.15787553964725,1.8679026424174088,3.9755030198990697,4.410187927059953,4.227644390949681,5.047382296689292,2.78472479285216,2.7016041963246287,3.599835698435516,3.1280797671475162,4.292233426406909,2.9184437373550387,3.538938721594036,3.801412565817721,2.9565891004799583,3.956595360990506,3.5297156263328833,4.520163572450102,3.0641587577434537,3.687763465765203,4.7029298870377945,3.441929829048455,3.5476044110983045,1.4484219892689336,2.3581742454273207,1.280038925627273,1.9351900063825238,3.303712214850923,3.7023162392822657,3.6302230070709642,3.3443694603877154,2.60224338147294,2.9886573091691253,3.1745976837762595,2.852217177269296,1.4200400583308652,2.0373940299175306,2.8992371447950314,1.5765173003265265,2.697003102485334,3.6595101848953755,3.81188374286026,2.4470745111666514,2.3705557511207416,2.5655308637370493,3.4278775575090332,2.7955791892539947,2.774649145824891,3.352512624050514,3.1580872289384136,3.4281335449135346,2.141218237238885,4.794692113821414,5.032391417994362,2.9208327938498075,4.912680837607788,2.9851692921018094,3.086722229621692,3.256459021139589,2.840707629602383,3.0575055153269872,5.01131746410427,2.897834658235725,3.168461944399895,3.763908149636994,4.263822431209054,4.102186369445179,4.046586373985904,3.2054398348253974,3.183097610879321,3.8147307629384914,4.914598855327467,1.9547689690658698,2.5041166772012846,2.356551473938201,3.0109166526848745,2.270176409803024,2.356005895515613,0.0,0.9939567949202405,4.593654178958479,3.9685261149279913,3.4313638545140472,2.8589414716778703,1.9743975033938999,1.4619099004715728,0.8170874642264534,1.5177886395582052,1.0073538453914417,2.0539213458088232,2.7460834315586884,2.817778779201427,2.3633245598926416,2.4191495723975516,2.8348198042658383,2.7224585647547097,2.673313801226598,2.847208560827392,3.5044940375287523,3.2853438521256835,1.6318508477663654,2.610606463378109,1.19761981852624,3.067326754553778,2.512110739550828,1.3619643566802206,2.383314009970195,4.622239597208474,4.771685741183051,3.0329238232600275,3.8862352542739997,2.7472424346025646,1.8990675555325827,2.2187597589302617,3.65782892800085,3.527009158074638,3.9933320579358433,3.7429405581819313,3.147503613123831,3.0808907737504927,3.6176346714500975,2.6541268911555003,4.111960070467548,4.295797681374057,2.9158826125713913,3.97816636861171,3.358069980306299,2.9784169057530705,4.213041470642555,3.635680637295998,3.5565832282792584,4.078389856624916,4.1279033600230495,4.985756093077908,3.6778598099984596,3.821548329561807,2.9647972049187095,4.714499313355559,3.7123181873858537,2.693349534398452,3.6994891033606834,3.065049634456578,4.339569603220402,3.2005263165228146,4.16994996401165,3.7403650958844223,3.543291389333782
judge and lawyer,2.512429660723965,2.6506235699890137,3.1319193348680474,3.2133987283030887,2.861012433655698,3.7363831865304227,3.8192128804898497,1.2208119650863942,3.536764836693739,3.074868807502115,3.1708212260864523,2.707817759018695,2.680962252987244,1.9872458358271832,3.559383347289945,3.924912118198035,3.891598933986483,4.777325177763268,2.4121614557375013,2.3276533920479885,3.460012616352958,2.8626992905911584,4.0925466610407915,2.4193289761189316,3.123586395602475,3.521094954698949,2.7638049646682536,3.6471583243136436,3.285533166077012,4.358353160580036,3.2841942064734404,3.3434153850333117,4.509020624299198,2.987365080890504,3.2857047239466297,1.471993444443421,2.278688601782573,1.236820649519745,2.493715618478519,3.6959815751967957,3.471269742547005,3.361815573189271,2.9789161478316792,3.191178323076006,2.608518949693015,2.8295353135533077,2.525086527517726,1.1778199012733759,2.2675830883740744,3.1227395159408418,1.2740883716302378,2.8058809308727466,3.9697800148970837,3.564083142276727,2.3215859025903556,2.146083622393432,2.8267198920538568,3.7191079743810422,2.5153438977181315,2.7643834086689485,3.154795620000697,3.4054771484923045,3.686096639656476,2.1223611119917556,4.333348033280013,4.968007180952871,2.8696359161310827,4.685339595434068,3.1770890988718428,3.095348214741584,3.4009455285032137,2.518656543049848,2.866755162560806,4.600194111521111,2.634467745189745,2.77082120978813,3.7467530862878005,4.2750634489616095,4.132876130355867,4.325396889019463,3.496848221289971,3.119094980637552,3.723374232220186,4.811607537346484,1.5790938372430565,1.9000493444136517,1.6124999888305427,2.3025717442165528,1.4626568294171438,1.602483947749005,0.9939567949202405,0.0,4.0936584686093775,3.3694494127651344,2.8990687211320947,2.134925690479794,1.9085961204169863,0.5820364775454011,0.9915961633174797,2.115105083212046,1.5388292990285592,1.5291164884198225,1.9280281662611742,2.972166652396034,2.432624024868858,2.2754861830025694,2.419058718310931,2.0429856803444437,2.152381248111685,2.2898041208917217,3.74188364858136,3.005363463679889,2.395174463085712,2.7635275838851614,1.4743855953254672,2.564685703411662,2.612635950065788,2.0305564033174015,2.3849958974646426,3.9885986709514367,4.335208789258741,2.7457976190884668,3.25795258956025,1.9754239985303197,1.275683966238984,1.8179118720121727,3.6908133033731314,3.4190273572848167,3.6039185852482003,3.6250715367456086,2.5914689368392634,3.0118466993288613,3.405306958748467,3.0348676705580213,3.4237473958655276,4.2120125928211385,2.9886194507550865,3.521386303140377,2.5685153795244418,3.26368182291383,3.896152959967369,3.2279429543665,2.9868365425253978,4.14628612558015,4.143962689574307,4.473772588442513,3.6882604432414237,3.893657996663229,2.759534152064126,4.491718392653335,3.1998875995908382,2.8682911580593218,3.6932399600094135,3.156751151495266,3.841688798418927,3.149189778616441,3.7561000169906706,4.0076726500727,2.9895015167502414
victim and criminal,3.8382709779799384,3.3716739545696925,4.520330383282618,5.165385847826862,3.946610065382631,4.202486555607924,4.3914775079940735,4.288580036418259,3.9219547654616598,1.6162244565241273,3.496759015114435,3.3776934652338975,4.381298062072041,4.921577399875751,3.0678800284447134,2.729812808455065,2.4822934909434884,2.5405574737994825,3.047125257424516,3.5572032668297204,2.3963932575140836,4.838045407181488,4.332782888539343,4.297633638030723,4.336259399203788,3.960108089330526,3.838006607879263,4.33112068585152,3.7920394619749294,4.745009339373426,4.62341950950284,3.7595497285027784,4.966406885960566,4.324600149456159,4.003944010710914,3.7783866845380665,3.292975308516221,3.5429971181260713,4.348117141211447,4.12647361947248,1.9998300482689777,1.3292408881560216,1.5734439191192398,4.835171028859443,3.4301517799081833,2.829335050630859,3.1908234977392276,3.660682665142608,3.813619172773192,4.550475324088583,4.017310456515992,2.9270432356512015,4.121965565235491,3.6614981823441166,3.265295914333914,3.1921847289372085,3.7859401164537445,3.826781891063785,4.147501787429645,4.432913985894775,3.9357291008749216,3.6195534878402262,3.9662594467779613,3.613994062177658,1.3737131993872278,4.873645747861706,4.748331752887422,4.974813737625762,4.61806289249975,5.127964576090655,5.4300703121541325,3.3728276848425613,3.972107514554173,1.7987339524227577,3.008125664336893,3.3831835895440587,3.782633751901767,3.931597540897384,3.914837340775872,4.236173222470417,4.490663215505173,3.739379225581973,3.6238688752558943,4.48238775093072,3.952787222870789,3.5919585760009882,3.834533468121446,3.694020625374486,4.094338936987816,3.8412002761598436,4.593654178958479,4.0936584686093775,0.0,1.826249232707222,2.799035684980805,3.389348361130101,3.7866821942037325,3.9609730109794183,4.111725929796432,4.3082882404182055,4.277936374209027,3.811307618730121,3.802962548940831,3.902305487603149,3.866249626182257,3.7587032035443197,3.36962851424496,3.9515277603989984,3.998167357713726,3.8301588259573363,4.114337856184116,3.935211249257442,4.901783947922065,4.447866945225528,3.892439103690257,1.7873286312268248,4.2735634718358755,4.968500654730257,3.6198388386056446,1.7437135738320526,2.1295872867889787,3.1153237404019616,4.818653714908934,3.7513159258523743,3.9333643785101726,3.699363380370067,3.7471946094416224,3.56416769732334,3.342388805813521,3.6695784516362133,3.814716291706898,4.287669528491542,4.8528078293574035,4.59471457073243,1.4568213916914727,3.921818004132456,4.001591223694749,4.274814873833147,4.342153729161666,4.561451008891401,2.6721918337458037,3.8805449855009253,3.380336490259738,3.949889146264403,3.8548791574468373,1.7356955100864775,3.6664739735485647,3.885604084192494,4.061858144473741,5.305341904546762,3.677725309377878,4.763177053420296,3.9112099622721166,3.8800651656131833,1.5157042628958137,3.850623250899052,3.494495698460894,5.999325927025559,4.097535866692115
criminal and hostage,3.72575362627223,3.341730061538848,4.20299783641982,4.450155286930247,3.965704712264619,3.6803622637847053,4.761829576722072,3.6632030594270764,4.198894953892879,2.147729337818167,4.058697355682805,3.7437264424643586,3.9414608417401027,4.197105708692444,2.2160932469250456,2.353251415677893,2.2979936650995323,3.6844956827502764,3.4563583222058356,3.775529805780535,2.858744569027037,4.156651367101711,4.532582298363696,3.760221146707942,4.275080677538876,4.551091501230226,3.966066534124075,4.713253932453182,4.280980244290311,5.190443585438839,4.2272892355529565,4.173085789285899,5.270954859150518,4.238565504237887,4.3137443867246095,3.1968234639227653,3.2585801326953896,3.1289161798921583,4.072559390126616,4.160613731744204,2.904147663037155,2.01616844122756,1.3810336036615176,4.438166352010988,3.328093346345146,3.166073214191857,3.227875100491037,3.284960130482343,3.6942431403768636,4.136016595983164,3.5856193261920373,3.4290668382196414,4.691516538342455,3.9978378347035477,3.5510142610043283,3.34474760447556,4.1503946587620195,4.479774734128529,3.9353998685672282,4.208916156662319,4.357799951291788,4.0603584303287334,4.46818362010478,3.6926575435675026,2.432830464640445,5.427518107126635,4.27428513920756,5.381551417121111,4.361024842285947,4.420350201353987,4.756700669614247,3.4257043888749905,4.065352397157292,2.803448890651693,2.919834473885845,3.6190610160000993,4.416854346468843,4.9189760796986794,4.813103960176714,4.99675882097409,4.524849891798891,3.9201740398240776,4.242771277504683,4.9900289400684095,3.9033743532412015,3.630878303232977,3.608233409813556,3.7411246450062334,3.705004070292454,3.5921431804905604,3.9685261149279913,3.3694494127651344,1.826249232707222,0.0,1.1814637489900757,1.9257273425436785,3.8861350061396256,3.2686994197497294,3.722371463174882,4.182545114234406,3.966717485926638,3.7256598972651043,3.570362320012451,4.4516550644569834,4.238371641897605,4.0843538736470855,3.6958853367775277,3.8811524827387935,3.931983902850593,3.998342287224865,4.897808902344721,4.382418366354879,4.66329099992516,4.691416348019415,3.683411281179338,2.176125329411174,4.641731818686165,4.489180197706621,3.936469502922503,1.8380188426439652,2.261809082121056,3.7596316572703072,4.269015568028599,3.636755301712308,3.675182122676303,3.7834368353313375,4.328249545091275,4.084758887241668,3.9071667461031443,4.379436372836517,4.0584832202017305,4.661930728359536,5.005594534638127,4.9930902880852335,1.3644857925759637,4.745692826605293,3.9226132171360035,4.467732462737127,4.041886317279825,4.34191499150311,2.858513905646523,4.279096963987832,3.6581936385535405,4.8381818775824055,4.791328424729805,2.4238982613989264,4.288267750527322,4.657136073166191,3.862533354938729,5.514604723034936,4.015747633743092,4.282909480194101,4.525058152625516,4.105452904569155,1.6342796034591927,4.005716096720851,4.157636847941318,5.269785186461957,4.132962360156466
defendant and plaintiff,3.9999221820458244,3.720617583481816,4.336403036376895,4.376964886091041,4.298843872632797,4.0463989262234215,5.247476517342492,3.322705232863473,4.278563064600963,2.5846186132288524,4.170619775686862,3.7743826800918137,3.607345595471645,3.9272636928179696,2.550064217620916,3.052992146066218,2.919180247577181,4.533443444579281,3.775318249355052,4.032644657915942,3.3924868734648177,4.175101657715782,5.034079239181949,3.875307068589916,4.6237476610952,5.0124697931359,4.263293513648944,5.176238729146842,4.727101129733066,5.647365508533526,4.265392142474409,4.652861545514468,5.751385387276907,4.539457424139123,4.7452389728858,2.9742798273295046,3.3775284392587888,2.9419496054980163,3.8268985749540922,4.207349157067504,3.5480007710545594,2.5931729627929645,1.9195347358851502,4.140602628081196,3.6427250716342683,3.6205434501007625,3.593637211794283,3.1709405635551327,3.6930568292781643,4.16496816483079,3.4741219542568236,3.5737427339313688,4.896006518532331,4.490164908751499,3.754812042617438,3.578958910133483,4.269180668753543,4.697380860220862,4.124787374177099,4.3359898062137985,4.735184415152761,4.24634841231085,4.657525571998011,3.787376578563526,3.4572526760881823,5.923376196344363,4.321088902270037,5.905464316914058,4.453570693452114,4.346129453952683,4.662486177975026,3.7714659875642322,4.385414639833473,3.7920429777350555,3.27521325460234,4.002172911885656,4.833566571843003,5.358131966591117,5.235532159818091,5.307776027312358,4.645378694953018,4.222620674697514,4.694296253515219,5.605481933558081,3.791159156873528,3.635236824463133,3.5038809580259076,3.812494175385519,3.548052660836415,3.4630893263214166,3.4313638545140472,2.8990687211320947,2.799035684980805,1.1814637489900757,0.0,1.1662523824101143,3.869874512265668,2.832802829747051,3.375058518124925,3.9085294998469635,3.5922080674961507,3.613730725792442,3.542835341332566,4.535701871521865,4.268860792237913,4.137947876144351,3.852453362529878,3.9464205554404326,4.003655636815817,4.142661706201044,5.066890039367547,4.648772549166489,4.351557881693822,4.6779837148307815,3.3995270078781257,2.509694562691087,4.651467005147923,4.052167966936758,4.0541294335710845,2.829208749673858,3.118629844097972,4.077213076297521,4.432816474260386,3.6653467741481887,3.475257203314285,3.8080093199775322,4.702692557731562,4.494298951089843,4.469350874928906,4.813250324694641,4.2795798460809165,4.813478843514434,5.1975311823785395,5.002458800399838,2.3484259576693143,5.191538182035415,4.078706188193027,4.926315449791983,4.183672581345957,4.357066517580959,3.614038266087362,4.69782000849794,4.127594924341829,5.243196214947278,5.236230188744275,3.3819459657496203,4.710683525817245,5.026155332104946,4.049775427630896,5.898703996148251,4.497188836398,4.208546062123778,4.964471582608164,4.336487104913013,2.415033129912731,4.299900955283715,4.720644814710878,5.131499093926697,4.486033642905332
police officer and offender,3.461899861312529,3.301707757123971,4.052240305103029,3.9793740759832863,3.803919360946691,3.9115252055029264,4.899084619328921,2.832805271195174,4.509253421139241,3.042512750243143,4.265120359156076,3.7988698054837244,3.6585615899826753,3.369034465720226,2.9133291586617784,3.380940905311404,3.446364612042624,4.92180188316412,3.4656005646511434,3.6079135899419104,3.744974589903723,3.5999491535034327,4.900284373472992,3.2243719554925803,4.1200469975337155,4.666985445697095,3.9040592299165824,4.782420810454707,4.421023261871894,5.447469682926951,4.135149136506078,4.30669161508949,5.516519432894555,3.9561794279201807,4.403919168716317,2.6628093489825155,3.284519654798378,2.602172897993792,3.7698323999118717,4.491618741687331,3.817638414070561,3.1474024272985517,2.4830561993383498,4.210317328869234,3.3919848486966737,3.538711248095696,3.3738998242050626,2.6960145302230534,3.5556087105904672,4.045605244533629,2.880110458940447,3.688059355382809,5.069521651181871,4.384978148737829,3.5602231486532263,3.310223795936515,4.199989603167946,4.845125081046561,3.625236831249066,3.949420692051538,4.388536797228645,4.415904151398652,4.789657461654671,3.530738601058722,3.9311566746606768,5.912380428829278,3.8738279229848995,5.674350240664707,4.239990913825236,3.9090429545268455,4.286415867387704,3.4867077648542084,4.037656947789611,4.282808630393177,3.2287582826271883,3.720474072793791,4.730781775974106,5.311051564483454,5.1810604287273305,5.397405598661306,4.548734383558487,4.029404688676702,4.589462303634227,5.606999143893886,3.2028266023625234,3.0241567849881767,2.737824645635616,3.1461051980790047,2.6816133284342443,2.6895288007213876,2.8589414716778703,2.134925690479794,3.389348361130101,1.9257273425436785,1.1662523824101143,0.0,3.501883311050401,1.9829190206249696,2.8741454023962696,3.7079567861233755,3.2451849070635204,2.9683852389364813,2.750539886225937,4.346074252300803,3.9865870782029535,3.7295857277543285,3.422449515178776,3.244404458571771,3.426817181717571,3.544945725868359,5.019487386941204,4.298385861947207,4.094711469613772,4.385325282938213,3.0835968658494184,2.580226994224041,4.297432703750781,3.6910219991489694,3.7659754197478073,3.1103118154003293,3.575926762218916,3.8358187513339934,3.7960603041683716,2.939563124056455,2.7409829783352566,3.251535658885544,4.639399052361566,4.341247783851253,4.233055395436574,4.64092108757464,3.7389759843832917,4.49468537838753,4.7647195439794015,4.7568257069294715,2.604371060049512,5.206643969445355,3.9011858358491116,4.474528105132603,3.372503363982308,4.218784753223795,3.8432768739075813,4.317660736085257,3.692730437598437,5.207808802800049,5.189784595753324,3.7780614486770925,4.654760027202749,4.9651525249227335,3.6457576358277772,5.574862617031196,4.094850341652913,3.8716927186258707,4.832980806431009,4.193423142697066,2.9221666182368518,4.090172231519075,4.444230274458638,4.853327379635932,3.8964158665026165
police officer and civilian,2.46062923627595,2.6158850909079474,3.2423102641923967,3.8290232551860726,2.6814151374431643,3.6551652742239376,2.753056177159032,1.8364767326256901,2.502816661199192,2.6293065847683303,2.0811108695051104,1.9184231512358174,2.5322876887246597,2.575907031923097,3.705503781490097,3.782104122409738,3.595394568160401,3.6170474157687478,1.4883608179941108,1.252992302686341,2.6041113165838246,3.5230322691896245,3.1514889655131793,2.898925100156324,2.7155209714073085,2.4746104612281026,2.286135000485211,2.6772352125607686,2.2600409680028033,2.9692985950250135,3.4080632948538914,2.6344604727443817,3.3793726322683066,2.9019634294695607,2.3830315888183393,1.7694406475450681,1.3452579843422803,1.410214404471891,2.063750107795848,2.962334171702719,2.4614487119170465,2.9174693581108433,2.941864070713238,2.9316766312969453,1.9427330337850455,1.744544769363488,1.8455000539174335,1.3028510046620274,1.5533939642499304,3.0743800951497655,1.4960804305193793,1.91400287210417,2.485696604008294,2.403187539536409,0.8490064667199185,1.3129453922646743,1.3895254486585376,2.2364195964014617,2.4931382699822167,2.6974281716618904,2.220057050633166,2.0844255263588005,2.1881625032397483,0.8268522726127123,3.7205580595903824,3.5089482020155645,3.2001512608776475,3.477586373354606,3.093994388994839,3.7197960154359064,3.923992218065028,1.8203756088497824,2.1858452890321325,3.8654958437616465,2.081771806061169,1.6636367040378344,2.9584216238921965,3.1445698526418613,3.0693633299271617,3.3114438144827667,3.257954064325416,2.8200770982240617,3.047687697804902,3.6874589348187348,0.9616538530739355,1.755604065196831,1.9732967408562136,2.2981639397521096,2.06546723258669,2.0241946429340616,1.9743975033938999,1.9085961204169863,3.786682194203733,3.8861350061396256,3.8698745122656675,3.501883311050401,0.0,2.115355441418918,1.1844155158374476,1.4637095211988496,1.349025047430182,1.4707625099229684,2.3252464934531636,1.921611125941905,0.8103434086230619,1.4104526160382582,2.0467335753503635,1.7436567555342,1.3976261013693898,1.5824214327782322,2.5162227279043736,1.3934011784056417,1.9410449488442503,1.0408543881527361,1.0591211656759387,2.297926549175772,0.9859862878748883,1.9955375984566468,1.5684431356066364,4.1568820129635755,4.490111190513624,1.4718838336541102,3.350616020868364,2.0104885606269502,1.6744657613129459,1.3988527983707963,2.9950042329326054,2.780867960012015,3.1023796531379584,2.743893017317795,1.6667530171057743,1.2288000437728517,2.1422122150599714,1.5625079516826659,3.4451137158207636,2.4592743112413147,2.9559780392667214,2.7691649798773796,2.726038237690586,3.3654334528291536,3.6100432881857154,2.0155661209400426,2.5977476912890527,3.0759343965370354,3.0102340020564466,4.43679449926867,2.854796247110215,2.931396874857545,2.9401774839845225,3.3662678622607354,2.3037934946602783,3.3046383340631773,2.5931307516282702,2.75094781178044,4.086109867381746,2.8567505152317745,3.153408714804203,4.430546964353256,2.775034017210601
parole officer and parolee,2.4813150123957985,2.5636120370047837,3.3621035929466316,3.4897292716979984,2.8156595343763917,4.0011360144037535,3.934513473371155,1.7445768405295023,3.901651497945392,3.107165200002176,3.328155997009764,2.840808897576139,3.1781382607381796,2.4501542999449764,3.765873650565472,4.061452052157463,4.074778857371874,4.873119393866653,2.350142025860627,2.380523353023613,3.662090409160861,3.0121512630873912,4.348125204909172,2.4792764362545117,3.2217568976155593,3.4893582213278127,2.8389998787743354,3.708185420842742,3.3224269164158096,4.591680587221597,3.609417570108718,3.308592882110891,4.746924228503647,2.9524038110393773,3.3853661506467483,1.9338070244280197,2.6053864060396963,1.6036474275124497,2.9837823014468943,4.114370437160904,3.5482784993018184,3.383019390685304,3.0248119200288737,3.7111566022980096,2.836766920186302,2.975027243718057,2.7044739705121636,1.4883503681696924,2.6750842680525184,3.53028457134326,1.585183805721916,2.911418465956523,4.293213363601735,3.783163933676427,2.5109450340688197,2.2729327099543934,3.1091084591114524,3.982627410789362,2.6257370429785016,2.9890055497565466,3.1882918195575285,3.721369323539051,4.010953239560979,2.4129150439112004,4.3224750801042795,5.249642180122452,3.096559613274496,4.890031748377297,3.489340806922701,3.3628446705564983,3.7189801213205156,2.6840995246792434,3.0373548983104834,4.63601772304143,2.881988062425379,2.9017484866795256,3.7607930393471483,4.236608759123017,4.117166915462811,4.4444442476270565,3.7087332825659387,3.173622734648196,3.700855628251131,5.046934538561067,1.5661120582675812,1.5764695296826263,1.2203195815728722,1.8924133577006244,1.1289728249809405,1.1874208514149773,1.4619099004715728,0.5820364775454011,3.9609730109794183,3.2686994197497294,2.832802829747051,1.9829190206249696,2.115355441418918,0.0,1.4035616537051971,2.521510311998209,1.962820357243183,1.2947002498793263,1.4953805483564997,2.981071233478759,2.5496261242138885,2.1855781068808087,2.1396291842034145,1.8811692946047203,2.2234762074572387,2.1324837998758124,3.784353082738436,3.0900437489238612,2.8806426521273965,3.038870338939126,1.8146912708954046,2.3895602832073237,2.7312073256480973,2.575668354159277,2.4156189848955942,3.795981752899823,4.223576534934902,2.674614067628948,3.3775154623947676,1.6522687050885456,0.9776840930627082,1.6589420931810348,3.7184916879702516,3.405057194708724,3.4578384791675987,3.5763599264695896,2.491024464911546,3.2077600662400583,3.631498106397656,3.2561719650170167,3.300427962311567,4.395384113885761,3.1330780654979073,3.5731202730509524,2.3990406967004945,3.4940922844669644,3.9799189601290172,3.2816241050812267,2.8202086900722856,4.1480553073003605,4.133881590946752,4.282926714823866,3.744099924663425,3.9048260977173794,2.798802757995275,4.736137918362698,3.188852423816308,3.11259085995543,3.8041428817304963,3.2587472878312918,3.649384520911869,3.2177709324412556,3.5720167757601415,4.418315730523218,2.8782109139164387
consultant and client,2.662644281157857,2.825025240536869,3.094640243085392,3.3862496177231898,2.956499818580245,3.7804254102822576,3.544321667500809,1.0329139180109825,2.7564444134706485,2.8423368507378264,2.4567808407586846,2.0897758697609103,2.087421329059795,2.0006391664241083,3.6548409632679446,3.981861018297764,3.791183889654293,4.393480529861635,2.1677721869342226,2.0378550768890613,3.0580934060570844,3.2024291959555304,3.7683425888040585,2.7780412649343322,3.1231742660292743,3.2551918330481544,2.610538565059825,3.418424003546584,2.9926953297877827,3.8652594476264426,3.1375299588601493,3.222134545010551,4.132330329320148,3.145188297270818,3.0380781216241948,1.2381088403310554,1.7325637560361034,0.9139453672356029,1.7542509749403286,3.0301891442184807,3.0963735232787135,3.1657152133432347,2.9682146563222123,2.566716890587898,2.4053637657029276,2.4846307912505665,2.308574530763883,0.9934380673761366,1.6248265874435042,2.868673061102124,1.2342707372583748,2.2314783191938834,3.111038995042227,3.1702364034356014,1.7226962266394814,1.8034558107768874,2.000313851840705,2.880600168315397,2.567829021437334,2.6623039754842615,2.8670163926374084,2.6130057518441685,2.839866330755181,1.467551854206841,4.234816739890041,4.381020201417585,2.960224295189434,4.305738417031639,2.964448550008917,3.2837405328450635,3.48487625825402,2.3062016276290556,2.6302799898419016,4.43203492023098,2.395370903543199,2.470282044000385,3.4169373442745288,3.8118746920352775,3.6814442229880404,3.738298215381868,3.190279887785483,2.973920911021525,3.4752952460722297,4.3931540287715105,1.2861264037871796,1.99408428217359,1.9555308671844853,2.5468334777755324,1.9306478749004858,1.969885444262607,0.8170874642264534,0.9915961633174797,4.111725929796432,3.722371463174882,3.375058518124925,2.8741454023962696,1.1844155158374476,1.4035616537051971,0.0,1.182803710156603,0.6280777501457893,1.5530163434209454,2.361907741007433,2.3808862229885945,1.6724685103920405,1.890559874240282,2.3835248148636823,2.1431281150594375,1.9836732207958063,2.2105369639111387,3.07030488968738,2.5036487168688786,1.5516280899767956,1.8997922554669167,0.5802757186894923,2.5448087962247765,1.8482547095755455,1.339534982886999,1.9454335228423805,4.294754610410116,4.542898524020075,2.3498998634149872,3.508102732627909,2.239673801021517,1.507413487271669,1.7037539769771584,3.3596486814616817,3.1841450731247085,3.5840432411389385,3.318270532299682,2.4494165878843845,2.316458480339989,2.9496649734099467,2.162039873387868,3.658441208512446,3.5298075852436543,2.862021275365229,3.431735708737099,2.943090426012093,3.0907716762766353,3.867288879723117,2.9410511996225286,3.083213104859853,3.6692896535004267,3.674963351520798,4.652426575503144,3.3176541554810677,3.4478373603444736,2.873301605305375,4.118598928102043,3.0801981569793044,2.8885920388573436,3.2425368693347045,2.8810199424440213,4.0867553463655355,3.0032008671055532,3.7200784628744743,3.982468649434303,3.149641457054029
chef and customer,3.3154638540085237,3.425456675598372,3.2728693707175482,3.709667527918045,3.5270486181641996,4.111992540994533,3.80473316168609,1.5936755426307634,1.8382668317281277,2.795040312984496,1.8187891834638472,1.6487968447969046,1.4668040536847116,2.464334173029029,3.9177937425654337,4.244785435140919,3.837952338940226,4.216645498840949,2.5721580266277577,2.517972668673413,2.8357788511191275,3.8057123594246125,3.814252762020236,3.5374765164328963,3.657076559321401,3.5235320710028586,2.9259494345304127,3.7337755053178694,3.21623757272677,3.8378122010507694,3.079103183399395,3.5837007555214644,4.1923020372205295,3.7896578298216603,3.307175928495077,1.6131996166525198,1.7137135496367337,1.424138796084717,0.9973270220768562,2.2234917151427305,2.984266427117201,3.1296718103234515,3.127860803746971,1.835362978331197,2.7643053905435346,2.6631817701341363,2.61490813259744,1.7130084553252731,1.3394952470665717,2.7509325518213763,2.0300041209754798,1.862828486093915,2.2417215368262964,3.224066666246445,1.782159069598056,2.0940614061850527,1.391430558900597,2.0549497169153645,3.0886095266706732,2.9207257654117558,3.1023556679790025,1.8499522384176057,2.05344728116808,1.520619544815877,4.343909332056515,4.115309308479263,3.333910562467423,4.3770918304257656,2.934461390559688,3.6501868332895953,3.70672426769702,2.648649706184016,2.897750587498993,4.4557506217523395,2.5598482776542615,2.8151213758963647,3.3506344918649886,3.612465477647123,3.4821744473683465,3.1928792062024858,2.9677250453207153,3.1053423414426686,3.498453603407077,4.2326417105007375,2.0877892714160895,2.830458602571247,2.966006485108629,3.4307861397709503,3.028344243373615,2.9878893017843056,1.5177886395582052,2.115105083212046,4.3082882404182055,4.182545114234406,3.9085294998469635,3.7079567861233755,1.4637095211988496,2.521510311998209,1.182803710156603,0.0,0.649846173471655,2.4425705876565176,3.3798881171085586,2.193998576424694,1.606069088625733,2.2468128432201513,2.949246383336072,3.048050237281065,2.706546628801898,2.9568998013422405,2.613423269122681,2.7509316983904823,0.7735975691557089,1.6647293594047623,0.7836746048222958,2.9322631126237053,1.8078352481299622,1.1392754536505012,2.064772164762786,4.759810406127538,4.80345834307246,2.5884522935710255,4.276784199935267,3.203668168693822,2.5190902876174937,2.4148137351371273,3.244895219780927,3.262633348527739,3.9436326318356847,3.372049856080399,3.1158516078372194,2.3247183403869625,3.1939751125690727,1.6286128099276136,4.151845994930292,3.2298967993171304,2.9315006959625047,3.91458411994351,3.9199244310638823,2.993660466085891,3.9901011134932305,3.3205235853947612,3.693743976654394,3.41928243296363,3.46820785852037,4.951770430430502,3.1851020548238456,3.2367316992473145,3.3060417640571473,4.2586883228091255,3.5778899981028855,3.079600336092904,3.113261802504446,2.8340891790843017,4.4227205960673,3.1339901513113486,4.10348843702057,4.024086050497931,3.8465725341480113
customer and server,3.1427841203449174,3.2802183633525805,3.3191947734486584,3.6362756655445585,3.406599287342073,4.026475481208961,3.8330763979162663,1.281336788002431,2.3756175056041733,2.867511496983779,2.2337672970391416,1.9432409830856836,1.6857912281600242,2.2489918002771137,3.7938871605797484,4.172629468862742,3.8560035727762094,4.4245763388374195,2.504540524409232,2.4076004168519254,3.0354676871759296,3.6132841615242515,3.9268065382585,3.280202343864541,3.539056739791255,3.565122325112209,2.9372884783195707,3.7463883830982527,3.280840681514404,3.972538897833096,3.2150823524583685,3.5820757939558976,4.2965288537293596,3.626374398244951,3.3439207863913643,1.4112450756931185,1.7643938021832888,1.186665187997121,1.3426416628102975,2.679569583887165,3.1556748100280068,3.1997332360729462,3.0813547583049985,2.1443767677394505,2.6756765139105623,2.6775860171336365,2.5909659505728713,1.433363772628657,1.5505560137169039,2.898171209730925,1.7198370732749548,2.1234191075920292,2.767833631186767,3.3182942037437884,1.8502078549686987,2.084181473133585,1.8177022027834908,2.580157926184719,2.977788797009571,2.9342000827435477,3.1607035248489064,2.3204410106332967,2.525904238414166,1.5789182589812658,4.390720497896129,4.358342712920074,3.2685241271245395,4.479281351663007,3.077137727409486,3.5569588117633693,3.680250184656475,2.6165164025116083,2.925725370205798,4.546936440559078,2.5745606574455904,2.7534037555745745,3.5630343742409214,3.8781359805290796,3.7520967434571455,3.626407089726197,3.221424586691541,3.2047319861328125,3.6650665258029775,4.476805851206575,1.7119590448112847,2.4752009362492062,2.5146470007667423,3.0583384377544642,2.532915552730552,2.5243099180418467,1.0073538453914417,1.5388292990285592,4.277936374209027,3.9667174859266385,3.5922080674961507,3.2451849070635204,1.349025047430182,1.962820357243183,0.6280777501457893,0.649846173471655,0.0,2.0462687601650913,2.934457962259256,2.3797619961732086,1.6839851407687245,2.1532821258629578,2.767261443106317,2.670649313477238,2.3934670626126935,2.673104588099938,2.951445701733985,2.708425016545056,1.1108806738772203,1.7753199805869762,0.4371718624715736,2.7787346085917743,1.8666257127390244,1.0008457354821432,2.1306819842251628,4.632094416684755,4.78458803847298,2.5836097016918904,3.954519026620398,2.7861538755751907,2.052508413887515,2.154444357192876,3.4742840579224223,3.398299311524764,3.9390004658266413,3.520555466588666,2.867646855146398,2.371388559484058,3.130681470543076,1.9847906534603093,3.9767554717287945,3.471910324200819,3.0387984482366655,3.8231227193423107,3.524663980261431,3.1587817024907974,4.070370730153738,3.260081684321032,3.546442963212748,3.7131099523831157,3.743178163426819,4.920384094500135,3.4305043480836237,3.5104566888860287,3.2390658638138206,4.289819077711046,3.4724102019346192,3.0839905629856403,3.3643139845513925,3.0163784872257877,4.329491633821718,3.23498823960882,4.085269101534777,4.062298012030065,3.6543771698610783
doctor and patient,2.263153359061522,2.36568322574399,3.553149442555324,4.018148866139326,2.5006189985399945,4.245750674905303,3.3258204219062275,2.256789185979423,3.7254156746400056,2.9970889517806887,2.838921634848806,2.466342251422719,3.513929580005549,2.979286661530395,4.198961733187954,4.263328173425904,4.2436140931009945,4.407829249377135,1.5473399873265556,1.6457520007871427,3.4904674449389708,3.454152794399686,4.056496518353447,2.7195197995215565,2.9454980164129196,2.643935380330765,2.4834698183298434,3.051854559757782,2.616189100636816,3.998825866193458,3.9212989035051726,2.697537555015466,4.286461363671356,2.6937755320477335,2.839935593759478,2.3646138465727877,2.46189189093954,1.8672575619216913,3.1422946207419473,4.15003457553929,3.1299847772040423,3.2836566590633347,3.209998107039473,4.011519214377112,2.682147562171416,2.554152104219649,2.4770499196872335,1.6275758175170933,2.639939295035077,3.823137572381433,1.7344544340783243,2.5015159677919416,3.837266456442721,3.3664659760626217,1.9397859523947625,1.8458065539802762,2.6157694275898837,3.452365799110679,2.5650480893729104,3.0233887684976684,2.4947348103059,3.3685270265227385,3.5649574091812615,2.02312214513819,4.097860908763694,4.715388743270882,3.378598732001141,4.347515762785702,3.6414481418079028,3.8786183003893795,4.213675177926106,2.397733626378858,2.7002522311852615,4.388704180541629,2.850012349988289,2.3784574094714426,3.1981541047381095,3.393429515845225,3.3447258106185846,3.9032257806239845,3.6833997649033434,2.9547286944393636,3.1740305002663183,4.638638760052499,0.6676407141187181,0.49345060554365994,0.6240278670385224,1.0428923007537891,0.9340459580066687,0.6590114432437737,2.0539213458088232,1.5291164884198225,3.811307618730121,3.7256598972651043,3.6137307257924425,2.9683852389364813,1.4707625099229684,1.2947002498793263,1.5530163434209454,2.4425705876565176,2.0462687601650913,0.0,1.0518813559501443,2.167098684319135,1.668071482787133,1.1558130275911143,1.2324374468485748,1.132264482372092,1.6566678804608774,1.0765812966128014,2.9727111419189565,2.165341895809955,2.9254349695142228,2.3654156434546003,1.75312766111194,2.1002960143949556,1.7717308949274349,2.8470793912610306,1.7534076044683908,3.8769764744487287,4.372620942119033,1.6589058976167457,3.4804146425795643,0.9479503122274081,0.3699280708438635,0.635760339884024,3.2389348897968464,2.897934112679412,2.8924034721199687,2.8508349873162175,1.5275067604835395,2.383661412923744,3.0372350287590555,2.522345650368245,3.3612858484577113,3.6235380272625606,3.1705960524655628,3.0557561071350765,2.1441849727873388,3.686188318682963,3.984490111408468,2.5145387072579073,2.252880937112049,3.3982125718766563,3.333635526742135,4.2163041685153955,3.2273070197764806,3.2260314836118305,2.835111883521755,4.263142690054687,2.521650895833395,3.479917442153806,3.18681953401348,3.018576521516429,3.7964543739644494,3.011628878003101,2.8646344536227355,4.953557376518564,2.44375630228371
doctor and nurse,2.187247165026458,2.2497938110227507,3.815043940073487,4.176631734262862,2.439934174751567,4.224628918557192,3.4509218017888736,2.817958772821255,4.529387147294507,3.392884094229225,3.695206042500931,3.3025979178590696,4.249514131201272,3.3392691762337083,4.229853502035132,4.211577733987207,4.385614638483787,4.659221062061317,1.950086562076034,2.0206184666125497,3.907948499926978,3.396404949853412,4.265079650078804,2.5456678505310566,2.895309900541942,2.853902240930548,2.7552514490454376,3.1626694008172134,2.8849657989127713,4.314602480487161,4.3153072944525235,2.7754160079480386,4.492473380837327,2.5304858704886968,3.039401860126696,2.885175610412026,3.040541884802892,2.4824831543732766,3.941127455118326,4.8694437692563355,3.5087104414954156,3.6055680922893694,3.4091187158804424,4.761287788291441,2.890578205312101,2.8722640774861583,2.739706512206057,2.1660515180363036,3.3293471808857125,4.262832221906146,2.1462238380495755,3.262609101575212,4.652003503910586,3.6484543588457363,2.6056305950143495,2.3493105525775406,3.4598262667723003,4.286993640915595,2.6788514703318143,3.325963158534868,2.8105194505610043,4.145480272951378,4.360584278536659,2.717035186456392,4.116199101695339,5.119663217313805,3.552212218479907,4.528111728842544,4.052755269105291,4.023937964105245,4.445460348641339,2.6558462887860927,2.9783508740993234,4.457730676090212,3.1516569589648737,2.6249357808688614,3.6216961357052724,3.9181973153418403,3.871829931839069,4.596214050292411,4.2100080352283955,3.2780640566711328,3.5106762663490745,4.920186050847085,1.5310199255377057,0.8266410483246948,0.45883654605026114,0.5946508107506847,0.6333199901861397,0.4801270965395956,2.7460834315586884,1.9280281662611742,3.8029625489408305,3.570362320012451,3.542835341332566,2.750539886225937,2.3252464934531636,1.4953805483564997,2.361907741007433,3.3798881171085586,2.934457962259256,1.0518813559501443,0.0,3.0238479384499426,2.6204944042783014,1.983214334999501,1.5627908823078775,1.0467777752637002,1.8959521226551752,1.2538301857926855,3.8099894514721293,2.635508017351228,3.8172373502394414,3.2239322059555473,2.65079154093338,2.3151289950775347,2.719848757161478,3.6343245275120957,2.4836191085082677,3.5598296250184016,4.251019891803397,2.2076052488954248,3.182264729458032,0.49774598127009445,0.9615053263074299,1.3252731041327634,3.7004329352486645,3.243157475735849,2.876405198382833,3.2302291830423577,1.6370145203690953,3.054807513134902,3.3893316871091335,3.487159414189674,3.1107748770660857,4.170837391077973,3.551316682389852,2.9830578143453272,1.550943852196932,4.1509314079105835,4.043156842163479,2.6724992555134257,2.0409880138637755,3.958997959685657,3.8606096553844664,4.0347155470438585,3.686843475226525,3.783509791482501,2.9538952062164103,4.455480825994525,2.4809267174427223,3.813737632920294,3.654645408447811,3.4956145041707782,3.6830673907501668,3.3317297625816287,2.817340150880121,5.2571523598569305,2.1756707642810724
patient and caretaker,2.977811940985822,2.921602156518217,3.481591597380347,4.330642393153984,2.979656055774785,4.9554407228956565,3.5743139429654,2.939009496268392,2.809461010507828,2.7354684485000798,1.2920920764956099,1.1889749048602514,3.4113168083927627,3.6935114310920536,4.9107009606688825,4.858486271169989,4.545706667655617,4.024043988821663,1.7746762945948533,2.269975543549938,3.202286000819288,4.156172722868957,4.191714960750192,3.7242816276004604,3.645351518942749,2.455031084140651,2.439936473649232,3.236194859718199,2.4333806049493125,4.079750762019212,3.658108975664614,2.714193575892409,4.459649438504591,3.3897099270547226,2.921776209808499,2.933356877056086,2.6926809143298187,2.402151661278314,2.919772463657922,3.4732771681851093,2.6941730301363918,3.0706272833048547,3.427789483813461,3.762366161556726,3.3613450121476656,2.8559423254201435,2.8509304554627697,2.420471144687758,2.5054500861194167,3.710488430923604,2.730266804753669,1.4119126722839375,2.8282308542658243,3.53734902522239,1.9498833861959182,1.9660790383659752,1.7336546741445855,2.199971930778197,3.035506401555815,3.066922449292594,2.2508029567944865,2.543392621879937,2.7623983756070563,2.1445488263930206,4.1371720430706915,4.525603039201479,3.666724178018803,4.508410578386301,3.362607663992581,4.246898107893279,4.406809613563113,2.7815293355597666,2.8219460033109844,4.34516702804304,3.149661499672222,2.9654233017373803,2.0358658307203275,1.753708139465592,1.7375282744523382,2.0316419861062887,2.768848324220016,2.4041024231787005,2.1869648822304275,4.282795824976082,2.1948197471081237,2.256925491937713,2.705008288220016,2.7347814029126205,3.028411067607364,2.74925569008528,2.817778779201427,2.972166652396034,3.9023054876031487,4.4516550644569834,4.535701871521866,4.346074252300803,1.921611125941905,2.981071233478759,2.3808862229885945,2.193998576424694,2.3797619961732086,2.167098684319135,3.0238479384499426,0.0,1.264206121954299,1.0823055856635166,1.7006830411716523,2.9137973408461804,3.060727586442595,2.4924180855332705,0.8408720021354561,2.62560684910768,2.674265203511259,2.3751357584306074,2.099295539049908,2.5303670067477717,1.461245559916933,3.204215892143356,0.9759982512342247,4.304747733746742,4.346897758360588,1.5057337285935213,4.931489369016648,2.91142632221238,2.441074265765595,1.7778564778814268,1.9934535231351351,2.0565611413688956,2.7142451803181853,1.8407803636447921,2.7805536360855823,2.5787347964404317,3.7094752325559974,1.355505913328089,4.099752457158566,3.2496463960908715,2.6851476427516654,3.714334288779676,3.869714263677562,3.085781297069258,3.8839018734374275,3.073128907361524,2.8744414973911168,1.709164754945165,1.7531436931236137,4.193845425646145,2.05440871185694,1.6232813502374868,2.968933864342477,4.709851550691862,3.206814613002014,3.4189600616860454,2.2353501860240574,2.1319032874827353,3.9480576945238184,2.483787336328497,2.7163989060467215,5.080103356838435,3.292031955084524
driver and passenger,2.8063101907527774,2.8910484834091443,3.539686510001906,4.259581404769745,2.9347125205149776,4.308043257499659,3.0560829182711724,2.400520978248152,2.507323001687175,2.676496283008707,1.639455810996851,1.5749528884503612,2.8827258425179987,3.1790638578112205,4.2926854097003915,4.306891040386351,4.033910382223502,3.7045211737963273,1.538962124817017,1.6168333745979466,2.8293181051775145,4.001753584156624,3.586029486558515,3.418584772379701,3.1822357421408243,2.4325874268433108,2.4591531039336205,2.8941892819064194,2.3208795855092728,3.292649306641865,3.6998731438680976,2.7275146783557886,3.7685443287952354,3.2309248820461764,2.625655639304316,2.3609317100053295,1.8891767613000083,1.9080341315948899,2.375705714955353,3.133475399769223,2.5072952903119896,2.9882065446484827,3.2113438929581046,3.2550707844667803,2.5759957278587335,2.1591630480151225,2.3256945821685786,1.8723687054576261,1.9562557835382228,3.478775821518285,2.1244222518273963,1.6247584736905711,2.377907132938638,2.821300524654317,1.1717244794853172,1.6004635227200497,1.2891584333122736,1.9701695598271363,2.868463969372856,3.0108105269946437,2.241027698012514,2.0813096730688705,2.1653144501279473,1.3327877440496532,3.9107080498825475,3.7687324769660573,3.591980764732571,3.823573281827364,3.37014573209123,4.158085903171433,4.335250829958272,2.2808502669144812,2.518163537782025,4.062692890310297,2.5928066042680307,2.158933393843649,2.7071054995576027,2.62143872392123,2.5972532887613564,2.8622219873581427,3.2379759166872586,2.8294445606114307,2.839147984258235,3.921449587113389,1.32489861080928,1.875877833511878,2.258460957549412,2.425411714158355,2.484499499667433,2.304993382137852,2.3633245598926416,2.432624024868858,3.866249626182257,4.238371641897605,4.268860792237913,3.9865870782029535,0.8103434086230619,2.5496261242138885,1.6724685103920405,1.606069088625733,1.6839851407687245,1.668071482787133,2.6204944042783014,1.264206121954299,0.0,1.070175252483628,1.8849059726835717,2.1734330631201852,2.028482213546726,1.828380467563695,1.7981838271093367,1.6239925583746224,2.1541012240173996,1.1896187149782853,1.3853918678416197,2.365424430544879,0.45629250061820503,2.448541506299803,1.3155816161795564,4.372690880916392,4.624887453186675,1.2392338981440378,4.076027421957076,2.341737424602411,1.9589026843229715,1.474270318974803,2.736876186731899,2.6217656883094014,3.060486574185366,2.4572078481313397,1.9754873073446206,1.4414891398867902,2.630738871157514,1.0652861261399067,3.7968742605977686,2.4749125690002387,3.0467178040304206,3.169792419488165,3.244382774803064,3.4568379936187354,3.87150729532918,2.3444736216539073,2.7813831813162966,2.5920677486459867,2.541093493761301,4.492085861112374,2.6386477972984705,2.5012004053793557,3.1566145347118195,3.8246951301724637,2.6453603663020635,3.5669208769837573,2.4647970891309643,2.6676756287850263,4.183333469205897,2.8833483151906965,3.0560025668077886,4.885155488638104,3.0766488137126813
coach and athlete,2.309224689162545,2.3366449003346044,3.330406138964721,4.0587700624935446,2.3920211819912325,4.495078144577966,3.1195273336682163,2.5307225970094103,3.2347506866645337,2.780944353182269,2.0247752327557196,1.7497702551842405,3.480926038277023,3.2538060494568533,4.545864917944068,4.493220995664616,4.348602581525385,4.054384579766961,1.1568413677936331,1.561291058867505,3.231431978329886,3.649383426071053,3.908082218634556,3.035485516949482,3.01393835594655,2.081735684031475,2.099513825119326,2.7668194453939505,2.0992159531563823,3.791819626521535,3.6725074188253743,2.293070611200455,4.129168420815142,2.724715117329653,2.5177836347235867,2.579667267522868,2.4344451092265964,2.018905273466556,3.0021538725843144,3.794779488612683,2.726557649929589,3.0990942570826814,3.2668088246039777,3.9065931817713313,2.8428135822200975,2.475641881159159,2.419839621758026,1.8616464094366998,2.4322903447808284,3.661372355331117,2.074155968270139,1.8480419317930963,3.254715975911639,3.225299772410836,1.6407074412453377,1.5569656191017824,1.9936534324906123,2.7403465798050655,2.521093721431921,2.8068853140482593,1.9262175269766169,2.8685236890928683,3.0682990497757765,1.831070345001762,3.9808766859838594,4.429552072006376,3.3382142824541874,4.170257911112675,3.33768750164121,3.9398052399794175,4.198394905020952,2.3149602075142632,2.443375720027468,4.235082585638955,2.837853614448678,2.405941756551882,2.323321551644331,2.321121408656775,2.2908074844367943,2.874107128200868,3.0738409715843646,2.3980545652908822,2.371551894359862,4.234122791156361,1.2893114776854422,1.2273558376697569,1.6696018712860656,1.7159699034334839,1.9925446570617955,1.7258031691773406,2.4191495723975516,2.2754861830025694,3.7587032035443197,4.084353873647086,4.137947876144351,3.7295857277543285,1.4104526160382582,2.1855781068808087,1.890559874240282,2.2468128432201513,2.1532821258629578,1.1558130275911143,1.983214334999501,1.0823055856635166,1.070175252483628,0.0,0.9177199094285972,1.8774730382224023,2.199387636199449,1.4812087328091657,1.8755942078575398,2.063398649662833,2.7400239787542495,2.1605033155383424,1.8245646489683278,2.166284657956303,1.213985049091697,3.0079497010674094,0.8754695780100442,3.958731003905906,4.246828347485696,1.0340036553825394,4.100095044776379,1.8556673207475063,1.463061179303905,0.7353842603630275,2.3677613293360533,2.1425467978573622,2.4181578178251026,1.9654416675119581,1.8631929557845286,2.201061262217285,3.1503932949296125,1.721292569019868,3.6308837706382597,3.222535442893081,2.725668018416214,3.0732648768041155,2.8575736831492624,3.2554087013120436,3.76793068380969,2.4523233765026697,2.185285353118126,2.3321488568150963,2.28399424534195,4.057510137434474,2.373764873207245,2.1944131971415883,2.6379026213326306,4.264801654155958,2.5265795499917485,3.306148308851685,2.3908568858564507,2.3362289795021507,3.7855415391269243,2.4674983312892778,2.3714795526069667,4.944907243380662,2.5293581245372936
team captain and team members,2.107655616683291,1.9826049866106012,3.4191285691281053,4.1252077174584745,2.170447298348012,4.526841849303948,3.2632820086016654,2.8980333804800025,3.8025050741751967,2.7333111971276396,2.5569530167764087,2.215711405494336,4.002655951708739,3.5608132327198088,4.502814555645041,4.369801821651653,4.330267393195716,4.084579327148243,1.1497723456537579,1.7754872231627887,3.387935731876048,3.5668529216631186,4.121937667186275,2.885756513312539,3.012058713124045,2.092799705739999,2.141608233930782,2.8471008910004776,2.1858021460443227,4.151345379804213,3.872202411970631,2.149887593798196,4.403866468418384,2.5264990755198014,2.62691965346185,2.890919542442827,2.826645865289742,2.3309328492297468,3.5974551040600304,4.295480166539894,2.768261907179673,3.001969199279731,3.1192635311031056,4.476024547889852,3.0049517631475777,2.6316086521483637,2.5337489684326493,2.1339539210509746,2.932744528561065,3.960577083327212,2.327967376437846,2.2060782564334254,3.8865920572629977,3.462777692047814,2.0978019081798798,1.783300869102721,2.6608959426071075,3.355360741102801,2.5161759777240182,2.9613838821966985,2.042352328531181,3.4304937866095884,3.691978056887098,2.351312425197372,3.738972499262405,4.837812616304388,3.40620267341612,4.421991492143258,3.5785293819182753,4.001305263734872,4.3406109403259965,2.436613318711616,2.6123045003546044,4.072871971222903,2.979418876647909,2.5842649175944494,2.3624387500394133,2.446366883892405,2.426759414236763,3.2199688891984684,3.3044033362744907,2.3637383977371274,2.284319220398429,4.454302551686178,1.6904265497039828,0.9852204751907724,1.4261799512864795,1.2210074034125455,1.830386994104991,1.4775412396668957,2.8348198042658383,2.419058718310931,3.36962851424496,3.6958853367775277,3.852453362529878,3.422449515178776,2.0467335753503635,2.1396291842034145,2.3835248148636823,2.949246383336072,2.767261443106317,1.2324374468485748,1.5627908823078775,1.7006830411716523,1.8849059726835717,0.9177199094285972,0.0,1.8373581660132157,2.431774297228762,1.494610349190435,2.4176895239380136,2.4724272849179734,3.458580775545557,2.9237391242075113,2.403256186853157,1.8697415662120735,2.072142143697344,3.6403314600940626,1.3331869210862657,3.3565831135760815,3.749971969730681,1.2279413680754263,4.075548468331745,1.5910655628185337,1.4680905710253858,0.8536869993281934,2.4227235636255164,2.073633381952257,1.9844694599689134,1.934124355794246,1.9231695768447292,2.8215596278584942,3.592280080913577,2.5985839662906733,3.1990878959349955,3.6727271400778703,2.786257482642756,3.067570530013815,2.613502469247428,3.4309018909807816,3.5741557586988653,2.603233274307167,1.7469870370735818,2.5102123875513844,2.4349518381724495,3.4678498069800137,2.472916466812466,2.364767845447501,2.501200394547235,4.588347867746821,2.4715436619925923,3.428526295771329,2.6266980630338015,2.4584223212769647,3.2409321962467588,2.453443132302466,1.9043773742678103,5.193663997709799,2.2406221639087542
club member and club president,2.019478961586247,2.244020746289612,3.6608413005488365,4.096584478686044,2.283650093432313,3.7385408222821512,2.6798542533117886,2.6021736355393563,4.10798873826764,3.4062151054121554,3.5002552784981678,3.219460266736473,3.9380657810223574,3.03461656844605,4.012003189593988,3.9394211346865737,4.115704382856171,4.211867293920882,1.670501352955194,1.3404426468642565,3.5455837732551085,3.3483251128792433,3.523369336602933,2.421671974803749,2.327108123163412,2.409384033603279,2.4910021898761125,2.509452395743198,2.400609350279446,3.3873062274297103,4.147018538971147,2.4616885500233314,3.621357638538357,2.308733654342432,2.458397862832053,2.631963630014924,2.507491649697062,2.3102422969465373,3.5641630331449146,4.4565855027744385,3.2184804797681976,3.61210728462581,3.4623706664103557,4.3824083044135405,2.2367063628626087,2.279190695159697,2.2360361910272255,1.9188034109771004,2.8799607895441626,3.933902504388304,1.7971025527943814,3.1557251798982753,4.074680543811048,2.887752308717914,2.0450499969116787,1.9810638190083678,2.9696278003384484,3.8066715234524677,2.436358601670258,3.073257815815333,2.3924174655171595,3.644424741388749,3.759486012290571,2.131840260012484,3.9541575272483738,4.2307599404804135,3.3990075456353095,3.644602342680615,3.8008148730730924,3.9410739919377424,4.31082804646723,2.1294665818907963,2.467436237761623,4.2000202255985695,2.704313152296534,1.8538352579771422,3.5053214214584734,3.7787090657332256,3.7327063997485515,4.4192346907805655,4.116344018096584,3.241126387933888,3.4570554210567903,4.237378219593069,1.1145742558280907,1.088912589144735,1.0040833853247852,1.1606596434904133,0.9462072735069238,1.0831866416638545,2.7224585647547097,2.0429856803444437,3.9515277603989984,3.8811524827387935,3.9464205554404326,3.244404458571771,1.7436567555342,1.8811692946047203,2.1431281150594375,3.048050237281065,2.670649313477238,1.132264482372092,1.0467777752637002,2.9137973408461804,2.1734330631201852,1.8774730382224023,1.8373581660132157,0.0,0.9403608113969375,0.5642798525287867,3.6406137074393063,1.730917908793557,3.4269530307254055,2.4821889918812055,2.4035868513380145,2.514379527237099,2.189307518280287,3.23913360394448,2.3508821390191668,3.8739232769695047,4.55004076274764,1.8806089039363725,2.5908312241775944,0.614631049442266,1.2126495209595907,1.2709206047290362,3.6357277247489708,3.1760204255239954,2.889794933024484,3.1074260517054193,0.7560537577783536,2.169380704817953,2.3608721358626656,3.0089034569137207,3.210510148476109,3.3804605203038283,3.5362892291931565,2.2762651898233948,1.2064115649957823,4.130867354359018,3.911970618723712,1.8093877987993012,1.9279579238384943,3.8146291489570108,3.6821139836717895,4.353763431998585,3.5218003576571713,3.6652901124770283,2.9864665595068396,3.4904786736273468,1.7869085234926663,3.799298343085638,3.2612358214847337,3.433862176526529,4.113501195272539,3.2728859724349224,2.8175528942033976,5.0068289853800225,1.936122436425818
politician and supporter,2.30992413903315,2.5736737049696794,3.64465439209823,4.07010616326064,2.5975384136912614,3.2651116839158547,2.400225032830176,2.387867991574037,3.619684948317088,3.311515469279471,3.370145506302774,3.181537510520561,3.449600652755689,2.7866671769838254,3.5856313103242066,3.5576721124182344,3.6796250296873683,3.8291276346239007,1.8656769515223366,1.2486728173175652,3.132575967159024,3.4587294632193952,2.974013961510933,2.591006304259239,2.245043780186307,2.5775609208322714,2.6088431997296753,2.4397676090712217,2.4373421844183794,2.726750724697102,4.004433705161772,2.6707823125035226,3.0409025504065994,2.6104294818931453,2.3597921668612605,2.323461451134855,1.946865775264083,2.146519287200541,3.0876266365202003,3.921242950371746,2.991502120934456,3.498368974336936,3.3407984493301823,3.8381499125196488,1.6784318008326724,1.8219885268456202,1.9333065037428414,1.8102575098628668,2.4450976774348887,3.6092834201683552,1.6806012063089442,3.081034329906008,3.5114908106180507,2.289050729995607,1.6813055413109266,1.896037246245055,2.60066961226508,3.3871564684533433,2.5458852301654886,3.0552929710613257,2.5009249483146907,3.129594582812383,3.1642964865544543,1.6908672249695549,3.782920995171289,3.4956858473481405,3.416665628475166,3.090278622837135,3.658398036093636,3.9301306387619332,4.233332816268856,1.878693024096777,2.328046644339548,3.9335531181891548,2.285860746635835,1.3463772685036641,3.6757316874853756,3.9606857859865032,3.9012786640656283,4.40880188026837,4.127364721215777,3.417540774553111,3.680296622222062,3.773725146439359,1.2361729784037228,1.7708564919231673,1.7547534001442397,2.0127637607709397,1.6399027703756137,1.8161032352472448,2.673313801226598,2.152381248111685,3.998167357713726,3.931983902850593,4.003655636815817,3.426817181717571,1.3976261013693898,2.2234762074572387,1.9836732207958063,2.7065466288018976,2.3934670626126935,1.6566678804608774,1.8959521226551752,3.060727586442595,2.028482213546726,2.199387636199449,2.431774297228762,0.9403608113969375,0.0,1.1396855249911964,3.6948171405605317,1.2370939373850158,3.036308186208248,1.8967886614972367,2.1719350403293336,2.6807327746385146,2.0375024111754945,2.781953752129112,2.5238900562919357,4.119213820689807,4.741403622330292,2.015674031562683,2.257682625525982,1.4566873090099381,1.7565605388438426,1.7612978051055383,3.799524381441536,3.397418356037431,3.2733802603982523,3.353638942988432,0.9245562984395742,1.536621528548205,1.5682327230647357,2.798843325354827,3.2468184933185165,2.762373322884451,3.6371872314992166,2.136502572965941,1.66441838874311,4.159285912052428,3.8172051215727048,1.4943648668425789,2.361091737124231,3.958519995120457,3.8228835602873326,4.618227720906889,3.612564150264386,3.820994535064587,3.238554776748852,2.8043802400384044,1.7170987230663315,3.8533029952415148,3.213743231681118,3.5539017680206593,4.3697350541696,3.4364430667889687,3.258809512575934,4.757405995809728,2.338328294957804
leader and follower,2.0165455320173344,2.1907640906785026,3.6475137848611974,4.223348663436062,2.204213015172876,3.9400949922924102,2.5391534508918334,2.746507248742731,3.922914861210497,3.2509499879734047,3.1666867545985857,2.9322879273286278,3.964362849793516,3.242126158621626,4.204820182594373,4.065367107332226,4.171019870699908,3.9948260400140865,1.3210520821714231,1.1186926947194649,3.4154471579255663,3.524392718970017,3.487250280021687,2.624931802208496,2.3791062545860324,2.034022595723902,2.3186722022720363,2.313251691064335,2.0902279170442926,3.264090197402134,4.137475871603435,2.2054280001193964,3.5604925625495025,2.3145061135151064,2.2735666326175465,2.749694116155583,2.474940644974721,2.354644584164661,3.5400157100565415,4.352692416982711,2.978863552812035,3.4688051582544044,3.4464434041620606,4.397109390781163,2.3166364312649903,2.1703913844568734,2.1961673181153083,1.9906190771047862,2.818808263087295,3.9608013987628077,1.9487619417971689,2.864210109263831,3.816739459996478,2.8025788979675337,1.8280928674437018,1.8003129616648386,2.703771288803207,3.4934820811668263,2.4463990216219758,3.0437863813913943,2.077602531557827,3.4247115893988966,3.5279951992093204,2.006719365020328,3.8399408067651204,4.088644362679803,3.4673170576409325,3.5543141468602903,3.759765729564127,4.073949875308929,4.4196961012466,2.073661706922221,2.358987905996935,4.080217271054471,2.710070827960671,1.7816650296462682,3.139849521005757,3.2916849602408305,3.2718698838214353,4.020263720093218,3.9354524534037107,3.0322324321407006,3.1102493118735,4.078728547163039,1.0642068208811022,0.9492221025112241,1.1572223617733957,1.0988028386812347,1.2969549975495374,1.2451074548872452,2.847208560827392,2.2898041208917217,3.8301588259573363,3.998342287224865,4.142661706201044,3.544945725868359,1.5824214327782322,2.1324837998758124,2.2105369639111387,2.9568998013422405,2.673104588099938,1.0765812966128014,1.2538301857926852,2.4924180855332705,1.828380467563695,1.4812087328091657,1.494610349190435,0.5642798525287867,1.1396855249911964,0.0,3.1817751643586116,1.4575636502286493,3.379221317434801,2.2944001038141204,2.3645078693813257,2.3771332178718336,1.8337790902712476,3.326832990608593,2.013053521857375,3.8580418541063746,4.479304034013792,1.4115366944543546,2.98373346667193,0.8435986791047403,1.3095157631137684,1.0155565510000792,3.288422856988283,2.8494443130295286,2.60064546665172,2.6958684191087605,0.53400408628383,1.9418918801585872,2.3625165148394096,2.665246557639779,3.267538520037018,3.097912509658732,3.405076266189822,2.246774593004018,1.6085618824696517,4.030317224365785,3.837774039159284,1.6303717787203118,1.7601603285299299,3.3582045109608827,3.214094383591144,4.225028025566911,3.173185042460399,3.2383344834699708,2.9329153243431265,3.497212172402001,1.6626402356281544,3.809418991185745,2.914479709213479,3.191279815998705,4.047839153717771,3.0734133412404288,2.480666355589707,5.136825438280821,1.9109325730578937
babysitter and infant,3.595201665639508,3.499093281493497,3.892548755421229,4.8253493747294245,3.544134699996835,5.377087546228486,3.9044475389387756,3.5726376932958175,2.7673422560057204,2.9643482425803653,1.2372061592123527,1.4528742609985341,3.71299783801049,4.293271249786315,5.305214230551502,5.200897186262111,4.799348505178022,3.9852671018155066,2.3621534693958823,2.8513695967114296,3.3372276803331493,4.752907244735942,4.433010725122636,4.3776647985202555,4.163320955312747,2.8037082067183263,2.9249009901286365,3.6041976389437225,2.79202818917828,4.259678512579825,3.984695968928048,3.126707357719619,4.6826657966320555,3.975073357768196,3.305458952264491,3.5038199523973774,3.0999819966495767,3.0283884884333907,3.233269362368712,3.49677729247372,2.8132831183788087,3.2629307299147676,3.76656463854741,3.9846921795744317,3.82801003310669,3.2229910293227926,3.309053959227398,3.099729790149212,2.8925661597627355,4.041716569386216,3.4236469929577185,1.6140997617308508,2.6618517632759886,3.800939615015058,2.402816432643397,2.514203125213203,1.921887969584404,1.997613147810988,3.610546859791112,3.5410867865879405,2.6524837685256313,2.5326194060089438,2.7031727005842354,2.6274788636320037,4.294211597218241,4.555091290026039,4.181098103410362,4.7103386497922495,3.702085019146654,4.762354265979546,4.863990214289378,3.2605808000930394,3.2618961814052256,4.447428613479023,3.545770987914561,3.4120465409603984,2.133079352885711,1.5065417240540877,1.5569625583496862,1.6117781758404692,2.956482915179701,2.76097140586634,2.344050047922264,4.333586705388398,2.9400625113142023,3.03083750343283,3.5096961615120486,3.479622684839829,3.840819830764998,3.55431081533148,3.5044940375287523,3.7418836485813602,4.114337856184116,4.897808902344722,5.066890039367547,5.019487386941204,2.5162227279043736,3.784353082738436,3.07030488968738,2.613423269122681,2.951445701733985,2.9727111419189565,3.8099894514721293,0.8408720021354561,1.7981838271093367,1.8755942078575398,2.4176895239380136,3.6406137074393063,3.6948171405605317,3.1817751643586116,0.0,3.0388324400128,3.0501011216158704,2.726925977333292,2.6998562927717478,3.0049970821721494,1.9594244425168073,3.69490509481462,1.654044131233121,4.680346227030687,4.603913524021808,2.0056631787440775,5.547577899562365,3.669407327015439,3.2613676740637305,2.5757309561479755,2.0761888818943266,2.3157124491344017,3.0775043426887145,2.0328136251942213,3.3922382611448962,2.9297719915347744,4.11361477727137,1.5709152852616517,4.527128260118377,3.2481442967825727,3.052580624450612,4.169730542142128,4.588517353943093,3.384496999301304,4.118612094869372,3.499588029167368,3.427867681828892,1.4743943190009097,1.5575759948815884,4.429126565441728,2.123923337021286,1.5244551927347456,3.500394098681044,4.995790500218659,3.6787287111601303,3.881860968696189,2.332379330918488,2.4133198728024676,4.274234327137179,2.8393377705240073,3.0735432780246503,5.4648368111367525,3.8919213985342362
religious leader and congregant,2.644268020871591,2.8268530147089517,3.8400654523585356,4.535075060281463,2.783476081306161,3.655311304534824,2.031939832991848,2.979918423408083,3.2359847092450407,3.2134981588826346,2.901316128711411,2.911081100753308,3.6303087099090314,3.4251801055519677,4.017490028123471,3.811252266427868,3.7864598732555987,3.227308119340785,1.695525634936745,1.1999536385923069,2.860775096077637,4.039831701967955,2.728462058383121,3.2325625494772376,2.481087389460304,2.09468012899049,2.580946125486778,2.1122921596957864,2.0200565660576006,2.1108504687016785,4.17070788326058,2.4539914802905334,2.654969377950098,2.9088213983822624,2.1029649890307516,2.825886870053086,1.9823971349652878,2.5781146527051173,3.1726677570963977,3.700058008042868,2.5605695579570815,3.3876409853552656,3.5064302844172897,3.9404495473824737,1.921946954195075,1.6064795904795914,2.003803185243035,2.3283474059008618,2.466377467330705,3.7828268110052297,2.3327401220465345,2.7610389501508186,2.829492393990507,1.920974235998577,1.3872164183510425,1.8644943303739299,2.121719079619919,2.6869452714290203,2.8527305817002944,3.238747607912702,2.1558595460469543,2.617442470144057,2.5319286003966592,1.6088554028409725,3.5792526761246712,2.799247684561317,3.78800529663791,2.612961384304812,3.7571434872418177,4.413655779409986,4.646295977552817,1.941153678284421,2.2786440868519557,3.6500979637942157,2.3914138601598087,1.2152350272777346,3.2373963873937748,3.252317062089106,3.249319548757083,3.7866318104713335,4.017112639374308,3.3294874271626775,3.3074615659465287,3.2444544468974534,1.7178280742527368,2.1913277667878215,2.4702425827735555,2.4799674892924575,2.5507770557148395,2.5431571293521236,3.2853438521256835,3.005363463679889,3.935211249257442,4.382418366354879,4.648772549166489,4.298385861947207,1.3934011784056417,3.0900437489238612,2.5036487168688786,2.7509316983904823,2.708425016545056,2.165341895809955,2.635508017351228,2.62560684910768,1.6239925583746224,2.063398649662833,2.4724272849179734,1.730917908793557,1.2370939373850158,1.4575636502286493,3.0388324400128,0.0,3.125381472847189,1.4685672342570877,2.435499070197065,2.7812370225105556,1.5800533832242483,3.1637830614649456,2.3213137574604956,4.325962768149852,4.839108254147902,1.5316959203133493,3.0888378069973643,2.178811241286755,2.434332487803456,2.007512054299832,3.408040295905915,3.0877619756664307,3.0763113535221973,2.8802805822953688,1.1230220940663402,0.738679792533923,1.3657321707719898,2.2560122288418563,3.5339463205742048,1.74668223272929,3.6799372301595565,2.121404015521946,2.5403086604132286,4.231721396495355,3.7780062000067844,1.0693185313842852,2.443435976179785,3.302340056534997,3.128922755067806,4.61644538058806,3.161749624305228,3.255464439704686,3.47470047797344,2.5282229075154015,1.5967854725366293,4.156001499608944,2.6463084602832048,3.385912325117723,4.536059472034182,3.35612366888279,2.995990218413791,5.139704808547772,2.6116253538675296
prostitute and customer,3.4668997678717,3.6569956883510932,3.105900193095068,3.4259117455122863,3.6673804198873836,4.095229698429102,3.891232377559927,1.5628255177754704,2.0269662543684075,3.3820860769757597,2.326522527644119,2.1882993874426013,1.420729411178738,2.166075235024282,4.161554361749806,4.519146769423292,4.157598947801308,4.61765367289839,3.021777728841672,2.8396387224017974,3.2084850828660354,3.6664785250791017,3.8043260776811207,3.554787748832912,3.6917011433013873,3.7628631266279955,3.037865239640824,3.841089523236174,3.418093603186813,3.8934040360486124,2.8303554897422885,3.7886602214710727,4.160877646007061,3.8717229218589915,3.4126922033542293,1.7270393131939892,2.0417886353318666,1.736418885161132,0.9152630356303532,2.2304907000598604,3.463331921127005,3.703605617926691,3.626903247550288,1.5734902136417017,2.956403458385674,3.0333663077844317,2.8302398653712086,1.9593774489102642,1.4206708687225302,2.461976830642166,2.140877143605849,2.4566980830188903,2.475505306082386,3.3874943282471675,2.2143302434750405,2.426770456945303,1.7232872937285204,2.3971162908726056,3.1012583520973815,2.7898687808739284,3.281812022629227,2.170856172160137,2.3290166256729696,1.8262980124324484,4.812964805583742,4.168654187930394,3.14007285624952,4.39132203165334,2.689202680552161,3.3782269852006652,3.347187575468774,2.836489947580345,2.940266462869107,4.890707389813099,2.7763546164426125,3.1086585429739477,3.5694157448185324,3.9624944460785763,3.7937077396555545,3.3899028595819036,2.8703325445369363,3.2314468462460613,3.740876437169238,4.227232499789269,2.5583103730453503,3.344923575058036,3.4123202739794465,3.926997172842407,3.3885334718606095,3.444101181185561,1.6318508477663654,2.395174463085712,4.901783947922065,4.66329099992516,4.351557881693822,4.094711469613772,1.9410449488442503,2.8806426521273965,1.5516280899767956,0.7735975691557089,1.1108806738772203,2.9254349695142228,3.8172373502394414,2.674265203511259,2.1541012240173996,2.7400239787542495,3.4585807755455567,3.4269530307254055,3.036308186208248,3.379221317434801,3.0501011216158704,3.125381472847189,0.0,1.999571043568087,1.398978181036627,3.5945344056017716,2.257844136406181,0.884534469671984,2.4506026496030855,5.20028990822598,5.178425264295451,3.123625513894241,4.332459569701506,3.6531259939814933,2.9608062084022504,2.856524723976167,3.4624787590128525,3.503469054099232,4.2524286153073385,3.667761396282814,3.531216894307352,2.6391644251369013,3.296026016236006,1.8798889586759697,4.636307302479163,3.5758575881751917,2.9448845865015425,4.037085981856717,4.161322493545951,2.8514107336711803,4.203375317671024,3.5837098274664823,4.009235168470587,3.7222966924482255,3.7896910608237375,5.415555259956405,3.3935110640554056,3.5182731627395123,3.351766116280285,4.234422485137167,3.8452681317178166,2.8737103352461473,3.2572139299376976,2.9437655770333717,4.926512970330013,3.228312841755824,4.442343545428279,3.537791183333187,4.028117416854425
guide and tourist,3.301658152724687,3.508211117591716,3.8957727096277286,4.48796446671788,3.4813532734538333,4.073365931221377,3.012387697643614,2.5001240224084875,2.4536697227765822,3.258432952166407,2.3719247738650058,2.429958722814147,2.687554465561241,3.117267493891471,4.19818423941978,4.281791028495078,4.01244949703454,3.7991749438643683,2.3233475534249886,1.9697144292463604,2.9599149530877473,4.288929311123538,3.292476927903913,3.7156731019909186,3.279755508332633,2.9861092183584095,3.011193244382369,3.0740593083448577,2.792651822083742,2.7697787023247327,3.9619481844113604,3.2932675517309495,3.336797705658481,3.656279441891859,2.8718613347091635,2.443727430963317,1.769708727477702,2.244011055143978,2.2000654607412375,2.9735011243046854,2.925884414955076,3.515833846307305,3.641967200396233,2.940630456645934,2.4231979974883866,2.213681327099725,2.4920173571052247,2.205009617997059,1.954165145986847,3.5034214838571245,2.319565971186498,2.4349698089496314,2.128093732403338,2.5601865621336723,1.464309439090346,2.1391649057070796,1.5199451688779062,2.0752496179324953,3.2565311333870155,3.347078086685109,2.7953101966829106,1.9985755419047506,1.840811631803266,1.4030734996783343,4.235679007919714,3.1513511659221,3.8857615676482595,3.413889218084374,3.621651678717291,4.390702497065202,4.508365323876135,2.4768317829555273,2.755679315949801,4.277408679153016,2.64142473353029,2.1064020990977483,3.531300181402953,3.5310245037621586,3.492161213140924,3.588563194226601,3.8061541913080594,3.5599161847061147,3.6895579845952304,3.7611397485662117,1.7575631695705272,2.640345909661129,2.8769509971235854,3.146144000414334,2.942629820972534,2.9226963484799637,2.610606463378109,2.7635275838851614,4.4478669452255275,4.691416348019415,4.6779837148307815,4.385325282938214,1.0408543881527361,3.038870338939126,1.8997922554669167,1.6647293594047623,1.7753199805869762,2.3654156434546003,3.2239322059555473,2.3751357584306074,1.1896187149782853,2.1605033155383424,2.923739124207511,2.4821889918812055,1.8967886614972367,2.2944001038141204,2.726925977333292,1.4685672342570877,1.999571043568087,0.0,1.666898194155041,3.1082894590789443,1.0979020067285603,2.103570626309511,2.315261148149108,5.02178617427958,5.323043578334056,2.118472712967626,3.79990383985509,2.845103728197027,2.5796145267616377,2.3204090677198397,3.586013624045625,3.4617101783850464,3.8693857052546092,3.340605903868645,2.219280927811504,0.8209628593910647,1.9178189027567085,1.4727584286226367,4.214442448786099,2.0778528809586603,3.679590445855013,3.20655419254282,3.4479164667918685,3.989459391440549,4.266740442839341,2.3392330739370735,3.415120315695701,3.4763962174420855,3.4057964418433397,5.256696152920097,3.399253849273115,3.3994825567457427,3.7750472268575086,3.193370633583654,2.824321559242691,3.9975402146765515,2.9942027820404364,3.414396202998894,4.952099573604321,3.5817001294231923,3.8823187463211597,4.842761121463672,3.5382446035996433
athlete and referee,2.905760414483697,2.996390551619593,3.2454908825993454,3.658450823688991,3.1630258175717247,3.916199051929754,3.6138525816969893,1.3663911827020014,2.3050326447678904,2.5152656099049717,1.9839344703310917,1.6724529877054501,1.8511239175362892,2.3665545097529797,3.634570981096597,3.94353571177285,3.6325406671651383,4.101415416959079,2.1265845383150874,2.1053554983163343,2.761901359125587,3.55546019604569,3.768722076339241,3.1405147727731855,3.353874434779969,3.26752160754103,2.7078177120260354,3.5094859670376155,2.9986876543161705,3.809862250027295,3.205731855907446,3.2912976523709134,4.152677124018122,3.4166690921213387,3.107372104230268,1.3732666942667253,1.550958687836699,1.0062785935007954,1.494090691287685,2.673311902993548,2.796910459834129,2.8505672487677556,2.774297639295161,2.346321975541886,2.4643807235500157,2.3653968552073774,2.333509487716441,1.2442930788701045,1.4689049894608328,2.9182694624879475,1.605322735049429,1.7943558425811617,2.649802402763193,3.097908793537961,1.5246840205488312,1.769299486385257,1.623594853148061,2.3995062153106526,2.8137361995825407,2.8420033903617843,2.8944737413868538,2.1601196762278496,2.394836215101682,1.342805515714125,4.033590513623542,4.214257327047414,3.2226338774517584,4.311652689617813,3.0461977478187543,3.573901907213049,3.737348975133464,2.365891770559522,2.7301301549058206,4.208745957462722,2.3472687904985805,2.474899757366538,3.289899356089941,3.5703848419285924,3.4576306620850557,3.4215466552268534,3.1334005036347743,2.9784098659142995,3.375232144373699,4.295993389894775,1.4441899752462264,2.1422384915467965,2.2403192181535028,2.732134303986028,2.316278613069327,2.2530859928782627,1.19761981852624,1.4743855953254672,3.892439103690257,3.683411281179338,3.3995270078781257,3.0835968658494184,1.0591211656759387,1.8146912708954046,0.5802757186894923,0.7836746048222958,0.4371718624715736,1.75312766111194,2.65079154093338,2.099295539049908,1.3853918678416197,1.8245646489683278,2.403256186853157,2.4035868513380145,2.1719350403293336,2.3645078693813257,2.6998562927717478,2.435499070197065,1.398978181036627,1.666898194155041,0.0,2.3638143042202207,1.6414996329270615,1.3823795406228574,1.8296536063248798,4.280374021389797,4.468305125194038,2.188629102115016,3.8420911570801595,2.4900245615648653,1.8043393611567085,1.8349798143327605,3.2131156792302353,3.110418524021431,3.6013901007204216,3.2096173905980296,2.561811560923662,2.179201425453582,3.0142856146789745,1.8698889040322986,3.627498931193594,3.2274838226316276,2.8905998674381346,3.5923907012480187,3.3070341581964584,3.1099572398714437,3.8005030074057133,2.9854096030391624,3.21625632934822,3.4283688008311515,3.44169580241446,4.552576324761827,3.1635191703925423,3.234317179890659,3.0612370835175207,4.176905640073905,3.1770980846652184,3.0722978895555344,3.116079824022417,2.816217343392726,3.984760428249695,3.022010831414465,3.735952904205784,4.1902747523375545,3.3978291351111203
slave and master,2.873106698867959,2.554557340160391,3.819048415607355,4.438386955150884,3.0563763276469174,4.033546993470157,3.7437941412073066,2.9875017541887128,3.261006225102101,1.2773410583286324,2.46303446217378,2.1819585724083517,3.4492157753626604,3.8030007122154177,3.224470645188271,3.1710751278563496,2.9446306007372667,3.1172264442904867,1.7806185018647647,2.3365114259133497,2.340793419996362,4.038910862084567,4.020089471496703,3.3942173437049235,3.557849013537504,3.090477510330778,2.9072049901229127,3.580474169408286,2.9549535404718137,4.216710315268776,3.994407757549896,2.999442956134287,4.529169339168744,3.433631650796493,3.2377508155093753,2.637509069739661,2.3258466724358784,2.2153019872064954,3.2846380398540327,3.6381736052507887,1.8614095238626605,1.4402604118807287,1.5718926600589553,3.9911083769256606,2.7031500410641853,2.149169893637753,2.422982266134078,2.30045126486867,2.7826527034916855,3.9053045674917612,2.690809748560349,1.841941032736037,3.4736327794877955,3.214153879811904,2.072334137741279,2.033749033602304,2.6976619335824084,3.072613725089994,3.1970164570571753,3.5412150323283402,2.9895023846039006,2.9123661460678076,3.2484869497929227,2.4034563374869675,2.4488804123021732,4.591467565001599,3.9156317886811074,4.567934153487398,3.888205362182104,4.359325014096635,4.681880603274708,2.5341880733443114,3.124660738484683,2.8182378677946596,2.4415193233681967,2.5274081110638806,3.098123486443198,3.21964311404354,3.196093609741659,3.608626203141132,3.75108564667654,2.981851887426875,2.996807096912754,4.385065737664034,2.2820949433946507,1.9404786911986278,2.220132733735361,2.1900863165210627,2.5437882454121716,2.217393092411916,3.067326754553778,2.564685703411662,1.7873286312268248,2.176125329411174,2.509694562691087,2.580226994224041,2.297926549175772,2.3895602832073237,2.5448087962247765,2.9322631126237053,2.7787346085917743,2.1002960143949556,2.3151289950775347,2.5303670067477717,2.365424430544879,2.166284657956303,1.8697415662120735,2.514379527237099,2.6807327746385146,2.3771332178718336,3.0049970821721494,2.7812370225105556,3.5945344056017716,3.1082894590789443,2.3638143042202207,0.0,2.760316437287497,3.623631509429381,2.252647494862777,2.445291175127042,2.9028473091166944,1.808885178977086,4.093736907633158,2.2567654166701128,2.234398634946942,2.083991511392203,3.0629041239265025,2.824284984286412,2.7643479902221366,2.8661679723949707,2.5077673115347183,3.0757931696062046,3.8386997998697567,3.243886880502227,1.8959335081216024,3.370393017739994,3.229253927137507,3.57392763831487,3.2245764002749517,3.797898565826269,2.9866269341475684,2.995188236663278,2.533378974909358,3.231796941026918,3.1574476506346,2.64131236741001,3.029726668718442,3.111172872461522,3.204925424453427,4.7176507994576715,2.8915395016573697,3.88716281420991,3.2253109178143533,3.05360875852405,2.1065216428888385,3.093854183399243,2.8553043900049278,5.345860075822591,3.178176998536933
performer and audience,2.9463716859506826,3.1014540439776015,3.733775140440692,4.434702563477665,3.061345163850594,4.510609194493534,3.066205195179155,2.5881288103110696,2.7989074767789703,3.1263294273353885,1.992678392905507,1.9619273592773503,3.142686579147275,3.2940438929854365,4.625573825015865,4.631685847952921,4.395990239285926,3.999887204030515,1.7844718845512808,1.7301847457565138,3.2023246095587847,4.150689917996203,3.698753579694891,3.5543270853857925,3.243433461997376,2.479416282488296,2.6212128901780942,2.9055613382148207,2.419279211547734,3.2798060962625484,3.930775682520272,2.8467252363276163,3.7749887722646087,3.308944467636328,2.7079205484822726,2.6259942934311864,2.179717986669308,2.2057203597005217,2.6076020563345903,3.423934838479904,2.885798356754806,3.4313187924317354,3.643039946824857,3.475000189217029,2.769822994694091,2.4219559377041753,2.5668097216147974,2.1092042797855592,2.2149834452827277,3.69712607193508,2.273172146560325,2.054901997783842,2.5785924291428706,2.9693395164944114,1.4658247317754385,1.8834139309702673,1.5515076278821582,2.218726434651905,3.005052969351459,3.16097357168865,2.3271178941717263,2.3696672017112115,2.372870084239587,1.5650045260955214,4.275532047678728,3.808374304314151,3.7441487265063267,3.8163695307988856,3.560391199490547,4.324327274832932,4.4918998611611505,2.4880955871813413,2.645126292764748,4.4124431860441415,2.8881954444546394,2.3047750524505837,2.9134332454890752,2.777570136494187,2.7685129325775026,3.0783183933105853,3.4623909566609705,3.0685812150944107,3.062554344494877,4.047936331686217,1.3730498171685313,1.996275073310918,2.3571724615878002,2.5134906654338267,2.552581986178555,2.407804635876712,2.512110739550828,2.612635950065788,4.2735634718358755,4.641731818686165,4.651467005147923,4.297432703750781,0.9859862878748883,2.7312073256480973,1.8482547095755455,1.8078352481299622,1.8666257127390244,1.7717308949274349,2.719848757161478,1.461245559916933,0.45629250061820503,1.213985049091697,2.072142143697344,2.189307518280287,2.0375024111754945,1.8337790902712476,1.9594244425168073,1.5800533832242483,2.257844136406181,1.0979020067285603,1.6414996329270615,2.760316437287497,0.0,2.5387825679401264,1.5635984188157872,4.741943844021863,5.023404821912667,1.4707048951779196,4.126188309902586,2.4167992901321336,2.0627836325889906,1.5997212247054176,2.973186325509215,2.8470108163808536,3.2592199529864536,2.6332606931199156,1.9670153498220806,1.3331842486585963,2.5136160801359186,1.0128000853921206,4.155956592475515,2.55120396201536,3.2990709907760145,3.1960606763009856,3.2668203408277714,3.693854627438096,4.212348188283822,2.3600180538168996,2.9329019795625846,2.7695964700540237,2.7104824662929916,4.874635426164512,2.8697673020688286,2.6968697723500323,3.353227327180023,3.767834692409298,2.7153134599123616,3.763162429415199,2.618378562303947,2.9110672612865613,4.597838527372865,3.1094258585231866,3.2132370737509075,5.031258541709526,3.145898490277076
dealer and buyer,3.557831802499633,3.785750016728787,3.403008943895922,3.5159176805077617,3.835750084219024,3.8934989161247167,4.04012824768826,1.341353055846724,2.5268695015818055,3.5504564169943262,2.9258120306824926,2.7181636578831774,1.4186842398930195,1.9512466468877447,3.864592689158522,4.343310418590065,4.052074566473886,4.825717322643699,3.2250912601156125,2.929094655150745,3.3903165684107317,3.654911271314297,3.9021060540837507,3.4770714497963593,3.7165475912123718,4.089595306065737,3.352188965097038,4.050246914781517,3.7421693446214612,3.9952908463470114,3.169388176807717,4.070993360091827,4.248383544973754,3.9672787836568957,3.655156096745814,1.555810103531997,2.0476659527079564,1.705140491872249,1.1703460783850608,2.601682290065483,3.722187733543784,3.8459761705427264,3.6247941496581797,1.674108455533682,2.846102222467953,3.08171692465151,2.9095310809003543,1.9033354185446043,1.6937701295461431,2.6971800352833295,2.008299332434502,2.90290725713193,2.955955011722201,3.463745290893726,2.406810631613125,2.6463810215901162,2.260810254201185,2.9672927079553726,3.244054967267864,3.069490281575999,3.6378262612681223,2.598036236580372,2.724310105652774,1.991201835839615,4.896692106664157,4.31320623532083,3.2993503324657016,4.4877703714014405,3.067311929684594,3.453731075333069,3.479930324760515,2.939045983492237,3.17381769328561,4.9855788625479,2.8039710069953485,3.099366358564327,4.1397941492144135,4.576182169733884,4.417676211355513,4.148807597637373,3.4777562410947858,3.679931408698482,4.264293187658699,4.520134782740264,2.436216281678207,3.2950648509394727,3.2436096346215426,3.8428621956218345,3.1339063013798816,3.2606491853407227,1.3619643566802206,2.0305564033174015,4.968500654730257,4.489180197706621,4.052167966936758,3.6910219991489694,1.9955375984566468,2.575668354159277,1.339534982886999,1.1392754536505012,1.0008457354821432,2.8470793912610306,3.6343245275120957,3.204215892143356,2.448541506299803,3.0079497010674094,3.6403314600940626,3.23913360394448,2.781953752129112,3.326832990608593,3.69490509481462,3.1637830614649456,0.884534469671984,2.103570626309511,1.3823795406228574,3.6236315094293814,2.5387825679401264,0.0,2.8816841876988164,5.238003682276316,5.3467033408863305,3.372026307946077,3.92636178639701,3.4662023858467057,2.805169301008995,2.9429819896923335,4.055177803921888,3.993770764311052,4.5737815776568755,4.173011845588801,3.4461844656554086,2.7113233580098584,3.1646994131035324,2.4840086879135694,4.528302298640145,3.780509991197175,3.3900461026585904,4.068994588451,3.9063811500683605,3.3489975128988267,4.408697650207167,3.631534465435351,4.134047302633574,4.368101669420456,4.40371109860547,5.5912173803348635,3.9715459973517175,4.154468299320107,3.610869350455753,4.18182705398813,3.883926685883645,3.1688586372059384,3.7948242582605123,3.4922437780155895,5.021560723391019,3.6774095760044965,4.756082322999853,3.6224744970847635,4.090809130469352
co workers,2.035042302271593,2.0041325860300296,2.621840217748259,3.4616027567490355,2.0659178694043048,4.1305995713508805,2.9053441572323537,2.271169620588353,2.742846464659699,2.4947021070004456,1.5965124444351864,1.3014140721797693,3.114716030489854,2.909345387008634,4.279719737772349,4.2037974680346935,4.022195208591956,3.749800219974182,1.1057470951793562,1.5682458783698852,2.8015500078746176,3.2041695910723416,3.5140792322143244,2.758276741150716,2.7671474672811103,1.8732693791697614,1.5265217432549418,2.536054350415173,1.7378459152470365,3.6162277885878704,2.915618865928526,1.946487112271286,3.8608898589658516,2.4797048377146607,2.1473797662367566,2.2569495331718064,2.1698539725635064,1.7427067939939367,2.620521908161388,3.24398726207457,2.360278105775884,2.821797710676719,2.981888270472898,3.4834490790415638,2.6300512430883,2.280064507725515,2.045643608573614,1.6461686396873583,1.9492708187110703,2.980857834922373,1.9116113471108336,1.4580913517803007,2.8947514900191575,2.947353486186222,1.4517661422465904,1.137743567936461,1.5651840583547592,2.347287765448591,2.073117316369188,2.1711934182396124,1.5230027641632702,2.4674298252182494,2.7599076579403303,1.5751576745280398,3.7160921839577434,4.181502963739204,2.7558831721313926,3.948923193382849,2.5893795483042497,3.3657441434715976,3.576798035403713,1.9452290287264895,1.9579062192588925,3.9443340924747936,2.4272750734768653,2.3295304683754274,1.6179822974104388,1.9188147426509048,1.780811096195473,2.178417161437341,2.222473885267027,1.6302080721628496,1.7024474601219595,3.7236045617417495,1.8309444699263313,1.8583367839823264,2.2031090807444618,2.325672022445193,2.4371867044526576,2.2699746755370396,2.383314009970195,2.3849958974646426,3.6198388386056446,3.936469502922503,4.054129433571085,3.7659754197478073,1.5684431356066364,2.4156189848955942,1.9454335228423805,2.064772164762786,2.1306819842251628,1.7534076044683908,2.4836191085082677,0.9759982512342246,1.3155816161795564,0.8754695780100443,1.3331869210862657,2.3508821390191668,2.5238900562919357,2.013053521857375,1.654044131233121,2.3213137574604956,2.4506026496030855,2.315261148149108,1.8296536063248798,2.252647494862777,1.5635984188157872,2.8816841876988164,0.0,3.7045859625948263,3.7940706247593443,1.2447811146386538,4.121082147086486,2.3959767971726116,1.9754802388937382,1.226843595089693,1.6080351788822331,1.4580795767030297,2.0653852371653914,1.445634533917831,2.326169311198425,2.38822880487859,3.2646543938462766,1.57804302188952,3.5174428560897226,3.1738352291429655,1.9277162061385087,2.954183740113487,3.1256381776141287,2.45474100392628,3.1734437446033303,2.498893067134508,2.0977393276044634,1.7927096378321883,1.795261338960178,3.7341567131383724,1.6138404384706804,1.5717792548937504,2.0521782287641273,4.15715061609436,2.518464129995459,2.630717937445502,1.729078648175451,1.4911515226977556,3.5208012772581,1.6999247335867187,2.164208810492518,4.3152135164340235,2.444153683687358
sports rivals,3.126621833945552,2.5911962209036297,3.8131389666837885,4.318312543285974,3.19826874009656,3.7516875880757024,4.146117226713696,4.183493701477455,4.622665452346065,2.5383366255645736,4.165018090152962,3.8961917242299156,4.806949785193835,4.535867974216807,3.1657678300574785,2.723906387552384,2.9359448586644836,3.358782431273757,3.0988213483510054,3.5468926023845895,3.048309175985414,3.849984497579805,4.196264869645935,3.4188972978380803,3.732295392236294,3.728547095621681,3.3613685539424902,3.9785832674039394,3.558103576233593,4.929440666274044,4.112085695763659,3.2682199389705326,4.886980054803878,3.503423121890686,3.6600776500493004,3.768102207734078,3.6709697406943738,3.5916982181671795,4.7357382513021005,4.685068313674421,2.7093442176148526,2.4016418404738813,2.1488036331724447,5.242041358656558,3.4064103325112502,3.1372347226162574,3.0499129803594855,3.569102125956526,4.011586731668339,4.227992814617281,3.7868266691601256,3.5797323960654013,4.956984113450263,3.8120605092318076,3.627008056267324,3.186616066202974,4.274177475825888,4.624138870840648,3.4699546245218524,3.839357173710075,3.6622147111179273,4.3766923557363056,4.783073261046934,3.8652840030391893,2.0554036995511806,5.296474606437518,3.9625166466025608,4.934964997471693,4.129560144473214,4.277928643169187,4.655916374653565,3.165506658276906,3.59478825358926,2.5032353500198723,3.023390304310643,3.4944790579569136,3.5876951685447116,4.143438137567307,4.042608410080003,4.510713445085819,4.148648798066669,3.230439983938708,3.3252552342569177,4.417545712878937,4.1685979498754895,3.6338540176050613,3.714773360849155,3.5976708982225962,3.8617695497761684,3.738434370344712,4.622239597208474,3.9885986709514363,1.7437135738320526,1.8380188426439652,2.829208749673858,3.1103118154003293,4.1568820129635755,3.795981752899823,4.294754610410117,4.759810406127538,4.632094416684755,3.8769764744487287,3.5598296250184016,4.3047477337467415,4.372690880916392,3.958731003905906,3.356583113576081,3.8739232769695047,4.119213820689807,3.8580418541063746,4.680346227030687,4.325962768149852,5.20028990822598,5.02178617427958,4.280374021389797,2.445291175127042,4.741943844021863,5.238003682276316,3.7045859625948263,0.0,1.1393486954313223,3.4757116934145427,4.3318268098189305,3.6533251434558554,3.9075980741273844,3.687332553115498,3.5763425246240668,3.2501214586644736,2.745565075902431,3.524552969265844,3.928155586483281,4.780690411711871,5.063843724514767,5.037458167157237,1.3426446150306763,4.723198805020706,3.480730571379597,3.852155895120592,3.8237112571735348,4.09556373906707,2.0961006097069936,3.899028753197461,2.79380865052032,4.111189375091605,4.024159955670344,0.9492000018982251,3.534240080665881,3.9595790689264483,3.2525692232297927,5.323801803634939,3.4571342630230517,4.105003042676751,3.822204688198373,3.566599371967868,1.1657418744428532,3.3170035952536887,2.993852910446243,5.358625420652515,3.3711561693878194
romantic rivals,3.4769038294100842,2.9207889733049477,3.590481982895112,4.130738367053801,3.4910389280971286,4.04039612363442,4.533103095611457,4.31200395643963,4.428913037367675,2.5646386817045417,4.029731338282907,3.7856030819060766,4.711518021019023,4.6402277730747,3.461560692514442,3.102651195561248,3.115871283449702,3.527848926352186,3.473991132794422,3.987066098455873,3.0663554889709195,3.9230207362833442,4.4225991286757305,3.750834478248944,4.1359735888405655,4.027148931816543,3.4613101477554165,4.334131350632136,3.79931439663578,5.2837269599726655,3.7409346889963535,3.5367855086337485,5.20650813370798,3.861955108576626,3.9242065724024857,3.8920348609868682,3.8892182358860716,3.7449357206841554,4.672098104314924,4.425072966894599,2.821889391776758,2.44397772836766,2.277536231279807,5.082679517103105,3.8225188406526605,3.5341557479870804,3.3412850917467174,3.8137297125825214,4.027932083601487,3.9944684815936724,4.085572537378467,3.5156456933981217,4.891661087759495,4.141972594363146,3.894051447423438,3.4085673977083237,4.287524986522551,4.535155034687304,3.6438100614429083,3.7858564957910112,3.857979585563226,4.3248813007623435,4.791655308182191,4.086413556226519,2.400479404588861,5.538924758577495,3.8925254868554386,5.296436740145021,3.8621607754541882,4.133281226185499,4.427844571823749,3.4620902984290387,3.768911941782383,2.7669487922402576,3.229830754103151,3.984079644382954,3.3922708237382566,4.036129354191409,3.8923749212234107,4.112949022449083,3.6982405050129885,3.0289083403086026,3.1452657516528673,4.4540686486733145,4.650815015790774,4.201585187814487,4.3208549454527905,4.276985898917699,4.479951706308169,4.348733884424682,4.77168574118305,4.335208789258741,2.1295872867889787,2.261809082121056,3.118629844097972,3.575926762218916,4.490111190513623,4.223576534934902,4.542898524020075,4.80345834307246,4.78458803847298,4.372620942119033,4.251019891803397,4.346897758360588,4.624887453186675,4.246828347485696,3.749971969730681,4.55004076274764,4.741403622330292,4.479304034013792,4.603913524021808,4.839108254147902,5.178425264295451,5.323043578334056,4.468305125194039,2.9028473091166944,5.023404821912666,5.3467033408863305,3.7940706247593448,1.1393486954313223,0.0,3.8509137840768846,5.008176279549372,4.35972422134326,4.409952496784472,4.1018526956140695,3.2977033389917394,3.1336783557933217,2.9389282794771763,3.5120317753380537,4.598754686114545,5.185367632758576,5.572275753945859,5.101075040815231,2.1894649115524842,5.036858507342428,3.1611570452071693,4.367357582363674,4.585398977296565,3.6458959111901765,1.8836267112147493,4.442818582134458,3.3139424203233885,3.927130634864765,3.9028017361206278,0.90542505439395,3.307233986426737,3.7611168173732796,3.2137429597787626,5.7665505908490715,4.043144865515572,3.83312297471671,3.7549623481150314,3.284949964459098,1.1634470642754617,3.1147993918146004,3.281923756894874,5.084489597807216,3.871619089872157
criminal and their accomplice,2.2479809453870243,2.17140296844266,3.4176980487452213,4.262159762117485,2.304136800937722,4.067133831487094,2.574281943373674,2.877119930340902,3.0478049359712043,2.3529384985460187,2.0207670877232053,1.9182785597509437,3.595552664870308,3.5304964960470757,4.09961798310729,3.8758643840426767,3.746352019712283,3.1263015023281935,0.6769859806944314,1.2052013265243577,2.603275414531431,3.8041191170098414,3.322091957987931,3.0816948710230334,2.735710711247088,1.6518438842383407,2.024353278832254,2.3185977521554446,1.6568346497788433,3.157156763617078,3.7727252506928823,1.9272316859623637,3.5468352607535287,2.6621389933572392,2.1063128884166065,2.708521728255145,2.128140023089571,2.228512086281267,3.145487250480949,3.6093498344838033,1.9588690178326253,2.5885465385690725,2.861585691713375,4.002792718860313,2.3748629129576693,1.7721108741713676,1.9753753418424875,2.069030499831613,2.400824938400662,3.663651157092171,2.29235851896609,1.7540235432910722,2.8972078136166393,2.5425393631864104,1.2532267409176205,1.3219146467173213,1.8663758157284631,2.4263412996856317,2.5544313005526624,2.912750996464605,1.6659971167223884,2.527822279336512,2.69371018131168,1.6732407386926147,3.151489769296926,3.7343268543748733,3.5004286725645346,3.533560093626757,3.4234321631525635,4.153206711846931,4.422560268779359,1.9158543187238315,2.2020007800766424,3.371363690343027,2.389258214461676,1.788050609795814,2.1790501022474085,2.0962334362352295,2.107288963809918,2.8150513003495194,3.257614126332669,2.4139053365473777,2.1985099425092063,3.582092087990791,1.638957611468019,1.535604211802659,2.0293418366324896,1.8838470843860537,2.339843215179378,2.0965226725371187,3.0329238232600275,2.745797619088467,3.1153237404019616,3.7596316572703072,4.077213076297521,3.8358187513339934,1.4718838336541102,2.674614067628948,2.3498998634149872,2.5884522935710255,2.5836097016918904,1.6589058976167457,2.2076052488954248,1.5057337285935213,1.2392338981440378,1.0340036553825394,1.2279413680754263,1.8806089039363725,2.015674031562683,1.4115366944543546,2.0056631787440775,1.5316959203133493,3.123625513894241,2.118472712967626,2.188629102115016,1.808885178977086,1.4707048951779196,3.372026307946077,1.2447811146386538,3.4757116934145427,3.8509137840768846,0.0,3.8352978385525076,1.9510675902069576,1.992874450043346,1.2532356586218825,2.2989923857481274,2.006330631424418,2.072444979148461,1.754612494027556,1.5351735843622263,1.8751588194830056,2.7892543659745486,2.001561912314149,3.0448769014179136,2.460550610098397,2.8726017598894393,2.5937591813998706,2.7816164346088414,3.511244673404375,3.234903097804874,1.8296568524479302,1.8305825284669441,2.1734601596166616,2.0249983724133043,3.5594699848200326,2.171225057077539,2.1087471883716096,2.7782388226119057,3.735559630820265,1.9187829453215208,3.6180368600526958,2.0479552172807183,2.4412785534912693,3.4568240596164403,2.4926236508991195,2.0011820776038585,5.114184530712901,2.367588987093272
diplomats,2.7093502217855447,3.0281103716818816,3.745632843017076,3.7573965566051952,3.0069993281697567,2.157529911148479,2.675609898650951,3.2253324004185204,4.849850759517757,4.497028640470997,5.056540819279888,4.828660724698603,4.391775927966806,2.914397331241971,3.301815839342487,3.1928474039717742,3.7798374390118887,4.498907399043803,3.394351915353111,2.7417530501436387,3.938835280249519,3.0126373358998815,2.750336103155909,2.3021456739414887,2.0480179305717465,3.6194933819847726,3.3325874699353464,2.9118266300620474,3.3748668050017567,3.090434753022809,4.174823806511273,3.3705476298765,2.8680825594820276,2.723654873098993,2.9113067894915607,3.117701849922445,3.0906409729331994,3.30502727222164,4.194748953766374,4.794836317958906,4.074880867493618,4.568887356439745,4.095554989747058,4.654081314125778,2.0637625848382286,2.822403592241243,2.557587533369012,2.944718914734715,3.4894464848927176,3.725935645014053,2.5930909213686455,4.704181056294818,4.8964782033003305,2.7047317254613055,3.28382728438488,3.159659552109321,4.149719222316494,4.923405396017867,2.820788776401427,3.354204202230802,3.505822586289493,4.48030012792289,4.562145295049298,3.1425743179980197,4.245405032217117,3.8700658885808004,3.3449739655558104,3.0023284640558976,3.912742058032008,3.628292854777261,3.962637558118706,2.529593218504834,2.8334413997054675,4.332885525358007,2.7598108576034734,2.363083559334547,4.762361317571506,5.438747143111818,5.301951206151815,5.759711009682441,4.863484767943988,4.17766286827391,4.6913140486052205,3.7989688122079874,3.287166797367798,3.534446036149824,3.2740962584011313,3.547368633288111,2.9225753950883706,3.333111126051893,3.8862352542739997,3.25795258956025,4.818653714908934,4.269015568028599,4.432816474260386,3.7960603041683716,3.3506160208683635,3.3775154623947676,3.508102732627909,4.276784199935267,3.954519026620398,3.4804146425795643,3.182264729458032,4.931489369016648,4.076027421957077,4.100095044776379,4.075548468331745,2.5908312241775944,2.257682625525982,2.98373346667193,5.547577899562365,3.0888378069973643,4.332459569701506,3.79990383985509,3.842091157080159,4.093736907633158,4.126188309902586,3.92636178639701,4.121082147086486,4.3318268098189305,5.008176279549372,3.8352978385525076,0.0,2.9717785521097664,3.4089970103542537,3.5087807171280323,4.90158188766136,4.417280658727048,4.059045744326607,4.577707777106302,2.7750271679231693,3.3898371955777544,2.507330390122363,4.626850064333815,3.543658939705847,4.107735389245748,4.2712136319443585,2.1531775026373547,1.8916657073560394,4.73171046859585,3.8735509796090395,2.5310497264706933,3.074552117169853,5.37190128739583,5.231117740631946,5.083658739994636,4.6719529458784965,5.182605263148648,3.6276729795794638,2.622185249610759,2.3903071386625645,4.1435064762182945,4.212004216974921,4.494337960053999,4.991072626605538,4.147958669093435,4.1613169703786115,4.316921082465013,2.66515313149145
principal and teacher,2.176234706555023,2.2828291591999506,3.832898451895287,4.250090729815798,2.4340808860858067,4.04825851798401,3.1476275541257364,2.757117960131777,4.3050607775645355,3.300521601630984,3.543967053138078,3.2071179977535667,4.099538261372246,3.2885601090680394,4.097606595603745,4.052226223463602,4.209663266305171,4.379416512081745,1.7557303130392732,1.7077183172733834,3.6876089631742746,3.4904134166733285,3.9683047386555783,2.589049753016469,2.7209344068196515,2.660638648824684,2.6861265302375728,2.9166013072091963,2.6847751098858854,3.912238729883126,4.313920033558883,2.6610491157775775,4.142490274072639,2.517738342801736,2.823668434206388,2.784207611117053,2.7691921167771882,2.396464743932955,3.7671457434846394,4.668066921662412,3.298059841771641,3.5071310782264407,3.353635832385581,4.594419759473865,2.602055018493651,2.557060359278781,2.521153301513247,2.0641866462870406,3.1337400014550685,4.180103143642934,2.0349006531053466,3.1375515592968424,4.344404595229818,3.3049855036813973,2.3073764769807035,2.1688381462298847,3.208864075566928,4.016497768916243,2.6543537170938265,3.2985734394419883,2.6489548736882433,3.8716517041051928,4.039953216386354,2.4402414604055838,3.9553587668351247,4.712821676443373,3.5878697185799577,4.163030546075911,4.017415443652842,4.097859898293358,4.496171474194904,2.439842702158478,2.8061876151898653,4.259482766909054,2.9437577864627245,2.2624697828821954,3.5745718489509786,3.8152410440015494,3.781526966994323,4.50114183268754,4.220329667563876,3.300290185011011,3.4914557079899606,4.639726449077873,1.2400083792562067,0.7389768272184908,0.566719379685252,0.6505521919063985,0.7102883758512184,0.620873378562791,2.7472424346025646,1.9754239985303197,3.7513159258523743,3.636755301712308,3.6653467741481887,2.939563124056455,2.0104885606269502,1.6522687050885456,2.239673801021517,3.2036681686938224,2.7861538755751907,0.9479503122274081,0.49774598127009445,2.91142632221238,2.341737424602411,1.8556673207475063,1.5910655628185337,0.614631049442266,1.4566873090099381,0.8435986791047406,3.669407327015439,2.178811241286755,3.6531259939814933,2.845103728197027,2.4900245615648653,2.2567654166701128,2.4167992901321336,3.4662023858467057,2.3959767971726116,3.6533251434558554,4.35972422134326,1.9510675902069576,2.9717785521097664,0.0,0.9742297500932713,1.2206541037371506,3.676166120228829,3.2210008735633933,2.8805732931627017,3.1630872532546563,1.1699720562441627,2.618001202885946,2.9459912960649364,3.2456188871134537,3.068253681336615,3.7459186625334633,3.598232196115187,2.7165780044799908,1.425008433752828,4.20615083114362,3.985423707967411,2.2840890730768475,1.9855712789637854,3.8669712376952967,3.7483124465334634,4.124228623633927,3.6162642199510935,3.7126654354884963,3.045032893676463,4.059275003865033,2.171831457766247,3.8967505181627518,3.4912993243256416,3.498847728512106,3.8136780782531776,3.3505858122833407,2.8020726809919227,5.2526674614780475,2.1269382392827363
professor and teaching assistant,2.293295439539273,2.4137395387275413,3.542014204871705,3.9073344247488695,2.5637016397038477,4.226794767834405,3.500694148970398,2.1498708329852954,3.8809300722332623,3.1295547758940954,3.0653523161554888,2.653220809155455,3.5137477547193985,2.8511631050265707,4.164796397374911,4.285563206891165,4.295839578808718,4.630305638712649,1.804240062989995,1.8546265930922636,3.6424764632349063,3.3310573553673715,4.183816430086733,2.623258906839989,3.0019159994168523,2.886225241071967,2.5972712964304328,3.231064359952551,2.833227234436191,4.194937581789377,3.9045216957190085,2.8723085824616454,4.440320134599805,2.7211904772830064,3.0052944464774707,2.307747680569226,2.5720326497601627,1.8462199761752396,3.1794917521754518,4.25187920082377,3.340995343126076,3.414253932617097,3.2574925456776964,4.021582702905797,2.7602937648252905,2.7297357791448023,2.584980057505913,1.6044695674614886,2.721683880670225,3.815775682442864,1.6747120467402066,2.707899598139023,4.060806712173035,3.5333937310561008,2.158140575246072,2.0092319838158255,2.8301732827293415,3.696335426908914,2.5737893615690166,3.0362639225899524,2.701427941205784,3.566046453752221,3.7813074762021204,2.1804685723460078,4.245736647843819,4.922101386335019,3.3187068238363424,4.521324648820586,3.6548183004677375,3.7651149222179305,4.114549214590494,2.510740708168491,2.8142743911779995,4.547778849680704,2.9292277044662622,2.5487581337980387,3.4055755590557877,3.682576485643503,3.615340043421092,4.134486290536201,3.754657164188725,3.057620011906881,3.3676518593598503,4.815964381711182,0.8561742465113233,0.7159748416508424,0.508397739928842,1.1384701996848643,0.7070046279563916,0.5136385148702729,1.8990675555325827,1.275683966238984,3.9333643785101726,3.675182122676303,3.475257203314285,2.7409829783352566,1.6744657613129459,0.9776840930627082,1.507413487271669,2.5190902876174937,2.052508413887515,0.3699280708438635,0.9615053263074299,2.441074265765595,1.9589026843229715,1.463061179303905,1.4680905710253858,1.2126495209595907,1.7565605388438426,1.3095157631137684,3.2613676740637305,2.434332487803456,2.9608062084022504,2.5796145267616377,1.8043393611567085,2.234398634946942,2.0627836325889906,2.805169301008995,1.9754802388937382,3.9075980741273844,4.409952496784471,1.992874450043346,3.4089970103542537,0.9742297500932713,0.0,0.8963422556419797,3.429796534170439,3.0819067885816667,3.0634448766362357,3.091069654785945,1.7483326420870982,2.6331155361791154,3.189055673540981,2.768149645842738,3.397988905787261,3.903027892940159,3.2128254667855565,3.180436898579655,2.0873212200587847,3.695474438679294,4.065528924659042,2.726606577848677,2.3864938025831193,3.6662977642177412,3.6142306735439593,4.300075997053937,3.43239638676043,3.472565398146675,2.8344819502199594,4.40156068554676,2.696617822927327,3.418323382115449,3.4125188710061845,3.138502579195797,3.8274163072793694,3.1089094631277443,3.063955348093419,4.858105880657331,2.5074791822860627
mentor and mentee,1.8533204050258654,1.9401749423345276,3.145831927598183,3.7497596121063985,2.0235436257130255,4.098967014361144,2.924138800324694,2.253446981008795,3.51153002782717,2.855237759533763,2.5353177634875967,2.186285774191205,3.506435578426799,2.899397683874396,4.220190870219451,4.183072212705881,4.16422657255513,4.124516694076551,1.0565304820164625,1.2817398182275894,3.2602410713886947,3.1991438815108566,3.7302485719208955,2.486768188631085,2.599678874715555,2.071141358323194,1.9407519049646396,2.580684112410797,2.0542789100197703,3.715436493452995,3.5708581537153754,2.13663888794195,3.9699558514337534,2.282620554681912,2.3470707769913854,2.327724364359778,2.3395920314753815,1.8047118496919747,3.072458855452165,3.9577983022607968,2.8249357582592665,3.1475105469146434,3.141458589981335,3.9624718735398936,2.5183404270807808,2.3256288275664883,2.16257596159552,1.5193001777463209,2.42493621804491,3.533878760163097,1.6328402819417407,2.233431713613698,3.598367794840887,3.086302119292424,1.6672809379191555,1.4320636411096481,2.3062241033733324,3.1618450839005683,2.1552686240421948,2.600048360433566,1.9030734921097545,3.141474827945656,3.3582616902411853,1.7903375072416188,3.8900350966444828,4.448976759490478,3.0344907319343903,4.0268329031739265,3.2442424867043105,3.613256026665393,3.9356920189244877,2.044857110792593,2.2390619709747517,4.170613664312475,2.623447400326318,2.1522412229360612,2.5905881024360613,2.8275430766511036,2.762249314222789,3.3840293098827536,3.208728655341987,2.4093546445775234,2.572250582970018,4.211179986676106,0.9558363502905929,0.7152405664302012,1.0252642400464262,1.2020800951623598,1.2967601918257106,1.1037098306363318,2.2187597589302617,1.8179118720121727,3.6993633803700665,3.7834368353313375,3.8080093199775322,3.251535658885544,1.3988527983707963,1.6589420931810348,1.7037539769771584,2.4148137351371273,2.154444357192876,0.635760339884024,1.3252731041327634,1.7778564778814268,1.474270318974803,0.7353842603630275,0.8536869993281934,1.2709206047290362,1.7612978051055383,1.0155565510000792,2.5757309561479755,2.007512054299832,2.856524723976167,2.3204090677198397,1.8349798143327605,2.083991511392203,1.5997212247054176,2.9429819896923335,1.226843595089693,3.6873325531154975,4.1018526956140695,1.2532356586218825,3.5087807171280323,1.2206541037371506,0.8963422556419797,0.0,2.654832861468659,2.297339760880832,2.339165926851721,2.232602103304307,1.4854183657857563,2.2634234521643832,2.951612689194382,2.2190715432162946,3.3046038582793633,3.402736108038152,2.706653290867448,2.717326219020609,2.17898251698943,3.2801258986654522,3.6167028090127533,2.223070900741354,1.813439563413549,2.8235113005004453,2.753415238213754,3.9444442428391167,2.636496506684968,2.6448498789874892,2.383784543801165,4.056610938704218,2.1958964411410684,3.1420152650356696,2.596156128162351,2.481962288900839,3.6481464847301144,2.465971743539363,2.3172128854763887,4.716942418627485,2.0555382065794476
roommates,2.4607424673857445,2.229898439596144,2.386472685594983,3.460582121680397,2.2684567492527306,4.390791977143667,3.163631386160237,3.319504507231248,3.128389939873714,2.8704260518792575,2.150531174770141,2.0597184775442017,3.889216025083521,3.6709403531209697,4.71731705291514,4.44319241764529,4.270011607065051,3.6584254110415415,2.0888898867732073,2.598828561712256,2.995818240554867,3.382541963936765,3.61906632552401,3.214784328350063,3.134163974370106,2.0415148646718837,1.6612378317567262,2.7391111848552834,1.896558877011963,4.007007006413292,2.691205047584573,1.9291871006502848,4.075185114430092,2.7517176544535493,2.3252698288724534,3.1914470824622834,3.0564733253078664,2.8406150553236134,3.454817211953971,3.5069477258273576,2.499316070705259,3.098045006364465,3.355532078126201,4.12515793553066,3.3194556254926937,2.9252461069649183,2.566735753350708,2.7929001743482353,2.7109848883846515,3.039246229444149,3.013384781545853,2.127218010876015,3.322885408487926,3.3290262415530423,2.506562147561644,2.0270023871024394,2.3621022795454594,2.7568919381346233,2.3903870096970428,2.242046347628895,1.7251324043304406,2.9766942480610137,3.329944575270049,2.6460060319228207,3.679437772265169,4.436355750989405,2.8122754098575173,4.158175792208841,2.4110597312493316,3.4176236651303338,3.5530035144686716,2.4801558794393936,2.223908729752346,3.8715724937385136,2.884898240326686,3.108062428632179,0.3523771295285861,1.324883193242347,1.0161831976979316,1.3391857420524047,1.5881506411127246,1.0159961952620762,0.5043357296422682,3.41119301929784,3.378082052523909,3.220034307127992,3.5474333306436905,3.528220722998132,3.759567822541671,3.6215727854719133,3.65782892800085,3.6908133033731314,3.7471946094416224,4.328249545091275,4.702692557731562,4.639399052361566,2.995004232932606,3.7184916879702516,3.3596486814616817,3.244895219780927,3.474284057922423,3.2389348897968464,3.7004329352486645,1.9934535231351351,2.736876186731899,2.3677613293360533,2.4227235636255164,3.6357277247489708,3.799524381441536,3.288422856988283,2.0761888818943266,3.408040295905915,3.4624787590128525,3.586013624045625,3.2131156792302353,3.0629041239265025,2.973186325509215,4.055177803921888,1.6080351788822331,3.5763425246240668,3.2977033389917394,2.2989923857481274,4.90158188766136,3.676166120228829,3.429796534170439,2.654832861468659,0.0,0.6029055486942961,1.6843954497468319,0.8841036949399428,3.517435192240043,3.5365865887876193,4.238440337767651,2.622586569986536,3.849759817175346,3.7485176430148166,1.5115982110153892,3.353047682272667,4.091490862770578,2.0635997616920285,2.6861667275749608,3.222761606377914,2.4573854837749107,1.0084513065850644,1.1079617546513945,3.3107744531388126,0.40179429508408476,0.7093086523130511,1.967976161249023,4.662070663452832,3.091666912254593,2.5915128396586766,1.2067414459778742,0.8326022115405138,3.446066576460774,1.0917652782132015,1.934709077132557,4.303605559154075,2.8656465583938795
sorority sisters,1.9217919273158584,1.6766575679279736,2.226609011293416,3.2856905715308846,1.7112677826279838,4.0593610237788775,2.749865976342689,3.1415903473532416,3.305517538291477,2.815231546865897,2.3669146316938194,2.2087821653104114,3.9365081803104296,3.4511958339028066,4.477099554216696,4.159929371690257,4.09376202560087,3.5374403722757046,1.6835591042591889,2.1810869959406864,2.918726507054842,3.032056500307116,3.337707595215233,2.7461104904054783,2.6424572989616273,1.5780979179665267,1.21219437326887,2.283839226382848,1.4458994227087743,3.7405564689499458,2.6921151427215166,1.373357311758421,3.774587090570445,2.2064383147055495,1.8873608014728414,3.014282060042946,2.8796773903652086,2.655943231229167,3.4966137780482773,3.660302233950993,2.378045550902687,3.030151441138581,3.2071789767697503,4.214132931471349,2.964590373701074,2.61697560155665,2.205997426513553,2.5196051864775004,2.6386083342324644,2.9936555934916163,2.686973941688178,2.2232735072192473,3.462829270425371,3.03851631428145,2.2879926482285904,1.7058537119413077,2.3979547579134026,2.9299791318573862,1.9565318956881692,1.9911319650358486,1.275485382309247,3.0688082273704147,3.4071466756091078,2.4465987455417872,3.459774200711715,4.280984251395751,2.5571970052721595,3.845317789087333,2.3620974937847956,3.218546287529425,3.4275655816455446,2.090172986945156,1.8375039227876997,3.680921139019021,2.622461165609087,2.722640735540906,0.46188895491152254,1.5066879146902021,1.2472476399953742,1.8795399821368528,1.820087457120399,0.7872032398176475,0.32127133423628484,3.247888186489385,3.0699565468604857,2.8366569430449955,3.1374649878010157,3.0880053001749443,3.3292054888549982,3.2190811909508876,3.527009158074638,3.4190273572848167,3.56416769732334,4.084758887241668,4.494298951089844,4.341247783851253,2.7808679600120154,3.405057194708724,3.1841450731247085,3.262633348527739,3.398299311524764,2.8979341126794123,3.243157475735849,2.0565611413688956,2.6217656883094014,2.1425467978573622,2.073633381952257,3.1760204255239954,3.397418356037431,2.8494443130295286,2.3157124491344017,3.0877619756664307,3.503469054099232,3.4617101783850464,3.110418524021431,2.824284984286412,2.8470108163808536,3.993770764311052,1.4580795767030297,3.2501214586644736,3.1336783557933217,2.006330631424418,4.417280658727048,3.2210008735633933,3.0819067885816667,2.297339760880832,0.6029055486942961,0.0,1.132614698654084,0.617391699695153,3.075455386223815,3.315602849712788,3.9115881364232403,2.679340108010054,3.4949303487724976,3.6215972097900173,1.4772695197399146,2.852484403206303,3.545739717327743,2.18917471148477,2.4720179702524963,2.788971831408644,1.8652202085722176,1.3119055906612789,1.2931117476962704,3.0967717896906675,0.5946447692472444,1.0463830686193638,1.6065821586697129,4.334202658200548,2.5853366079650546,2.5150863749325505,1.09699746269552,0.9220540535693851,3.2683709355823156,0.8712604854552046,1.4113893257193182,4.241243220829987,2.283174568245515
fraternity brothers,1.6482684078746825,1.2822792557683385,2.719881686127186,3.653708682929495,1.386128213070979,3.98040220322623,2.5552660149111186,3.5849450288691935,4.0890508234744045,3.0774897565176347,3.1778807092390897,2.9848248731102993,4.612409257672484,3.8289957966755113,4.460195089579732,3.9967950848551976,4.132930154984073,3.5280724631545066,1.677132103198819,2.15382403722244,3.2243149750032236,3.0844998664819383,3.376922441421616,2.5665536763311767,2.3815169316690676,1.3726716787127045,1.4913951785175619,2.050646231894253,1.4379311539128081,3.7717352179230588,3.363585356229948,1.0051448480700067,3.746923946536606,1.8245715026993685,1.8407829930545183,3.4293632696406773,3.233024709612719,3.0756640944544196,4.206309897838002,4.4144798316592615,2.568377598265177,3.212827293683906,3.313649340077544,4.950645847253249,2.960649609670083,2.6413208016699983,2.2872857118285363,2.8257231702050265,3.249696316819795,3.6058626684978194,2.903645379717523,2.8823260516350393,4.154724313698768,3.0724767157226873,2.621043428628591,2.010420014439695,3.111213080517926,3.671197522010336,2.033959505012758,2.4411442755112662,1.409704920607174,3.733108303671829,4.03258249621892,2.859038144883989,3.225028487765708,4.44189604221936,2.882975023062234,3.751559007461663,3.0311337003006398,3.559310244022503,3.8839588515380923,2.1577720147271395,2.0214905236704,3.505732050524226,2.8031856018042682,2.6327849519771958,1.470591906868236,2.096744862551455,1.9701906303963574,2.9100879120855736,2.7990560115107685,1.54206459086385,1.2092073381732387,3.4018803331727474,3.1612587350828982,2.6714818538021223,2.9323573242366203,2.7031789454150896,3.117373445825755,3.018131792885894,3.9933320579358433,3.6039185852482003,3.342388805813521,3.9071667461031443,4.469350874928906,4.233055395436574,3.1023796531379584,3.4578384791675987,3.5840432411389385,3.9436326318356847,3.9390004658266413,2.8924034721199687,2.876405198382833,2.7142451803181853,3.060486574185366,2.4181578178251026,1.9844694599689134,2.889794933024484,3.2733802603982523,2.60064546665172,3.0775043426887145,3.0763113535221978,4.2524286153073385,3.8693857052546092,3.6013901007204216,2.7643479902221366,3.2592199529864536,4.573781577656876,2.0653852371653914,2.745565075902431,2.9389282794771763,2.072444979148461,4.059045744326607,2.8805732931627017,3.063444876636236,2.339165926851721,1.6843954497468319,1.132614698654084,0.0,1.1799819346445464,2.781732549412089,3.528897256114416,3.9201946262745238,3.4024739180971304,3.0785051881603605,3.815868637030881,2.2380974007298775,2.449906353760422,3.0174990133070327,3.03587169980304,2.4668264634746704,2.542869396308059,1.1188911893029332,2.1031055154713942,1.9655727364244453,2.702589472892495,1.619928936171669,1.9550138547031015,1.8388455685976088,4.262822014836788,2.1398816454440435,3.116708992718888,1.7740476528741393,1.9333218894167585,3.072699342145061,1.6034842997784349,0.4691129266969827,4.763779956269855,1.6974559737384562
groom and groomsman,2.166917637650307,1.9743013954306998,2.7593067808270577,3.8162030301671703,1.9418672068652538,4.391618019328432,2.7136681235880933,3.4380644691259694,3.448838247162327,2.979566035442239,2.3519595460368397,2.2738711521352646,4.206093178832293,3.8096619002864642,4.798093667632685,4.442388827155734,4.361755177995184,3.536030799677036,1.6097701901184704,2.1413340686502966,3.1055238012145963,3.495995717417747,3.483312206532191,3.093393332940815,2.8066026246436406,1.328755026055945,1.5201739238393046,2.230300892913892,1.3744348161322955,3.6716995516445126,3.229346201552613,1.3984469722238193,3.795536876326845,2.406976016066259,1.9515676443267558,3.326337726768678,3.0343545689436997,2.916982620714817,3.7255953143899445,3.9091169461304505,2.4478370567334404,3.193261207510874,3.476149545765088,4.4905750675041185,3.1314547104178265,2.680129454016192,2.4239915061827837,2.755772432889557,2.878865116173773,3.4557254931135395,2.9166235262955973,2.270280437358485,3.446252326946849,3.0999389327240827,2.298366364059024,1.859177494130223,2.4170700643152148,2.883784450198603,2.305568092677362,2.4290634989074946,1.223999697215666,3.126587220468488,3.3957515170331005,2.5334167225364097,3.5825649665770327,4.232019921441142,3.0393140881759364,3.8130215516482417,2.854288560217031,3.7364562416765694,3.946007741097047,2.292285436508484,2.062081229589562,3.7925218219309547,2.893448516235401,2.733032619532229,0.6142810316477321,1.047148414029032,0.8656410360316916,1.8684619489934142,2.3047076001928293,1.3755740626990396,0.6259634307960062,3.3565547535056277,3.0044408876472435,2.7452123800129318,3.124826063978871,2.974060103599651,3.366071105075512,3.2083382651468235,3.7429405581819313,3.625071536745608,3.6695784516362133,4.379436372836517,4.813250324694642,4.64092108757464,2.743893017317795,3.5763599264695896,3.318270532299682,3.372049856080399,3.5205554665886654,2.8508349873162175,3.2302291830423577,1.8407803636447921,2.4572078481313397,1.9654416675119581,1.934124355794246,3.1074260517054193,3.353638942988432,2.6958684191087605,2.0328136251942213,2.8802805822953688,3.667761396282814,3.340605903868645,3.2096173905980296,2.8661679723949707,2.6332606931199156,4.173011845588801,1.445634533917831,3.5245529692658435,3.5120317753380537,1.754612494027556,4.577707777106302,3.1630872532546563,3.0910696547859455,2.232602103304307,0.8841036949399428,0.617391699695153,1.1799819346445464,0.0,2.9034082177180545,3.138922266625396,3.819693204787042,2.526305743608619,3.6938818634768027,3.4230100217190427,2.047399682621544,2.863392872931151,3.580915910175272,2.723415058958795,2.8853660721294068,2.6599895119728263,1.8889249730644868,0.9886369012523843,0.8775339519372508,3.331676537351605,0.8356902174804471,0.8392257854740284,2.102137920358556,4.308393409429604,2.5196089976601233,3.0436260718556514,1.1133120628667104,1.424344317991127,3.5449157047601254,1.4458609428847635,1.2499788893663373,4.7420523732956,2.3624815445612413
predecessor and successor,2.2114298301469906,2.390758262057685,3.8361279898738587,4.423848380936779,2.3980310082756118,3.767288846397196,2.315796042930447,2.9505369742177656,3.9270819097282033,3.3163339058845,3.327256132088029,3.1603114551721903,4.038027497834195,3.394610560080893,4.075902559320226,3.882243466381565,4.014320064478527,3.7483950845753196,1.5048857203237058,1.130829775272773,3.312076686068842,3.723307966482878,3.2361558492334885,2.7896109144993404,2.325287621923641,2.0847428697883466,2.504463785850436,2.208946805348249,2.1218498891046504,2.901013076893175,4.3087369409327625,2.29855491327667,3.242347525276437,2.4705023491799025,2.235159606843555,2.881680769378334,2.4136965478069454,2.5564698433692508,3.6248423541137926,4.342804390586577,2.9070339854850045,3.4949840690984235,3.483985442504829,4.4460706844754965,2.1320861302899776,1.9749466078743978,2.143891091884265,2.2032150456848645,2.88033845934015,4.0480729944635,2.1422262485350503,3.0335708270803705,3.7264084374868074,2.5160936003429684,1.8210081177646644,1.929703530803473,2.7554735361819893,3.4750082768258084,2.6302384875866744,3.2295078850634855,2.1936931620807396,3.3738625374000804,3.42045115782996,2.0273698671576246,3.687764149466984,3.723033674726528,3.666894385800817,3.206017901556535,3.919749741447897,4.278365391895096,4.61250713125873,2.0433049459295316,2.395654276455794,3.883869670143517,2.634159314864624,1.51778787025985,3.3456680921008046,3.466911629096202,3.4595645959541206,4.197351184728379,4.1802748204905065,3.280138968907953,3.324560905218382,3.860153656100337,1.345582839853468,1.4087859351693655,1.592325913567454,1.504421550813399,1.6695048290246497,1.6694788035953623,3.147503613123831,2.5914689368392634,3.814716291706898,4.0584832202017305,4.279579846080917,3.7389759843832917,1.6667530171057743,2.491024464911546,2.4494165878843845,3.1158516078372194,2.8676468551463983,1.5275067604835395,1.6370145203690953,2.7805536360855823,1.9754873073446206,1.8631929557845286,1.9231695768447292,0.7560537577783536,0.9245562984395742,0.53400408628383,3.3922382611448962,1.1230220940663402,3.531216894307352,2.219280927811504,2.561811560923662,2.5077673115347183,1.9670153498220806,3.4461844656554086,2.3261693111984245,3.928155586483281,4.598754686114544,1.5351735843622263,2.7750271679231693,1.1699720562441627,1.7483326420870982,1.4854183657857563,3.5174351922400424,3.075455386223815,2.781732549412089,2.903408217718055,0.0,1.7170317165932316,1.9988924085664133,2.8097686185664448,3.216849057976796,2.7716096089624664,3.6660212604823674,2.0453519632701016,1.6354671543629966,4.297696456940354,3.8347803152705575,1.2968407839688043,1.8992619120269072,3.5464547946057214,3.375591767946487,4.323447617963788,3.348493612906768,3.4531446804326538,3.2092728961184838,3.1152010472279117,1.4295299794001972,4.082544848671515,2.9906124819293174,3.450053831223915,4.201836757601293,3.3163247951040575,2.654376965455398,5.263713676844661,2.04124694785551
landlord and tenant,3.012375380105512,3.231154773298724,3.886714324710286,4.5459790077880955,3.164498392907275,3.801946766310944,2.384840909515418,2.8162058614450625,2.8480626031202485,3.331472422280433,2.707456319341299,2.7751436843616486,3.229143587400748,3.292734353848728,4.1294365735084035,4.045971064374093,3.9042004484110056,3.4461478266649173,2.071564324655254,1.581530767505073,2.8952113907011183,4.200816939701381,2.8428745893586482,3.5089318723595513,2.827373232298874,2.514394822329396,2.80599927017399,2.5043948351087746,2.3672822730620267,2.1617198173205936,4.0913619142803705,2.875443588517091,2.76776788520788,3.2986026204637655,2.416832172526879,2.6988766886845106,1.847300585770158,2.5022563825776576,2.7474634679899763,3.3329045000415944,2.7510630509325127,3.5386876996743606,3.6696681104976925,3.481112080427887,2.102726829383082,1.8584045369661542,2.2207036651237577,2.3352486141830084,2.213663584405196,3.635322449214304,2.3655908668701593,2.689589345085023,2.3953305193983137,2.077132468367418,1.3870071267043103,2.0255447654146317,1.8023349510625564,2.33997978934401,3.0690903919975794,3.296212487227722,2.45010163757924,2.2700616812273227,2.0968344386049735,1.4634227783580043,3.932051049096559,2.698822468217153,3.8570294832746197,2.781967079887358,3.6914165384092255,4.436319893775661,4.600753830904082,2.1781954147768006,2.4641309874536885,3.9595133621880882,2.4923052430961428,1.5877701264381632,3.4087510862605206,3.408136456884372,3.3884046786039503,3.7046960292448943,3.9532548261604394,3.492900661519167,3.5365780306625565,3.334864069510563,1.812833594119668,2.5403461002362664,2.798728730117497,2.9395685527025495,2.8548007787223404,2.8623677569846446,3.0808907737504927,3.0118466993288613,4.287669528491542,4.661930728359536,4.813478843514434,4.494685378387531,1.2288000437728517,3.2077600662400583,2.316458480339989,2.3247183403869625,2.371388559484058,2.383661412923744,3.054807513134902,2.5787347964404317,1.4414891398867902,2.201061262217285,2.8215596278584942,2.169380704817953,1.536621528548205,1.9418918801585872,2.9297719915347744,0.738679792533923,2.6391644251369013,0.8209628593910647,2.179201425453582,3.0757931696062046,1.3331842486585963,2.7113233580098584,2.3882288048785894,4.780690411711871,5.185367632758576,1.8751588194830056,3.3898371955777544,2.618001202885946,2.6331155361791154,2.2634234521643832,3.53658658878762,3.315602849712788,3.528897256114416,3.1389222666253964,1.7170317165932316,0.0,1.3283473011148623,1.8640529695018195,3.960881037077098,1.650038081660622,3.7377337679447873,2.588612443667972,3.036442273277659,4.17202784043043,4.04382664578387,1.6356736098015756,2.990310512700492,3.406661284851834,3.275020428883944,5.043424083707519,3.2957317291996104,3.3553218363640798,3.682941222510239,2.59766626008798,2.1912041103303106,4.13586191770534,2.7697545096027008,3.4490975088080726,4.880340453118542,3.5109152566430875,3.494202198460505,4.988798522272857,3.1045603240357345
landlord and housekeeper,3.0540655872938016,3.397652552807139,3.9855870372714306,4.473432274422564,3.2332711637665428,3.233852799603693,1.9679039746410667,3.131087229356418,3.642453834913714,4.108557724916223,3.831020192053872,3.8409584624127207,3.762804419673311,3.2257283087515414,4.058595275553796,3.913887666499583,4.01865173117736,3.7786248621865974,2.738759875447252,1.9633057003991747,3.377434534463402,4.021701140367567,2.331579472980068,3.3063356389849488,2.398679905637879,2.835043367403732,3.08100185966291,2.3214200314833144,2.65030667931997,1.5636357789590825,4.276267159642305,3.0691105322954155,2.0078119115557738,3.1723333761347052,2.3953359025086023,3.0298745418040416,2.32000282633916,3.0357681012905786,3.3491444126738106,3.8926635548045243,3.3953816001709125,4.255456154010366,4.194550544662287,3.935795410244834,1.9217505638246557,2.1481047554816444,2.3371011071841825,2.749252843886704,2.7227097200228725,3.7164870947111273,2.557439453303538,3.743070217875029,3.24775261629819,1.8586541602914126,2.181048614522996,2.5803452938632,2.7600279120014317,3.3498885363322755,3.0832666224069,3.395424833183552,2.8007181018393466,3.1154409813624655,2.936469780125465,2.104982975063048,4.240016490533036,2.35469430516437,3.8235682848983217,2.035339795434174,3.852420503512171,4.3539830942293225,4.529482579483574,2.2715539838694814,2.4955301228420765,4.214686352460124,2.6292324284706683,1.5982638263470232,4.0650992266580595,4.306103133968977,4.245422398169755,4.614797472022484,4.468471269738239,3.9592038339603266,4.150749027697474,3.0950208276204076,2.5041399561917146,3.1719318573407276,3.247584448843989,3.425471364730592,3.1212505657989382,3.321994884928387,3.6176346714500975,3.405306958748467,4.8528078293574035,5.005594534638127,5.1975311823785395,4.7647195439794015,2.1422122150599714,3.631498106397656,2.9496649734099467,3.1939751125690727,3.1306814705430765,3.0372350287590555,3.3893316871091335,3.7094752325559974,2.630738871157514,3.1503932949296125,3.592280080913577,2.3608721358626656,1.568232723064736,2.3625165148394096,4.11361477727137,1.3657321707719898,3.296026016236006,1.9178189027567085,3.0142856146789745,3.8386997998697567,2.5136160801359186,3.1646994131035324,3.2646543938462766,5.063843724514767,5.572275753945859,2.7892543659745486,2.507330390122363,2.9459912960649364,3.189055673540981,2.951612689194382,4.238440337767652,3.9115881364232403,3.9201946262745238,3.819693204787042,1.9988924085664133,1.3283473011148623,0.0,2.9626392329254845,4.176449168791287,2.200461385960135,4.173013369348706,2.084754729552041,2.7320507517369563,4.608737958146028,4.202951508312307,1.4958956515763246,3.170475484475994,4.285762689727266,4.129269796182773,5.489853518001002,3.948367042722367,4.203221519533575,3.9076167563897917,1.5156875766672706,2.026528786803167,4.369245946906027,3.2803307582745314,4.043838358926108,5.420587012389787,3.942745585035305,3.904766513460781,4.816211380944597,3.015712539805647
celebrity and fans,3.198688096395183,3.3390744691772105,3.4556582632488517,4.222241262244636,3.250440304549435,4.646929876084362,3.257153311009754,2.6467717996254287,2.3171141420687547,3.2605976725458787,1.5936717575545285,1.6996137582426638,2.8939300794674545,3.26809856024365,4.858207318762885,4.877697510726846,4.550483581182607,4.09109205184893,2.21505091524174,2.220200470323867,3.193168020194341,4.164342467301989,3.7044711601943696,3.77884802102949,3.4779038950269934,2.6611361746350384,2.5997282822912866,3.084793663132153,2.5181463365676326,3.4021252960440376,3.519544704572499,2.9937154794982637,3.840891866687063,3.540820400591851,2.7992543998516757,2.6949994983470527,2.324399655335928,2.3465709193607904,2.3022281838635315,2.965511444246762,2.9747749207717136,3.5824610629418934,3.84209534695386,3.098300693587807,3.066463107458521,2.7365830350225306,2.7453558413878323,2.3496147408881787,2.019149336883811,3.3361067158231097,2.5448826246348775,1.9345688103776897,2.150782021173013,3.1218875785305378,1.7384726998132203,2.0601946849681094,1.164741368239312,1.7459208290125616,3.0674294480317066,2.9645226956363118,2.378454468239588,2.0460847456639955,2.070378106983644,1.7144837473595251,4.514184250270634,3.7895417902320134,3.5881926609914387,3.929200708062104,3.1580708222003735,4.1407825329883865,4.2032599785682905,2.668221893814106,2.64789670788453,4.604572998729991,2.9956755592281366,2.730761759946508,2.618698535255229,2.525932345256282,2.4617839488732463,2.4137940540435787,2.901312475857356,2.8452858868561295,2.8521049301147765,3.864692259154768,2.1973502226343946,2.77674515262557,3.1153708041996855,3.3158723052272308,3.2810680944705743,3.1716660762706272,2.6541268911555003,3.0348676705580213,4.59471457073243,4.9930902880852335,5.002458800399839,4.7568257069294715,1.5625079516826659,3.2561719650170167,2.162039873387868,1.6286128099276136,1.9847906534603093,2.522345650368245,3.487159414189674,1.355505913328089,1.0652861261399067,1.721292569019868,2.5985839662906733,3.0089034569137207,2.798843325354827,2.665246557639779,1.5709152852616517,2.2560122288418563,1.8798889586759697,1.4727584286226367,1.8698889040322986,3.243886880502227,1.0128000853921206,2.4840086879135694,1.57804302188952,5.037458167157237,5.101075040815231,2.001561912314149,4.626850064333816,3.2456188871134537,2.768149645842738,2.2190715432162946,2.622586569986536,2.679340108010054,3.4024739180971304,2.526305743608619,2.8097686185664448,1.8640529695018195,2.9626392329254845,0.0,4.5884718621889515,2.728394875721714,2.9756439283725062,3.539149095956952,3.953468385843473,3.2158809096393526,4.173811342664868,2.8502571001942743,3.3361079093560018,2.4080088228051317,2.424710959381468,5.06029101704319,2.5304734124124972,2.3287048998326516,3.2930335145576652,3.981987260184783,3.1895192158488967,3.452823855351431,2.313326420506035,2.5410807713641,4.818725627826717,2.869985607031578,3.4340041727847885,4.661560103965916,3.5239449155096634
celebrity and haters,3.0290363976058554,2.6414160160738613,3.912727101074172,4.369275198287203,3.2230044218107117,3.113385690204625,3.7124447792994757,3.6549131301453204,4.079054582111695,2.0914838012319854,3.8630226600780433,3.6319255514081474,4.1523345696774445,4.089164008781881,2.2278649775724126,1.8436322315046834,2.060196281241806,2.796507673074217,2.7363676867395346,2.9918916300270264,2.4027074018257872,3.8743334190206435,3.6346477987855246,3.259298599266122,3.398206809305078,3.6060901160239145,3.3208664065127107,3.7007814981647305,3.3824464911327348,4.20500868179396,4.137990605444577,3.265307419919056,4.278274953065047,3.4705039685893313,3.402146304125441,3.1673033183111574,2.864912212222328,3.050589841132693,4.114060238957998,4.144616276381297,2.2250629057471953,1.930976730493049,1.5448035851938915,4.611832150743734,2.5863478547260748,2.327572309325598,2.4962671459237047,3.0402180208898555,3.447598357987358,3.9897526167399024,3.2573720486398705,3.2559734177621276,4.323267093841576,3.077824749267301,2.9723672283805556,2.7686231292953907,3.759455849449106,4.111466838091289,3.369205351708693,3.7927869195189037,3.5425604738556022,3.748025956226959,4.079183411718785,3.2111562849058615,1.5385200254802198,4.527218288787412,3.976060791757353,4.3243727328565935,4.107893789016961,4.310553348347931,4.678540754114954,2.6740587355893624,3.328293742892666,1.948435014937475,2.352914215137585,2.7117695812820646,3.8338851720430243,4.290525749666308,4.211438888627696,4.632729491739644,4.344279515455004,3.4810514701176243,3.646660869897319,4.073750493008324,3.492388991863396,3.166438155883355,3.225213610729077,3.192696857567069,3.3307026778096556,3.2415808925423297,4.111960070467548,3.4237473958655276,1.4568213916914727,1.3644857925759641,2.3484259576693143,2.604371060049512,3.4451137158207636,3.3004279623115673,3.6584412085124454,4.151845994930292,3.9767554717287945,3.3612858484577113,3.1107748770660857,4.099752457158566,3.7968742605977686,3.63088377063826,3.1990878959349955,3.210510148476109,3.2468184933185165,3.267538520037018,4.527128260118377,3.5339463205742043,4.636307302479163,4.214442448786099,3.627498931193594,1.8959335081216024,4.155956592475515,4.528302298640145,3.517442856089723,1.3426446150306763,2.1894649115524842,3.0448769014179136,3.543658939705847,3.068253681336615,3.397988905787261,3.3046038582793633,3.8497598171753467,3.494930348772497,3.0785051881603605,3.693881863476803,3.216849057976796,3.960881037077098,4.176449168791287,4.5884718621889515,0.0,3.9043743418408035,3.6950688399242226,3.412494744002937,3.279240795632744,4.2934804246930085,2.2636442380522803,3.249123209974333,2.732510152465466,4.270214618233895,4.152294645382254,2.0448775959849983,3.7216757873821913,4.130263942489861,3.4659236517847707,4.543393984599066,2.93438586782467,4.2197110171054835,3.794917293844816,3.7590366504970776,1.8365673731475292,3.560025495792519,3.2682814665869038,5.254013339830511,3.2602482432099293
native and tourist,3.784494478529415,3.822779518826392,4.427151657575555,5.238635953493433,3.857321305882001,3.883225470156697,2.629627359420611,3.8638463861153474,2.7195920936149935,3.219325044186897,2.9200066189369864,3.207175185104496,3.7101191881544646,4.300079704911737,4.038456466723306,3.731154456169189,3.4583390781236973,2.2720248757610304,2.7323148925263996,2.498253499208302,2.3988517957625377,4.997703594548187,2.6258436039150443,4.359353395359294,3.460983494443227,2.9537343032083903,3.4217382016181848,2.920226017032155,2.772926045771541,1.8647681950621944,4.525852769501731,3.30335071542749,2.602850676795758,4.068329017011755,2.8361172317608423,3.510726085936381,2.283824331117304,3.389032866571314,3.340436899142618,3.1832252834322103,2.2795037291897047,3.285782867375806,3.6213387146468583,3.867822544531238,2.4899772450238022,1.9082507126934223,2.599887974027473,3.3431413472219806,2.794078170727,4.031954730596752,3.482548973818341,2.930897820041965,1.9449279531776817,1.8347514302668464,2.0426326315325576,2.682322382244166,2.2186107730064366,2.076436337454077,3.8457206536683635,3.9826348986912303,3.0011694651812997,2.0478028230669856,1.7497825565097775,2.2952550074143008,3.259017057314613,1.7884104359336588,4.586210599572105,2.5247353091499116,4.18224126035011,5.167609554113389,5.288493395247475,2.6625823998063134,3.0159527204057297,3.1146944913352446,2.6504997236905012,2.028556625291783,3.612094399145698,3.457376005692562,3.4788019851670025,3.6729989218650787,4.355299895831571,3.9218005015227133,3.7404938420364227,2.7338927533114763,3.1731003205059984,3.645449180684535,3.9946491358017524,3.9799845416064654,4.12187537774849,4.056473793198055,4.295797681374057,4.2120125928211385,3.921818004132456,4.745692826605293,5.191538182035415,5.206643969445355,2.4592743112413147,4.395384113885761,3.5298075852436543,3.2298967993171304,3.471910324200819,3.623538027262561,4.170837391077973,3.2496463960908715,2.4749125690002387,3.222535442893081,3.6727271400778703,3.3804605203038283,2.762373322884451,3.097912509658732,3.2481442967825727,1.74668223272929,3.5758575881751917,2.0778528809586603,3.2274838226316276,3.370393017739994,2.55120396201536,3.780509991197175,3.173835229142966,4.723198805020706,5.036858507342428,2.460550610098397,4.107735389245748,3.7459186625334633,3.903027892940159,3.402736108038152,3.7485176430148166,3.6215972097900173,3.815868637030881,3.4230100217190427,2.7716096089624664,1.650038081660622,2.200461385960135,2.728394875721714,3.9043743418408035,0.0,4.230233728495417,3.0546204297325037,4.078152470926557,4.682232070999585,3.7948157806804943,2.169270107757156,3.551908823908999,3.483231986599729,3.3139106136577268,4.83873021341748,3.426234897926734,3.5300051133353567,4.3550635337863435,2.656820823068618,2.657337406757812,4.850938038562241,2.8848186785350336,3.873446894639453,4.868683929226881,3.9530876558619683,3.806617378683257,5.564415606618229,3.8686726810846293
friends,2.0184661140572255,1.8961037144925674,1.0701857738607525,2.0080344250022963,1.9735002300219227,3.614543877700843,3.2408720825087984,2.3995036934948155,3.082122162609398,2.9814658078753733,2.643596519208612,2.3431899720834486,3.2218151094133956,2.5139160186859475,4.069421320134874,3.993575790655152,3.9147454670295483,4.10255708512367,2.3868101285989645,2.6316054244013016,2.983605676594577,2.1378719978990968,3.385961743666412,2.307365053677187,2.725319608773475,2.6156184657781045,1.3977368660117202,2.8879713850059026,2.2686579061399073,4.109632372100481,1.358222420737587,2.203104434182112,4.003247862610876,2.3501433326947687,2.3486285410064656,2.342367164594098,2.7434579238307366,2.183401820245519,2.8838150546809493,3.161284655589351,2.8698754316702355,3.2253711658575046,3.109742798291433,3.440031858277792,2.92787858882067,2.9223601131268517,2.230374011823597,2.151302421096615,2.1906593755459136,1.8988486142818908,2.294543757788674,2.4898617152591918,3.597177346955506,3.2807193988288605,2.5624856525020943,1.902530208498066,2.518120281961396,3.190544365200098,1.6298146097598676,1.1871205960761995,2.0688667883294527,3.1069531519212488,3.5323444397630874,2.453391886822436,3.884828757242823,4.589100336609623,1.5234811890896056,4.203909944453082,1.202083975942518,1.9823200985969878,2.1210379639945094,2.1604271206811925,1.8844180943185271,4.086506892608184,2.430334864951867,3.066573768329146,1.6711559102696771,2.778758815747926,2.476291282932449,2.395748700926629,0.8257490052012695,0.7335433919817763,1.654225300652217,3.471802241135396,3.3001868016527647,3.285681869924802,3.386228748069153,3.626149158858273,3.430527541172009,3.4546252296118696,2.9158826125713913,2.988619450755087,4.001591223694749,3.9226132171360035,4.078706188193027,3.9011858358491116,2.9559780392667214,3.1330780654979073,2.862021275365229,2.9315006959625047,3.0387984482366655,3.1705960524655628,3.5513166823898525,2.6851476427516654,3.0467178040304206,2.725668018416214,2.786257482642756,3.5362892291931565,3.6371872314992166,3.405076266189822,3.052580624450612,3.6799372301595565,2.9448845865015425,3.679590445855013,2.8905998674381346,3.229253927137507,3.2990709907760145,3.3900461026585904,1.9277162061385087,3.480730571379597,3.1611570452071693,2.8726017598894393,4.271213631944358,3.598232196115187,3.2128254667855565,2.706653290867448,1.5115982110153892,1.4772695197399146,2.2380974007298775,2.047399682621544,3.6660212604823674,3.7377337679447873,4.173013369348706,2.9756439283725062,3.6950688399242226,4.230233728495417,0.0,3.271200517687709,3.7614794297104814,0.8096801955228348,2.385634106959955,3.3940700096538725,2.5820790357602252,2.4587424963629454,2.547089968048419,3.510456826352618,1.567525625380325,2.1300931980733666,1.0364357447134955,4.551441695218511,3.1966013332839736,1.1248485001159567,1.9095435459643986,0.7287956824476004,3.409866296517542,0.6981513286964363,2.6293931116123717,2.939723044014164,2.701000905146609
facebook friends,1.6881399534281565,1.9813193054940081,3.002297957707577,3.618928068928934,1.7191246654083492,2.6798492591797514,0.7387738562558488,3.3089342195302294,4.177290084379421,3.9048441159453833,4.011116225733505,3.9029704654864967,4.416199134597382,3.179216593039006,3.930379098237832,3.4656158354274575,3.857230552686053,3.5031673595261457,2.197290680485021,1.629516100156719,3.290755192334012,2.892429409063239,1.84704774836565,2.105582737154655,0.8116799653763564,1.689451208002417,1.9660058743933013,0.8354107121141634,1.5328000668973678,2.0129802113559143,3.625953522124374,1.5751103057581848,1.8189100456535445,1.5624457204172457,1.0971854910041705,3.1658827957006834,2.7392853374228197,3.1012159795019225,4.001570169381041,4.349688459450703,3.0646509043350445,4.005876398249005,3.871397264494187,4.649914655397354,1.7818068145952208,2.041820528567029,1.7290273636538844,2.6844019422041208,2.998337536294496,3.374235521080573,2.4387030751316043,3.7770471000594728,4.01349556648604,1.7692560535059945,2.4096424691557843,2.1691336478480814,3.1792708139381443,3.876914936549349,1.9175339591856002,2.4877858227697893,1.755055178698318,3.695195203983813,3.7682476934260904,2.4510104151707504,3.5910977373479667,2.9998928471317683,2.846536418894212,1.8228024189446292,3.1708155618093943,3.489840802986724,3.7864791168781102,1.5481242168256655,1.4870879690855294,3.6700937664153517,2.319122519193616,1.4807409812838535,3.1094398372897922,3.6802317026783187,3.5661388448883047,4.228358949699302,3.774872601503253,2.882662254267508,3.063008571846903,2.4705135164554606,2.9204759664120483,2.9911511050542967,3.0431294553980655,3.033732924681496,2.9293253721872103,3.1463598546931943,3.97816636861171,3.521386303140377,4.274814873833147,4.467732462737127,4.926315449791983,4.474528105132603,2.7691649798773796,3.5731202730509524,3.431735708737099,3.91458411994351,3.8231227193423107,3.0557561071350765,2.9830578143453272,3.714334288779676,3.169792419488165,3.0732648768041155,3.067570530013815,2.2762651898233948,2.136502572965941,2.246774593004018,4.169730542142128,2.121404015521946,4.037085981856718,3.20655419254282,3.5923907012480187,3.57392763831487,3.1960606763009856,4.068994588451,2.9541837401134874,3.852155895120592,4.367357582363674,2.5937591813998706,2.1531775026373547,2.7165780044799908,3.180436898579655,2.717326219020609,3.353047682272667,2.852484403206303,2.449906353760422,2.8633928729311515,2.0453519632701016,2.588612443667972,2.084754729552041,3.539149095956952,3.412494744002937,3.0546204297325037,3.271200517687709,0.0,1.9866748467672577,3.9050416821296956,3.0421069414125914,1.0898284429319987,1.7076384517547698,3.6608811718716328,3.4751533701186017,4.273506965820975,3.0678045713166413,3.5352522878730195,2.6804090477097127,2.0663256088936146,0.7933895434193756,3.604093307457568,2.471108207391403,3.214919240131869,4.498810535663171,2.8513631756127413,2.4738687695674093,4.361931705574802,1.401420863299122
political allies,1.8598194611027088,2.1582483144461095,3.6219281815124007,3.882799174787036,2.130767851418589,3.398447879010505,2.6346657502059956,3.033628363399281,4.852124355445549,4.049464385100623,4.4096016300481,4.100218234201379,4.563171947521184,3.102114209876744,4.042211328137957,3.8809661288607007,4.307793170601795,4.593254645090055,2.371070866981658,1.95638924536915,4.027540496387874,2.9331449169881503,3.472897286696998,1.9505135101607323,1.948406482348015,2.7013877635728365,2.6642984201191,2.486386596889589,2.676517529099289,3.575597131820069,4.239361794995606,2.537606854925929,3.563296474304271,1.92282980481542,2.530659292837024,3.067749667599725,3.116270086643333,2.905155777265009,4.237506419992752,5.0538540805794305,3.7740921213892746,4.197396563926408,3.8851356737589264,4.966175146394357,2.404020906093311,2.7376714946565146,2.468357123801402,2.448205400713232,3.4527638553291378,4.062185267505433,2.155313991278628,4.025949562588593,4.879898689955998,3.1008460008454515,2.829882491689366,2.549908574356233,3.7889210960908497,4.66033241837992,2.3325329654107896,3.0979631692653062,2.7029691875150763,4.420803359840378,4.56331074988272,2.8414839299092454,4.186847042813638,4.516897043875829,3.2349459768094184,3.5992466687024964,3.9035182522533747,3.716137010595467,4.145811919824516,2.3391719902781727,2.5673167341483767,4.433541867359841,2.9616974026108642,2.22776622851527,3.9320777665733058,4.436555017525803,4.349875327899907,5.086829351974875,4.441650697969716,3.4836492271252633,3.8228207180682197,4.284097469202633,2.2328053994669403,2.0525028897017608,1.7723958661709607,1.873561182284696,1.4862406505683277,1.8436358096098573,3.358069980306299,2.5685153795244418,4.342153729161666,4.041886317279825,4.183672581345957,3.372503363982308,2.726038237690586,2.3990406967004945,2.943090426012093,3.9199244310638828,3.524663980261431,2.1441849727873388,1.550943852196932,3.869714263677562,3.244382774803064,2.8575736831492624,2.613502469247428,1.2064115649957823,1.66441838874311,1.6085618824696517,4.588517353943093,2.5403086604132286,4.161322493545951,3.4479164667918685,3.3070341581964584,3.2245764002749517,3.2668203408277714,3.9063811500683605,3.125638177614129,3.8237112571735348,4.585398977296565,2.7816164346088414,1.8916657073560394,1.425008433752828,2.0873212200587847,2.17898251698943,4.091490862770578,3.545739717327743,3.0174990133070327,3.580915910175272,1.6354671543629966,3.036442273277659,2.7320507517369563,3.953468385843473,3.279240795632744,4.078152470926557,3.7614794297104814,1.9866748467672577,0.0,4.3747934355951985,3.9031409342784182,2.1058007010696107,1.913837943754017,4.450571848434244,4.306442281691386,4.450737223065114,3.9609260318947492,4.272373896496705,2.9606337004475587,3.450096475646533,1.8184240991998977,3.864306037636404,3.6638602280076324,3.817395877252079,4.339013758069858,3.487346070092956,2.98425841982578,4.863563765163747,1.5725078176147544
romantic lovers,2.7058716237629192,2.6518130071672497,1.2260174693496557,1.8706261957024335,2.6915735143509343,3.9299401331461907,3.828770277226178,2.503249979613694,3.1068515934623897,3.40697485582581,2.8909526994106414,2.610909013357264,3.093395961370066,2.5296369842948603,4.3573846487194166,4.4062816878648965,4.253320153107738,4.6135219221912225,3.0726604274051046,3.2519337025452235,3.365724995202059,2.384064698839083,3.7969890248418743,2.7993900275724,3.3047809866462035,3.3248745908987534,2.1001729044023065,3.526031055730505,2.960233371962817,4.553597836297964,1.044481828190632,2.956345229508254,4.430500522582932,3.002598433823836,2.984219068913858,2.5165275746520055,3.086730171761365,2.465064577448465,2.813133142801818,3.0744700082800365,3.4091791845864,3.661222601141657,3.514497048401462,3.2162513664062384,3.411975097050988,3.478879291260349,2.7946180423390405,2.5299853783011415,2.368314268796237,1.748047413542198,2.670816508649068,2.840012092496872,3.751015162222086,3.76977927250963,3.0493217131227914,2.4975714772770985,2.790705365405198,3.4000488910344595,2.2025780901190757,1.5492476144029246,2.7505715404746844,3.2988693191556515,3.7275731787153807,2.8499730886525434,4.453695705063797,4.9451329931769035,1.6998394742267717,4.672288614739533,1.1201723513587534,1.9003587599657872,1.860793579887478,2.74761559626878,2.4586477065165977,4.6208055928214256,2.8720459699990135,3.6462976056342393,2.2779185825157087,3.3072294197382774,2.997409821635754,2.6016474591087038,0.6344100533770586,1.5059352608793817,2.3234502803278567,3.8569514559885696,3.7678184127722982,3.8752866812769886,3.9400073707036665,4.264278714866474,3.9516140272617664,3.9994175389953264,2.9784169057530705,3.26368182291383,4.561451008891401,4.34191499150311,4.357066517580959,4.218784753223795,3.365433452829154,3.4940922844669644,3.090771676276635,2.993660466085891,3.1587817024907974,3.686188318682963,4.1509314079105835,3.085781297069258,3.4568379936187354,3.2554087013120436,3.4309018909807816,4.130867354359018,4.159285912052428,4.030317224365785,3.384496999301304,4.231721396495355,2.8514107336711803,3.989459391440549,3.1099572398714437,3.797898565826269,3.693854627438096,3.3489975128988267,2.4547410039262796,4.09556373906707,3.6458959111901765,3.511244673404375,4.73171046859585,4.20615083114362,3.695474438679294,3.2801258986654522,2.0635997616920285,2.18917471148477,3.03587169980304,2.723415058958795,4.297696456940354,4.17202784043043,4.608737958146028,3.2158809096393526,4.2934804246930085,4.682232070999585,0.8096801955228348,3.9050416821296956,4.3747934355951985,0.0,2.890940332797756,4.026004455058848,3.3639212679440917,2.94326035205204,3.082078184724153,4.109698174545277,2.1494305358639174,2.623562604794702,1.6780617857005455,4.970138889805978,3.8878676755903983,0.913034871090222,2.474867333288487,1.3058792400742198,3.917752871112899,1.4577176752796468,3.4195021443349636,2.543479450528894,3.4096119703712096
ex lovers,2.598034446100582,2.2201653153760486,2.4560861262849087,3.1596550577404736,2.6102320070896567,2.5489258420602896,3.044961881118047,3.4624409803781977,3.3906733615988776,2.45581583166325,3.4538690557125427,3.326591086593003,3.813025768394732,3.5595158220156433,2.7252175751219134,2.1996588867277063,2.2918368284189494,2.5206792072847524,2.782433356933936,2.9789729251981085,1.9727210390079892,3.0189659217445386,2.632729625487527,2.8410478547764297,2.8026102940463082,3.0310114370915677,2.395932220402495,2.9974202942893227,2.64095717867904,3.6488873559628745,2.6147371792740124,2.536795707302641,3.4738919417742635,2.918625754465587,2.5508602670682103,2.9876626802345148,2.747590565871159,2.9995354747596776,3.6765110960488134,3.292661733607459,1.9882791226804672,2.398927903883129,2.2037531204480327,4.0502613583052165,2.4659889028888826,2.327756031648383,2.0031558381569083,2.9892970633256533,2.8487702541809123,2.6311757802293188,3.156562341429994,3.0690825340803274,3.73197832470422,2.556836393830875,2.8627653623192697,2.4266735958011263,3.2249672094007065,3.526858992431553,2.5634143590090117,2.5948511033223536,2.7819534511028476,3.2268501169393256,3.620223035040703,2.9633327212280647,2.0011281831758154,3.8737586936221313,2.809089036009451,3.611513361480545,2.6039083919336075,3.1610287534309474,3.3787841925277493,2.1362510570009565,2.3763267832358625,2.1316125291145496,1.8609461941166336,2.737298806151366,2.6938608740558374,3.543069890486411,3.3417197459176724,3.4564535583006117,2.849682986533974,2.262036282953624,2.545676920186614,2.64417731857411,4.034485200706729,3.9176431927439124,4.043971295743743,4.106381443763714,4.0951263888373415,4.106783059258459,4.213041470642555,3.896152959967369,2.6721918337458037,2.858513905646523,3.614038266087362,3.8432768739075813,3.6100432881857154,3.9799189601290177,3.867288879723117,3.9901011134932305,4.070370730153738,3.984490111408468,4.043156842163479,3.8839018734374275,3.87150729532918,3.76793068380969,3.5741557586988653,3.911970618723712,3.8172051215727048,3.837774039159284,4.118612094869372,3.7780062000067844,4.203375317671024,4.266740442839341,3.8005030074057133,2.986626934147568,4.212348188283822,4.408697650207167,3.173443744603331,2.0961006097069936,1.8836267112147493,3.234903097804874,3.8735509796090395,3.985423707967411,4.065528924659043,3.6167028090127533,2.6861667275749608,2.4720179702524963,2.4668264634746704,2.8853660721294068,3.8347803152705575,4.04382664578387,4.202951508312307,4.173811342664868,2.2636442380522803,3.7948157806804943,2.385634106959955,3.0421069414125914,3.9031409342784187,2.890940332797756,0.0,3.231820741017293,2.6732389130320904,3.36630786151901,3.3009916465790536,2.25115770760525,2.490208321661298,3.1873759435729605,2.472872970201248,4.123457709328283,2.9169339434774124,3.0176511613409254,2.567898307192334,2.5381327672717933,2.5329129330506683,2.291348313725862,2.8636415141811646,3.878789716680727,3.040486988222153
strangers,2.0374986634434546,2.244150679434639,3.3839912195504818,4.093514753415064,2.1270590992420866,3.067698524931693,1.102090260620051,3.1126097285281205,3.61854484560246,3.3861134480524133,3.357381729446998,3.3149807416810044,3.9983288693696184,3.297310462194055,3.8358157033542675,3.449583030862357,3.637154343274238,3.066697484577382,1.6674367183390395,1.0529520824586962,2.8597290790974976,3.4772808611205335,2.0783694455817177,2.634893067068346,1.6109297395980537,1.5673052409412414,2.112543631562667,1.2281583884475713,1.4573039376506562,1.742623563585592,3.864193207768778,1.7759476942256816,2.011789541073064,2.169710740929736,1.3466379061544764,2.926961879216468,2.205393126981546,2.757891203026029,3.556563699011924,3.94306934189396,2.546835394016406,3.5100894484807266,3.520761246821659,4.277776079494007,1.5776791440515696,1.4735945925914558,1.5939248170877045,2.4047552244251085,2.6318249042284436,3.5319279238513204,2.2915413465695864,3.1477419238968354,3.31303916405764,1.4842518099504571,1.7058338063404497,1.789684976981527,2.5409944449560347,3.1665471350222503,2.304955609213606,2.8066206132522584,1.697258274382375,3.0378028190266915,3.0413015075500778,1.8778050430475381,3.31421438326641,2.6521046160990003,3.3068274569322655,1.9554820604598133,3.419144496969026,3.968230286778043,4.239213111783491,1.4690721220733378,1.7004862923628818,3.386830486910413,2.1391457467598163,0.857668020116614,2.996520438757198,3.2730284523484747,3.220929981854183,3.8761522271353814,3.8294270159606305,2.9792232830612244,3.004497007419011,2.6430804445134672,2.2510118820186937,2.4541071577569755,2.6422960949672856,2.5961293168802593,2.639802636431208,2.7369446472629853,3.635680637295998,3.2279429543665,3.8805449855009257,4.279096963987832,4.697820008497939,4.317660736085257,2.0155661209400426,3.2816241050812267,2.9410511996225286,3.3205235853947612,3.260081684321032,2.5145387072579073,2.6724992555134257,3.073128907361524,2.3444736216539073,2.4523233765026697,2.603233274307167,1.8093877987993012,1.4943648668425789,1.6303717787203118,3.499588029167368,1.0693185313842852,3.583709827466482,2.3392330739370735,2.9854096030391624,2.995188236663278,2.3600180538168996,3.631534465435351,2.4988930671345075,3.8990287531974612,4.442818582134458,1.8296568524479302,2.5310497264706933,2.2840890730768475,2.7266065778486777,2.223070900741354,3.222761606377914,2.788971831408644,2.542869396308059,2.6599895119728263,1.2968407839688043,1.6356736098015756,1.4958956515763246,2.8502571001942743,3.249123209974333,2.169270107757156,3.394070009653873,1.0898284429319987,2.1058007010696107,4.026004455058848,3.231820741017293,0.0,1.8196300980255768,3.303479663843442,3.102825786503969,4.247456599726729,2.93406575896657,3.2263093713406894,3.005232479766359,2.070580635684637,0.631120157976566,3.86496019746676,2.3373293379003424,3.183416367982544,4.350549457764302,2.9843726825841235,2.4923152002641427,4.783989856111993,1.8692343014031825
neighbors,1.0223175429918974,0.872739562507725,2.7929136700533834,3.5306602120249884,0.9691998197377931,3.4500536187425364,2.073298266229672,3.128302825144289,4.132072026488478,3.120286567402764,3.3928744418951826,3.1449020939314085,4.384074511055866,3.3386366395200864,4.016710066662404,3.6096737952934945,3.876943126392214,3.5707797248144786,1.308635022742106,1.4757896525645064,3.1755514539045477,2.746228201003041,3.0261275221724606,1.9311145974513657,1.6882794629423683,1.3009982502201718,1.4425370461298204,1.635965131643487,1.3306481658188205,3.3271655011919945,3.4772777183732373,0.9409392905995614,3.3134009750084203,1.2373192765039942,1.5205820187627723,3.0030977531742193,2.8231965766825944,2.6860442776330693,3.9879621170692077,4.424926610744328,2.635652919324884,3.2609748794549485,3.194611976794453,4.763231942520171,2.313034906532837,2.1794973607306334,1.82628636818625,2.3178302294619315,3.0110378853375503,3.5311625555526516,2.2764073487437337,3.025415108464193,4.161804775830573,2.6430755655853138,2.2577706068869174,1.6964222624815557,3.0507269347111365,3.774622958634927,1.6619824365050935,2.3533586950508596,1.3694181765720508,3.7041718779624437,3.9475461983875615,2.4568284104595897,3.206767730639137,4.144648664076857,2.730118033990574,3.319500505906821,3.1129592240120156,3.4001858516752406,3.7916667998365035,1.6672599770368495,1.7163178764891394,3.488673000570885,2.4362509191004103,1.9565387885813799,2.2557387830229265,2.815313246591049,2.7143986843348107,3.5947512636587833,3.250434536218137,2.0339874589993703,2.079818349187003,3.391917702450761,2.48373746816749,2.020327140731346,2.1645791320919336,1.9736759766376448,2.2547517127235825,2.260379533726613,3.5565832282792584,2.9868365425253978,3.380336490259738,3.6581936385535405,4.12759492434183,3.692730437598437,2.5977476912890523,2.8202086900722856,3.083213104859853,3.693743976654394,3.546442963212748,2.252880937112049,2.0409880138637755,2.8744414973911163,2.7813831813162966,2.185285353118126,1.7469870370735818,1.9279579238384943,2.361091737124231,1.7601603285299299,3.427867681828892,2.443435976179785,4.009235168470587,3.415120315695701,3.21625632934822,2.533378974909358,2.9329019795625846,4.134047302633574,2.0977393276044634,2.79380865052032,3.3139424203233885,1.8305825284669441,3.074552117169853,1.9855712789637854,2.3864938025831193,1.813439563413549,2.4573854837749107,1.8652202085722176,1.1188911893029332,1.8889249730644868,1.8992619120269072,2.990310512700492,3.170475484475994,3.3361079093560018,2.732510152465466,3.551908823908999,2.5820790357602252,1.7076384517547698,1.913837943754017,3.3639212679440917,2.6732389130320904,1.8196300980255768,0.0,2.837253564945931,2.6772545768836955,3.0915739380775094,2.3299157503454366,2.6755642591767432,1.9072799664066067,3.641271274785238,1.3192043195521408,3.183811094074168,2.1945390111997978,2.436707571184113,3.2706445201609613,2.0691071265311307,1.1305221714347022,4.6425513878816265,0.8320962865308394
aunt and niece/nephew,3.074551888373583,2.8868980356496605,3.290924111970903,4.372889572571141,2.8790018131473607,5.008684027531846,3.3724161010883673,3.864567893682847,3.2406610731482988,3.111097831228889,2.0228753911988275,2.126930067891948,4.265583422428956,4.331663004051493,5.252284631252208,4.9401760246555035,4.692319071989096,3.66295915935468,2.2605201903183256,2.8022298653119146,3.2700081903282503,4.248208655126695,3.969822191468767,3.9448254039512247,3.636213720229024,2.1187804495997877,2.3062658951727535,2.9756478925703886,2.1365661114311982,4.048110122444402,3.5572845658418313,2.3192058914036364,4.271770272198487,3.3404342996317293,2.6890463797858364,3.7377378283155007,3.3547000299698335,3.324399970980435,3.785795793038134,3.794952598981719,2.634793775817976,3.3334886469222464,3.7831495493499965,4.495128498052876,3.716326191113781,3.152333090631327,3.0389959889564113,3.2834923638261566,3.1177510874394354,3.7818896648967693,3.5245837288611606,2.1654039636431603,3.1831666077060246,3.552651349412762,2.648171423152359,2.4213746416154063,2.395287208047729,2.5622257349953466,3.1033900523252904,3.0349948844321823,2.0124343828591877,2.9899968792524385,3.234659233444108,2.889508141956072,3.918297136906024,4.418415608827988,3.674708070093882,4.28575843167908,3.2331340563506012,4.319314308585452,4.439767286573818,2.9522605436586913,2.754522879950055,4.07542567224577,3.3774110692630672,3.320211756914145,0.9545337516467807,0.40704099674915634,0.17280555671094758,1.1038687331171801,2.410576672882596,1.9560901119113663,1.1702855480499676,3.6647024044365866,3.4805437147801026,3.3430269988255943,3.784078799130066,3.652768776783137,4.070190209304505,3.8550441221052347,4.078389856624916,4.14628612558015,3.949889146264403,4.8381818775824055,5.243196214947278,5.207808802800049,3.0759343965370354,4.1480553073003605,3.6692896535004267,3.41928243296363,3.7131099523831157,3.3982125718766563,3.958997959685657,1.709164754945165,2.5920677486459867,2.3321488568150963,2.5102123875513844,3.8146291489570108,3.958519995120457,3.3582045109608827,1.4743943190009097,3.302340056534997,3.7222966924482255,3.4763962174420855,3.4283688008311515,3.231796941026918,2.7695964700540237,4.368101669420456,1.7927096378321883,4.111189375091605,3.927130634864765,2.1734601596166616,5.37190128739583,3.8669712376952967,3.6662977642177412,2.8235113005004453,1.0084513065850644,1.3119055906612789,2.1031055154713942,0.9886369012523841,3.5464547946057214,3.406661284851834,4.285762689727266,2.4080088228051317,4.270214618233895,3.483231986599729,2.4587424963629454,3.6608811718716328,4.450571848434243,2.94326035205204,3.36630786151901,3.303479663843442,2.837253564945931,0.0,0.28283548066377134,3.7554742351466244,1.0466246332695122,0.3396767852040849,2.8476289813367193,4.798746856657022,3.2969825448485297,3.487825968209751,1.4535828399988973,1.736059353716637,3.926718398032798,2.0270400400564985,2.1503265669461142,5.133239530378982,3.3206254827539583
uncle and niece/nephew,2.98222193865961,2.7955013955309553,3.3323845827680474,4.423523967066761,2.7816485004939975,4.910568274050647,3.183524008351663,3.888199656841478,3.2855556324042356,3.085267417975349,2.1001238722075213,2.2124625920727223,4.3241320318525664,4.346263292448353,5.181919752772142,4.832577781627421,4.612079312862804,3.5026079305500897,2.13065584099896,2.66278923215769,3.200242835588403,4.2428689133311375,3.829148718253387,3.883875940679984,3.5015473016074976,1.918982667530134,2.245895013084429,2.7925402553825514,1.9670480642134154,3.8694379960550984,3.6386339241792878,2.1604971314321233,4.103277319756063,3.235331636827538,2.538265441502463,3.7440634471422287,3.2949362226202465,3.331184042130425,3.8388605113595085,3.844480487003216,2.524726606252353,3.292481881911293,3.7470249878819923,4.5627000001723745,3.5952298364314057,3.0098112688011014,2.932588968791161,3.2632207429703133,3.1224396861113815,3.82551730776726,3.4893229075711436,2.203910200838869,3.1686312494992697,3.3952824475455,2.5579733977907013,2.347717985901071,2.3899373436625964,2.5640531630354664,3.0538618004525335,3.0442313192995134,1.875200885041935,2.979231738231784,3.2018562056089848,2.8295331362176728,3.7805296944632225,4.25938038385695,3.695111456967334,4.09829986922511,3.2923892259385936,4.363339358151099,4.502411978218922,2.8421879007112687,2.6611472729063457,3.9334283852707226,3.2969649005273687,3.1585576358347507,0.9743311227274525,0.30540002858237303,0.19007243122948841,1.3219579961813517,2.559159333343498,1.9933380986077764,1.1616265421296785,3.5281478452975197,3.4059360418178795,3.252543382387129,3.7042972862409056,3.5390563492205405,3.99127462243918,3.7783731982115683,4.1279033600230495,4.143962689574307,3.8548791574468377,4.791328424729805,5.236230188744275,5.189784595753324,3.0102340020564466,4.133881590946752,3.6749633515207982,3.46820785852037,3.743178163426819,3.333635526742135,3.8606096553844664,1.7531436931236137,2.541093493761301,2.28399424534195,2.4349518381724495,3.6821139836717895,3.8228835602873326,3.2140943835911435,1.5575759948815884,3.128922755067806,3.789691060823737,3.4057964418433397,3.4416958024144595,3.1574476506346,2.7104824662929916,4.40371109860547,1.795261338960178,4.024159955670344,3.9028017361206278,2.0249983724133043,5.231117740631946,3.7483124465334634,3.6142306735439593,2.7534152382137536,1.1079617546513945,1.2931117476962701,1.9655727364244453,0.8775339519372506,3.375591767946487,3.275020428883944,4.129269796182773,2.424710959381468,4.152294645382254,3.3139106136577268,2.547089968048419,3.4751533701186017,4.306442281691386,3.082078184724153,3.3009916465790536,3.102825786503969,2.6772545768836955,0.28283548066377134,0.0,3.688026409844685,1.0695883800103179,0.5109435553365902,2.8569691481500112,4.624162175986678,3.0956836234914378,3.5795256650145926,1.3614508010019546,1.8354400418290433,3.900502145625678,2.063901136746774,1.9789697870527856,5.199492162754275,3.1795619336186274
frenemies,3.515622702150248,2.936155538011331,4.032155581094782,4.686534470210121,3.501388108742985,4.380899955349352,4.449505399498972,4.599134669228957,4.633894247728944,2.550240273423725,4.01893886031725,3.8110489015905835,5.066718575502865,5.016642266881098,3.800374824184235,3.331494217789007,3.360481626816002,3.342596358305672,3.2800641436742612,3.8693526089066905,3.1819851862149955,4.3287743939674845,4.544258092144504,3.9696750789131854,4.188799802733897,3.8081144240863747,3.540368115710589,4.228367755222773,3.6804772478726226,5.225729443883558,4.2900323906943845,3.4109098909153452,5.227105365205609,3.887456705884871,3.89884961721792,4.187284878290839,4.006958275694274,3.9451358052561782,4.965138574165163,4.766570299668122,2.7067230151945716,2.4074800077640783,2.4386269031993484,5.47708407393861,3.9069226521016645,3.4769446000213793,3.432528461604295,3.9663735879140214,4.261688722457646,4.500226470227702,4.242087266154933,3.491441161064353,4.945264545795508,4.147796779152027,3.8536896210650147,3.4261272068969553,4.335115043796029,4.5441266236432,3.8265220245678155,4.095601689733715,3.7669483305071823,4.414664662992039,4.835415264729596,4.141256113262464,2.190579701060165,5.518678458727149,4.302538846064543,5.254544403512298,4.308602709639056,4.661090872956764,4.989986929547573,3.5344595861656734,3.873158849731391,2.614025906735342,3.424220924511742,3.8971955993798115,3.3483650681633867,3.7734500779560856,3.695148813101449,4.134194070089217,4.067343565861051,3.2037784441556734,3.0850117779034654,4.553373632718867,4.52441372877192,3.9583399123273275,4.146423831431526,3.9596031967636227,4.371849011111835,4.173164007620006,4.985756093077908,4.473772588442513,1.7356955100864775,2.4238982613989264,3.3819459657496203,3.7780614486770925,4.43679449926867,4.282926714823866,4.652426575503144,4.951770430430502,4.920384094500135,4.2163041685153955,4.0347155470438585,4.193845425646145,4.492085861112374,4.057510137434474,3.4678498069800137,4.353763431998585,4.618227720906889,4.225028025566911,4.429126565441728,4.61644538058806,5.415555259956405,5.256696152920097,4.552576324761827,2.64131236741001,4.874635426164512,5.5912173803348635,3.7341567131383724,0.9492000018982251,0.90542505439395,3.559469984820032,5.083658739994636,4.124228623633927,4.300075997053937,3.9444442428391167,3.3107744531388126,3.0967717896906675,2.702589472892495,3.331676537351605,4.323447617963789,5.043424083707519,5.489853518001002,5.06029101704319,2.0448775959849983,4.83873021341748,3.510456826352618,4.273506965820975,4.450737223065114,4.109698174545277,2.25115770760525,4.247456599726729,3.0915739380775094,3.755474235146625,3.688026409844685,0.0,3.3121432825599304,3.6458249180111157,3.463951811950733,5.747738154395729,3.8442862010874324,4.309637343528866,3.7362844134914712,3.473471392464265,1.096444714423788,3.3064782256886867,2.940808186130404,5.708294853859849,3.766667489336933
half siblings,2.3454001786674943,2.13923530024507,2.317568432700121,3.4268730644719287,2.1548790460179905,4.1214542319504694,2.829274235912904,3.260280615681208,2.96407885642353,2.800895145746383,2.1285109374365225,2.093328640003533,3.7931951942507416,3.5758218616628357,4.524090940323142,4.208995171437973,4.0495093059685665,3.35261628031372,1.9551124716044475,2.393221203072271,2.7513178220240424,3.327886720209046,3.2531813500295623,3.1135215305996184,2.890842682189219,1.8121894198497246,1.5028770110872234,2.4437438463431134,1.616969955483864,3.6330205732284937,2.6321322216274425,1.7191753939996663,3.701134671484481,2.624902406565588,2.025604548783329,3.091259287183837,2.8396421548525974,2.775417172464383,3.3468042861511527,3.3346013891642423,2.2673650104222434,3.0096561152718833,3.2681250446540373,4.0101971337885205,3.0471569743879856,2.6433797627294386,2.306383321596071,2.7071104740816576,2.538113093522548,2.89149356029525,2.9081415971039286,2.106048426428236,3.091310395734064,2.974417118187521,2.294575944122386,1.8506373117689194,2.1796629783788997,2.5640180088078988,2.266455838642277,2.1326999853747126,1.4966876112359955,2.761991336670453,3.0902691436900365,2.4439089928557816,3.4672737870628776,4.050850856809537,2.7459018915706737,3.779672231121283,2.3104105202501684,3.3818266751379276,3.513332653124548,2.221261812542552,1.9622162717810576,3.62532362014676,2.6338606122950017,2.823211836196279,0.33979251104161645,1.3431297406451521,1.0437272952416297,1.3861590127599208,1.6591196580490757,1.0381964113690165,0.5467883153282076,3.0212709569667995,3.3054039285632073,3.2082507307638424,3.539691994290517,3.5194653466366046,3.7320989796982813,3.6196626607042433,3.6778598099984596,3.6882604432414237,3.6664739735485643,4.288267750527322,4.710683525817245,4.654760027202749,2.854796247110215,3.7440999246634243,3.3176541554810677,3.1851020548238456,3.4305043480836237,3.22730701977648,3.686843475226525,2.05440871185694,2.6386477972984705,2.373764873207245,2.472916466812466,3.5218003576571713,3.612564150264386,3.173185042460399,2.123923337021286,3.161749624305228,3.3935110640554056,3.399253849273115,3.1635191703925423,3.029726668718442,2.8697673020688286,3.971545997351717,1.6138404384706804,3.534240080665881,3.307233986426737,2.171225057077539,4.6719529458784965,3.6162642199510935,3.43239638676043,2.636496506684968,0.4017942950840853,0.5946447692472444,1.619928936171669,0.8356902174804471,3.348493612906768,3.2957317291996104,3.948367042722367,2.530473412412497,3.7216757873821913,3.4262348979267334,1.567525625380325,3.0678045713166413,3.9609260318947492,2.1494305358639174,2.490208321661298,2.9340657589665695,2.3299157503454366,1.0466246332695124,1.069588380010318,3.3121432825599304,0.0,0.802081567014535,1.9776028634073881,4.306220303988893,2.824406937199304,2.632838021023717,0.8406405875133326,0.9251143557655999,3.4925353000503088,1.0958153425248407,1.872751125056668,4.219064453463417,2.729998569321637
adoptive parents and adopted kids,2.8312566385900975,2.6454429817046328,2.983894671804042,4.053805419536011,2.644880125644628,4.808042516891393,3.281982282670697,3.5930042854685795,3.133915107449027,2.990403513896141,1.936928808864651,1.9677506849955915,4.059789420453445,4.044804899017815,5.068150750496661,4.787699455618063,4.556224712874561,3.6864311459481267,2.110228981421545,2.6514275688180295,3.16354203328333,3.9417939791598884,3.8546538877583822,3.671078792082661,3.4443218691329527,2.0375610362265877,2.0474292650490256,2.8682763202342025,2.0065726720937627,4.011805571284264,3.2571012877901935,2.1610393621431765,4.1988923500587,3.114647958431455,2.5365393267188754,3.480871730231668,3.1865583492625804,3.072383631138141,3.583872359433104,3.650730105376989,2.5708160812488328,3.2295539984743176,3.6186330325490332,4.2976211821696575,3.5462556156002445,3.035675231125034,2.8455335164736733,3.030409957875445,2.9025343522229634,3.510936635016495,3.2696894970898875,2.0396735460646886,3.1636742203405253,3.4585539264293503,2.508299954779368,2.2085396889277353,2.2725899056708587,2.54543563872549,2.8294586546583242,2.7391186603678634,1.848634291549987,2.914724921160787,3.196279824469182,2.7145062635551778,3.8644496175375336,4.4148614561586275,3.3658847224925625,4.238301107032279,2.9399517001523443,4.000305865029712,4.125281568171484,2.754433980241392,2.540232444058892,4.037913661651254,3.1859654979416754,3.19999547493505,0.7028081144575794,0.6875118236189786,0.38801187035986184,1.0832653001559478,2.108777472561719,1.6421609187551434,0.9382110353951263,3.6059681954003713,3.326093053976178,3.1929063988363637,3.6028338913513287,3.5168753011503995,3.8699006150309496,3.6744209168100155,3.821548329561807,3.893657996663229,3.885604084192494,4.657136073166191,5.026155332104946,4.9651525249227335,2.931396874857545,3.9048260977173794,3.4478373603444736,3.2367316992473145,3.5104566888860287,3.2260314836118305,3.783509791482501,1.6232813502374868,2.5012004053793557,2.1944131971415883,2.364767845447501,3.6652901124770283,3.820994535064587,3.2383344834699708,1.5244551927347456,3.255464439704686,3.5182731627395123,3.3994825567457427,3.234317179890659,3.111172872461522,2.6968697723500323,4.154468299320107,1.5717792548937504,3.9595790689264483,3.7611168173732796,2.1087471883716096,5.182605263148648,3.7126654354884963,3.472565398146675,2.6448498789874892,0.7093086523130511,1.046383068619364,1.9550138547031015,0.839225785474028,3.4531446804326533,3.3553218363640798,4.203221519533575,2.3287048998326516,4.130263942489861,3.5300051133353567,2.1300931980733666,3.5352522878730195,4.272373896496705,2.623562604794702,3.1873759435729605,3.2263093713406894,2.675564259176743,0.3396767852040849,0.5109435553365902,3.6458249180111157,0.8020815670145347,0.0,2.5364508236745915,4.728528590074744,3.1924274005515976,3.1568318680505287,1.3194099343305947,1.40577106089265,3.7732429966650414,1.7147418833257329,2.055904474396483,4.838803793676788,3.1320193011838025
mother and infant,1.189799819430689,1.1517887977825572,1.1490255040834751,1.8952058011336177,1.139309646445794,3.370141709507357,2.8500770924929615,2.4253154898719136,3.7497895566174573,3.3032516720182983,3.2336038340389988,2.88110455173933,3.719550926060528,2.3820205028777544,4.062633025478892,3.913431261748329,4.0525644172857005,4.285289967349978,2.1668363601647127,2.300606494221811,3.3169550553118974,1.484145646322128,3.2660746633729962,1.4658578202483168,2.067847691438915,2.260905805642892,1.023092976304156,2.425861404832485,1.9837030192422087,3.9832788125643552,1.894219160047395,1.7098666646366982,3.7966612577566035,1.443614351271828,1.9791297391010287,2.4422176367703465,2.8870229490754107,2.2694158146864996,3.3659357139368633,3.8416776906216503,3.112439305361341,3.5224536488369624,3.295507420016438,3.999058728308981,2.7093332637189507,2.8515720763208563,2.0570097229346826,2.029079017919954,2.5313533053611272,2.301566581173256,1.9962394922801858,2.974148066672164,4.144009404088809,3.1943706873555695,2.6253881562193238,1.8440094972305405,2.940246725390692,3.7580475987242923,0.9183663933048191,0.9966852061264806,1.7817741831499494,3.631298692990947,4.004055142058386,2.5335195851141283,3.924800400641961,4.6610048127267,1.1825166238390985,3.9727988148665037,1.6232596872095484,1.7933555501621317,2.134701068415383,1.914431989384906,1.5852932982827572,4.1722811957974715,2.4518245590481964,2.80758896809357,1.9702626364861247,3.0682882271292544,2.803885825366471,3.129394055168887,1.784614723998662,0.9802522630547831,1.8485154777082162,3.5424088176865984,3.0489496896720993,2.887672738460964,2.888410992340648,3.095517986870813,2.8604979957467047,2.9679150568454555,2.9647972049187095,2.759534152064126,4.061858144473741,3.862533354938729,4.049775427630896,3.6457576358277772,2.9401774839845225,2.798802757995275,2.873301605305375,3.3060417640571473,3.239065863813821,2.835111883521755,2.9538952062164103,2.968933864342477,3.1566145347118195,2.6379026213326306,2.501200394547235,2.9864665595068396,3.238554776748852,2.9329153243431265,3.500394098681044,3.47470047797344,3.351766116280285,3.775047226857509,3.0612370835175207,3.204925424453427,3.353227327180023,3.610869350455753,2.0521782287641273,3.2525692232297927,3.2137429597787626,2.7782388226119057,3.6276729795794638,3.045032893676463,2.8344819502199594,2.383784543801165,1.967976161249023,1.6065821586697129,1.8388455685976088,2.102137920358556,3.2092728961184838,3.682941222510239,3.9076167563897917,3.2930335145576652,3.4659236517847707,4.3550635337863435,1.0364357447134955,2.6804090477097127,2.9606337004475587,1.6780617857005455,2.472872970201248,3.005232479766359,1.9072799664066067,2.8476289813367193,2.8569691481500112,3.463951811950733,1.9776028634073881,2.5364508236745915,0.0,4.276916170013746,2.6762650913226946,1.37598011582426,2.121081489455907,1.3834052964965875,3.4366764565284673,0.9265990844900083,2.1988440703989975,3.112889699367358,1.8451713984558658
alumni,3.494735128703131,3.8089928947705762,4.135349609078792,4.61239922214318,3.590693391714277,2.8479401813957907,1.7736975531795605,3.995071854543479,4.204054215528156,4.7616968878994195,4.673130018931659,4.738367631913745,4.490637701573536,3.780952108923534,4.2080410668410035,3.8530708973441983,4.112187063312957,3.719500165009449,3.5711330151571263,2.841436725411057,3.6709579577299265,4.212716604528838,1.6290257371989365,3.638546123431747,2.4508602157636803,3.238770985632623,3.485536937953929,2.3759273221270574,3.0010251149814815,0.9423760184439868,4.438142335688508,3.353030728993904,0.9053764752825889,3.4543760491876063,2.5480722617064733,3.8001390411626703,3.067682109377449,3.9376745793123926,4.1313486746397245,4.2721542416899485,3.801291107021059,4.828498005295948,4.73211644752526,4.534568776832717,2.312473039609299,2.66336538798757,2.7318089665935164,3.6537570546104154,3.400457994770317,3.848803305597768,3.4246856803816725,4.5946986665600935,3.7894022212600773,1.7778368898584027,3.0863056211435054,3.3125860461209693,3.5645344172213678,3.99720542550883,3.4404169304007226,3.6719364007852042,3.239200366444539,3.7246459656097732,3.5480368760734327,3.009769554947187,4.346284536983103,1.7113324231300224,4.027699006622844,0.9236885501057395,4.018384768719759,4.519686632522989,4.642661401230542,2.6826404343848633,2.7478099443908466,4.205456661700504,2.9508558360939716,2.2131467776859957,4.454680459345425,4.846215080583417,4.7539500939728265,5.075934581969402,4.807984765574943,4.335298380330223,4.523626951720807,2.3383073772672627,3.8239830708272637,4.335118016289839,4.398966307303562,4.516616002894943,4.24127572411218,4.485548579676232,4.714499313355559,4.491718392653335,5.305341904546763,5.514604723034936,5.898703996148251,5.574862617031197,3.3662678622607354,4.736137918362698,4.118598928102043,4.2586883228091255,4.289819077711046,4.263142690054687,4.455480825994525,4.709851550691862,3.8246951301724637,4.264801654155958,4.588347867746821,3.4904786736273468,2.8043802400384044,3.497212172402001,4.995790500218659,2.5282229075154015,4.234422485137167,3.193370633583654,4.176905640073905,4.7176507994576715,3.767834692409298,4.18182705398813,4.15715061609436,5.3238018036349395,5.7665505908490715,3.735559630820265,2.622185249610759,4.059275003865033,4.40156068554676,4.056610938704218,4.662070663452832,4.334202658200548,4.262822014836788,4.308393409429604,3.1152010472279117,2.59766626008798,1.5156875766672706,3.981987260184783,4.543393984599066,2.656820823068618,4.551441695218511,2.0663256088936146,3.450096475646533,4.970138889805978,4.123457709328283,2.070580635684637,3.641271274785238,4.798746856657022,4.624162175986679,5.747738154395729,4.306220303988893,4.728528590074744,4.276916170013747,0.0,2.402710500186898,4.73133048928877,3.537509089850223,4.492520292546036,5.891760179396866,4.291837866557043,4.298508857943681,4.7791170449477205,3.4037134618277127
confidants,1.6309907711790066,1.7870675248962211,3.166765675778773,3.8644696446114764,1.7038157546804182,2.9185035300800157,1.116832815122219,3.1539932030279325,3.877876582878327,3.339718803869837,3.532029180193471,3.4221490345204693,4.193647429692976,3.281168411851703,3.733103500055153,3.281348874141604,3.574991065690409,3.1144576840903975,1.5897379777211762,1.12575600244348,2.913350331245352,3.1490136310276324,2.148190742556391,2.2653319847020894,1.2938706978856542,1.4199064963583694,1.8853394579784661,1.0758456362180897,1.322479531452978,2.146192805131412,3.7369389826309383,1.4233692930315605,2.2206328882248583,1.7325576223364119,1.185230074840712,2.9601159692939847,2.401013072510549,2.7830373322290445,3.7817038470064337,4.151417844716754,2.5470834296997005,3.4442901425317127,3.3894429570055156,4.5024863193021805,1.6156535271215329,1.578584833563708,1.501788330329969,2.398568491864115,2.7947518759431857,3.4976016201327265,2.2694659008381524,3.2461070591602823,3.6893572609383893,1.6858928968736755,1.9327283463790514,1.7662139700313702,2.8236973006055015,3.4872508254226884,2.019766006608945,2.6320230457721094,1.5705274922795105,3.3386179956698343,3.4279598500449677,2.109592111542621,3.1357674874513335,3.046328828453389,3.0712145386386775,2.180395452908045,3.3125862266690507,3.7356894601532074,4.057598063883683,1.358058908583981,1.5699330475753757,3.2653603188750493,2.106036580905131,1.0517820924711858,2.8587209990347664,3.2696718153787483,3.1968443944730653,3.9346473422448938,3.730443550040129,2.743771971702251,2.8012679571796175,2.704577391300208,2.410135541508001,2.393172620071003,2.5348363929040607,2.4417332495116115,2.5223215365101925,2.6331991173157703,3.712318187385854,3.1998875995908382,3.677725309377878,4.015747633743092,4.497188836398,4.094850341652913,2.3037934946602783,3.1888524238163085,3.0801981569793044,3.5778899981028855,3.472410201934619,2.521650895833395,2.4809267174427223,3.206814613002014,2.6453603663020635,2.5265795499917485,2.471543661992592,1.7869085234926663,1.7170987230663315,1.6626402356281544,3.6787287111601303,1.5967854725366293,3.8452681317178166,2.824321559242691,3.1770980846652184,2.8915395016573697,2.7153134599123616,3.883926685883645,2.5184641299954587,3.4571342630230517,4.043144865515572,1.9187829453215208,2.3903071386625645,2.171831457766247,2.696617822927327,2.1958964411410684,3.091666912254593,2.5853366079650546,2.1398816454440435,2.5196089976601233,1.4295299794001972,2.1912041103303106,2.026528786803167,3.1895192158488967,2.9343858678246706,2.657337406757812,3.1966013332839736,0.7933895434193756,1.8184240991998977,3.8878676755903983,2.9169339434774124,0.631120157976566,1.3192043195521408,3.2969825448485297,3.0956836234914378,3.8442862010874324,2.824406937199304,3.1924274005515976,2.6762650913226946,2.402710500186898,0.0,3.6809932319841714,2.3171801699914703,3.0428331701946596,4.010879408886584,2.750188313924538,2.11074195486948,4.6870689858163725,1.377717686683142
a person and their significant other,2.3310712035830052,2.4028246553495953,0.8468403675107772,1.0871024562629312,2.3898172622417118,3.553651240387158,3.6594387072664607,2.1325581796324053,3.5192019940940797,3.6941832916403388,3.3857340376544536,3.03397633279291,3.1608992920296757,1.8950866990119313,4.182772464119859,4.28263584564937,4.281236621531556,4.886037926736537,3.0808943763742698,3.1015709999042422,3.6052097467816924,1.5773318167729735,3.6714500553024387,2.145670173775475,2.893140883044608,3.3391043042241346,2.000508226179549,3.36825503775953,2.9688085305009055,4.478705979195639,0.9862715625085539,2.896038567573411,4.275086419853649,2.5731992686165084,2.8615120766457616,2.263081539531456,3.0626245622907113,2.3027357439534843,2.897796322264062,3.423001250414842,3.6956271964142817,3.9440413527967286,3.635357186089008,3.315728710045284,3.1785648016306434,3.458127760492087,2.6554497201733853,2.256189798643575,2.399453142424833,1.6058938698816287,2.25029126617473,3.2469083169780024,4.137830222810625,3.7111269565677207,3.0925241849380094,2.4794753267234753,3.0649520290508496,3.8475790994636334,1.7592635206840974,1.1607654726855783,2.7570527853069624,3.6440575093011867,4.039938553761777,2.8187691265998076,4.621410801027953,4.998450061208503,0.978380029873605,4.539965783151808,1.0089539889939032,1.0734323611522116,1.151376224365852,2.5795403304679048,2.2774540570786703,4.807668647124354,2.7886734215218816,3.498165826884942,2.724665121400322,3.808136919147893,3.5088809282363944,3.337908312485278,1.4146080116929096,1.7535850969333744,2.721516020221641,3.9513017762843923,3.5714080139735627,3.6954967150795186,3.635124951447121,4.036526973522896,3.5419445961486935,3.6957669143299343,2.693349534398452,2.8682911580593218,4.763177053420297,4.282909480194101,4.208546062123778,3.8716927186258707,3.3046383340631773,3.11259085995543,2.8885920388573436,3.079600336092904,3.0839905629856403,3.479917442153806,3.8137376329202937,3.4189600616860454,3.5669208769837573,3.306148308851685,3.428526295771329,3.799298343085638,3.8533029952415148,3.809418991185745,3.881860968696189,4.156001499608944,2.8737103352461473,3.9975402146765515,3.0722978895555344,3.88716281420991,3.763162429415199,3.1688586372059384,2.630717937445502,4.105003042676751,3.83312297471671,3.6180368600526958,4.1435064762182945,3.8967505181627518,3.418323382115449,3.1420152650356696,2.5915128396586766,2.5150863749325505,3.1167089927188876,3.0436260718556514,4.082544848671515,4.13586191770534,4.369245946906027,3.452823855351431,4.2197110171054835,4.85093803856224,1.1248485001159567,3.604093307457568,3.864306037636404,0.913034871090222,3.0176511613409254,3.86496019746676,3.183811094074168,3.487825968209751,3.5795256650145926,4.309637343528866,2.632838021023717,3.1568318680505287,1.37598011582426,4.73133048928877,3.6809932319841714,0.0,2.7917705355508637,1.7734885606370412,4.0789109731609665,1.6789159872816644,3.488847085072275,2.056605565584198,3.0454040419598605
companions,2.176065942310223,2.1295847600064985,2.32353176138021,3.42806988127298,1.9927332955821484,3.74877463316216,2.105218472455014,3.175777664567964,2.8821761742597225,3.0527710427893346,2.3298782796951985,2.3732929686933053,3.74079065870789,3.3794514676738703,4.418475250758911,4.055627541163051,3.9606536426778036,3.1305145475196388,1.8401895494018117,2.003414857491011,2.65352323897131,3.2587739032767646,2.6021531859817344,2.946223725810127,2.389926956249908,1.3540606278346439,1.312655514747455,1.7833149342180656,1.0735298790581567,2.8625252736717695,2.696331431721635,1.4030349303901926,2.9337246615434163,2.37091264641612,1.4084222315909236,3.0056020713853253,2.5692782649733483,2.759482659604647,3.241139434102806,3.2459807738986357,2.24416730232928,3.2443472860202642,3.462909367129102,3.908306333342211,2.618868755510214,2.275932325368614,1.958769619671349,2.6074331578060903,2.332016228131232,2.759124634888738,2.7114876191267103,2.3547099323836798,2.82012311404583,2.3719921633752046,1.9972862423037976,1.6727195276440532,1.9576967613557403,2.4060579231927357,2.066414777063622,1.985893473919624,1.0432714351492303,2.568015045185192,2.785617471987025,2.1194284238955277,3.4736942073324415,3.343527363105356,2.668797182730201,3.0019191730943886,2.253805007577182,3.3663470071868535,3.4848938097029367,1.8331288612115726,1.4714891923699354,3.558248198786876,2.3737136962966816,2.3276883901408905,0.9900122205681822,1.6540909280980158,1.4278571094142294,1.814036443728826,2.002950813096491,1.4166407001021317,1.170433265488579,2.3823934081109592,3.1318424985481412,3.1914715065238406,3.5091956271346554,3.502194440616789,3.6419651699814684,3.6021093745941286,3.6994891033606834,3.6932399600094135,3.9112099622721166,4.525058152625516,4.964471582608164,4.832980806431009,2.59313075162827,3.8041428817304963,3.2425368693347045,3.113261802504446,3.3643139845513925,3.1868195340134795,3.6546454084478106,2.2353501860240574,2.4647970891309643,2.3908568858564507,2.6266980630338015,3.2612358214847337,3.213743231681118,2.914479709213479,2.332379330918488,2.6463084602832043,3.2572139299376976,2.9942027820404364,3.116079824022417,3.2253109178143533,2.618378562303947,3.7948242582605123,1.729078648175451,3.822204688198373,3.7549623481150314,2.0479552172807183,4.212004216974921,3.4912993243256416,3.4125188710061845,2.596156128162351,1.2067414459778742,1.09699746269552,1.7740476528741393,1.1133120628667104,2.9906124819293174,2.7697545096027008,3.2803307582745314,2.313326420506035,3.7949172938448155,2.8848186785350336,1.9095435459643986,2.471108207391403,3.6638602280076324,2.474867333288487,2.5678983071923334,2.3373293379003424,2.1945390111997978,1.4535828399988975,1.3614508010019546,3.7362844134914712,0.8406405875133326,1.3194099343305947,2.121081489455907,3.5375090898502224,2.3171801699914703,2.7917705355508637,0.0,1.4048668817856451,3.9548234427979563,1.4150395030132705,1.952047657078626,4.105160797937547,2.462672653927372
playmates,2.1085615960153308,1.9610935162116048,1.658425744916762,2.681770114257869,1.9964449208354127,3.9481342943906577,3.0955015507734984,2.6562995057425476,2.915672301685313,2.8394952338133312,2.193309602427599,1.9686305217735718,3.3616100398170476,2.9289440331950125,4.344023466618054,4.193438650859525,4.049952388971589,3.866754006191629,2.0724332344105996,2.4350816631719057,2.896549305913896,2.7004244362161907,3.4107323110143746,2.6675226990715704,2.817554606065213,2.2200226758723245,1.3048164868137717,2.6999308017725077,1.9402990701749663,3.943613841674468,1.9407052311574169,1.959081706330028,3.940596885573835,2.4424708829196753,2.1954555453864155,2.5823529197551722,2.7167306683742747,2.300305169231597,2.94596571929626,3.167788125225015,2.611594797385748,3.1000837091887354,3.1685050019449843,3.590707320924387,2.9925449333863794,2.7972222187045843,2.25133897198519,2.2607137318737873,2.2196154255119835,2.343035231295755,2.4541063156749034,2.1196938164837316,3.288551270870485,3.192594303266877,2.3290296556280636,1.742033245604424,2.1944956430644553,2.7954104434344003,1.8588953235068102,1.5540849982186966,1.7205662567229747,2.859448816767274,3.254106409716605,2.3212440942926844,3.790369339725229,4.412585429140457,2.0807101074311003,4.091834745056292,1.6766039151745205,2.6409123544741058,2.7669881689615288,2.162267778265203,1.8727487857421645,3.9857383296070394,2.5301914886868264,2.9497403523053918,1.0135946707852148,2.063138760549843,1.758707861511218,1.7674107946873414,0.9423528209687699,0.5412960691808986,1.075885843919415,3.3780910938907716,3.137477931290387,3.0952582058152114,3.3114438015015852,3.4520612258684635,3.4388179659471416,3.3842637830606352,3.065049634456578,3.156751151495266,3.8800651656131833,4.105452904569155,4.336487104913013,4.193423142697066,2.75094781178044,3.2587472878312918,2.8810199424440213,2.8340891790843017,3.0163784872257877,3.018576521516429,3.4956145041707782,2.1319032874827353,2.667675628785026,2.3362289795021507,2.4584223212769647,3.433862176526529,3.5539017680206593,3.191279815998705,2.4133198728024676,3.385912325117723,2.9437655770333717,3.414396202998894,2.816217343392726,3.05360875852405,2.911067261286561,3.4922437780155895,1.4911515226977556,3.5665993719678677,3.284949964459098,2.4412785534912693,4.494337960053999,3.4988477285121062,3.138502579195797,2.481962288900839,0.8326022115405138,0.9220540535693851,1.9333218894167585,1.424344317991127,3.450053831223915,3.4490975088080726,4.043838358926108,2.5410807713641,3.759036650497078,3.873446894639453,0.7287956824476004,3.214919240131869,3.817395877252079,1.3058792400742196,2.5381327672717933,3.1834163679825433,2.436707571184113,1.736059353716637,1.8354400418290433,3.473471392464265,0.9251143557655999,1.40577106089265,1.3834052964965875,4.492520292546036,3.0428331701946596,1.7734885606370412,1.4048668817856451,0.0,3.445619975609529,0.5775401490765325,2.264232550726753,3.537635673369172,2.6828589708569335
competitors in sports,3.537419514033446,2.9977886016366586,3.9812788003065194,4.498239979483682,3.624835400731259,4.35873790689447,4.715217632992143,4.079201195079176,4.299051500071786,2.0384060091099645,3.696399452653488,3.3999302093664276,4.475823309128293,4.63027846377373,3.412974606394376,3.2234998746232058,3.1194346380882143,3.617462622522625,3.1845155550624766,3.783169183867613,3.0297544696238115,4.209977394365611,4.745415241920471,3.8728150997121973,4.323873594403006,4.069477314969922,3.5978987632580886,4.503371774836823,3.8920756873307654,5.4019548699656434,4.117443605312758,3.687159991368387,5.46911185424656,4.018135292381635,4.103054067321007,3.678070557603426,3.674146248686958,3.42846354549526,4.455050128477322,4.414619305599903,2.690485200229983,1.942159334889,1.8207650755483227,4.945415142999437,3.7872310514258616,3.4011702390407144,3.3679785022978894,3.542608745438941,3.9217881952759037,4.290753880677945,3.883271089574909,3.1036902242778956,4.74878621895837,4.2436760383608725,3.6321360082597414,3.2533068184244747,4.092308424587524,4.351519802458075,3.801909858151102,4.037339746505907,3.928143337657747,4.154076445968519,4.612134479869774,3.873132722109768,2.40232828779191,5.688565716331487,4.201164403303629,5.539733817330449,4.208681686788534,4.473292094762082,4.804097073022381,3.5000805872093848,3.943319182994212,2.854222830666992,3.2595609145649402,3.864945394653254,3.5538185817203574,3.9823471595672353,3.8916685558728172,4.180532252866422,3.9785239664461334,3.256575532277489,3.3274059313382662,4.915167387666856,4.1192885519178395,3.602826536599841,3.736751266703193,3.6761869800007525,3.9649198342845686,3.739594740596441,4.339569603220402,3.841688798418927,1.5157042628958137,1.6342796034591927,2.415033129912731,2.9221666182368518,4.086109867381746,3.649384520911869,4.0867553463655355,4.4227205960673,4.329491633821717,3.7964543739644494,3.6830673907501668,3.9480576945238184,4.183333469205897,3.7855415391269243,3.2409321962467588,4.113501195272539,4.3697350541696,4.047839153717771,4.274234327137179,4.536059472034181,4.926512970330013,4.952099573604321,3.984760428249695,2.1065216428888385,4.597838527372865,5.021560723391019,3.5208012772581,1.1657418744428532,1.1634470642754617,3.4568240596164403,4.991072626605538,3.8136780782531776,3.8274163072793694,3.6481464847301144,3.446066576460774,3.2683709355823156,3.072699342145061,3.5449157047601254,4.201836757601293,4.880340453118542,5.420587012389787,4.818725627826717,1.8365673731475292,4.868683929226881,3.409866296517542,4.498810535663171,4.339013758069858,3.917752871112899,2.5329129330506683,4.350549457764302,3.2706445201609613,3.926718398032798,3.900502145625678,1.096444714423788,3.4925353000503088,3.773242996665042,3.4366764565284673,5.891760179396866,4.010879408886585,4.078910973160966,3.9548234427979563,3.445619975609529,0.0,3.3685608782335072,3.3264372222105063,5.497632944099872,3.914032629753324
a person and their crush,1.6826706951937387,1.5231318583356726,1.3856406475750895,2.4345930167590355,1.5293475445168445,3.6508760476853594,2.807849780771708,2.6959567830157436,3.259523348107285,2.9843421342243794,2.6345052869005556,2.3874649283085367,3.607880531080041,2.830431487024845,4.214651805996701,3.997144572481252,3.979161295336677,3.8456321269258136,2.0103530537558076,2.3056057049673986,2.9615470589940838,2.298673889091601,3.183655768217809,2.24172748559599,2.4091762138171533,2.0029816102443094,0.9559526162642749,2.3833097905716927,1.7123405164401444,3.812081544265536,1.9030805528924237,1.5911948152219098,3.719310927669391,1.9656041154130528,1.8906494546237895,2.615516039242065,2.7747167390843352,2.375365230530367,3.206680172390047,3.447137403867025,2.6679989178206767,3.209866291263904,3.1880930813245514,3.8478995131641582,2.812811579202783,2.710852057109346,2.0604544076615214,2.2405681217299986,2.3660127202927903,2.3173828779799734,2.3484952675328934,2.473971445566194,3.5972068545158207,3.046857313741756,2.402766637407348,1.7039200689246858,2.4850344217311973,3.1495270973802447,1.4535420241788553,1.2696979083897166,1.509724751162194,3.1446560846970057,3.5244972575211704,2.3942346591822217,3.680948662872089,4.36493967777926,1.7575702267833195,3.8688498877270496,1.594201054377307,2.377550058258985,2.5737864808800976,1.9429799647495272,1.5851190691211263,3.889776912014795,2.4163109513650043,2.793578019607792,1.1318354474778587,2.299360280622024,2.0059166340951124,2.241377522709887,1.2382813828087278,0.13986850702996056,1.0699660008378349,3.208968989430947,3.1632293466186256,3.0467860730460137,3.2110968627919743,3.329083174821387,3.2940981672219753,3.291947037458633,3.2005263165228146,3.149189778616441,3.850623250899052,4.005716096720851,4.299900955283715,4.090172231519075,2.856750515231775,3.2177709324412556,3.0032008671055532,3.1339901513113486,3.2349882396088194,3.011628878003101,3.3317297625816287,2.483787336328497,2.8833483151906965,2.4674983312892778,2.453443132302466,3.2728859724349224,3.4364430667889687,3.0734133412404288,2.8393377705240073,3.35612366888279,3.228312841755824,3.5817001294231923,3.022010831414465,3.093854183399243,3.1094258585231866,3.6774095760044965,1.6999247335867187,3.3170035952536887,3.1147993918146004,2.4926236508991195,4.147958669093435,3.3505858122833407,3.1089094631277443,2.465971743539363,1.0917652782132015,0.8712604854552046,1.6034842997784349,1.4458609428847635,3.316324795104058,3.5109152566430875,3.942745585035305,2.869985607031578,3.560025495792519,3.9530876558619683,0.6981513286964363,2.8513631756127413,3.487346070092956,1.4577176752796468,2.291348313725862,2.9843726825841235,2.0691071265311307,2.0270400400564985,2.063901136746774,3.306478225688687,1.0958153425248407,1.7147418833257329,0.9265990844900083,4.291837866557043,2.750188313924538,1.6789159872816644,1.4150395030132705,0.5775401490765325,3.3685608782335072,0.0,1.9808910837101492,3.4192381313880893,2.250515823368852
cohabitants,1.8497441769934657,1.5641518088128346,3.1105925849667777,4.033516877501203,1.5887614522169142,4.2659229147423705,2.5858914072398638,3.823274346103391,4.317672774457436,3.2960009428625012,3.315661627949866,3.1473929511930945,4.878697493887513,4.0988492308281215,4.74721188500631,4.2653391524060735,4.409085737852182,3.658340791717178,1.710373809709485,2.1841017672858545,3.4761005409671406,3.4100956652245817,3.565411476015074,2.814159666425107,2.522737598915633,1.2718843135390319,1.761934929262753,2.061606254036406,1.5027412195620162,3.8099988569604704,3.768868925142986,1.1124429242892382,3.8347580273960657,1.9693042390994262,1.967665335390808,3.6931729560075595,3.4289882350360936,3.3052213949122637,4.447690392420349,4.700781935145908,2.7558095836355627,3.431740542122685,3.5832941828190203,5.2278417795532155,3.1434194581993204,2.781185180171157,2.521447555859572,3.0296124456501503,3.496989397255823,3.97823123780802,3.0905974127604527,3.042377503569229,4.297026240136663,3.2114375510744497,2.7326993996022693,2.2014577432540126,3.257039519991898,3.8025392027068237,2.306407297942434,2.7689701618454867,1.4859320714405633,3.912334731046033,4.169357158763648,3.008181075546914,3.4106191388603677,4.519323362672539,3.2313213850541724,3.798887882838674,3.4049719438762267,3.9282408095617765,4.2583951448736945,2.3767725098238244,2.2489888772477626,3.6902041981160734,3.0771986375547247,2.7086680679332726,1.68520894263104,2.060496389341495,1.9970592067954855,3.0773504332293977,3.156422317584324,1.9215010483666422,1.4659688226922312,3.5938280522512094,3.1427743303613087,2.5964149442127002,2.895377409103918,2.5697881322290113,3.110086214808867,2.982019298362512,4.16994996401165,3.7561000169906706,3.494495698460894,4.157636847941318,4.720644814710878,4.444230274458637,3.153408714804203,3.5720167757601415,3.7200784628744747,4.10348843702057,4.085269101534777,2.8646344536227355,2.817340150880121,2.7163989060467215,3.0560025668077886,2.3714795526069667,1.9043773742678103,2.8175528942033976,3.258809512575934,2.480666355589707,3.0735432780246503,2.995990218413791,4.442343545428279,3.8823187463211597,3.735952904205784,2.8553043900049278,3.2132370737509075,4.756082322999853,2.164208810492518,2.993852910446243,3.281923756894874,2.0011820776038585,4.1613169703786115,2.8020726809919227,3.063955348093419,2.3172128854763887,1.934709077132557,1.4113893257193182,0.4691129266969827,1.2499788893663373,2.654376965455398,3.494202198460505,3.904766513460781,3.4340041727847885,3.2682814665869038,3.806617378683257,2.6293931116123717,2.4738687695674093,2.98425841982578,3.4195021443349636,2.8636415141811646,2.4923152002641427,1.1305221714347022,2.1503265669461142,1.9789697870527856,2.940808186130404,1.872751125056668,2.055904474396483,2.1988440703989975,4.298508857943681,2.11074195486948,3.488847085072275,1.952047657078626,2.264232550726753,3.3264372222105063,1.9808910837101492,0.0,5.141503869383094,1.7270791189972245
long distance lovers,3.6954184497809797,3.8934258976829175,2.0763205156237863,1.3863791590581296,3.811771945092298,3.3142371282680876,4.350589411633038,2.984419695170607,4.161803619575468,4.947756803029743,4.771324237054491,4.538315751242093,3.494895853027213,2.1827232778683263,4.344815427875579,4.57784233948476,4.646615834740416,5.630122762460645,4.585783333537805,4.308395187248002,4.36605303392346,2.3340339925580467,3.79670725108946,3.1153412314096367,3.6345760889315444,4.713883007880112,3.4831912937848575,4.318284294778656,4.2573993583348795,4.767929222582241,1.7004800318585052,4.286314165024644,4.384443648481448,3.7934849645233095,3.8830898950516084,3.060959216182991,3.813469811007966,3.460481260172819,3.4183680329354456,3.714043076072264,4.814228138646668,5.126856631539099,4.677655717142618,3.3643380591736918,3.7606797170242388,4.3373384188287725,3.5775946632782762,3.4483155391725586,3.1871035008229733,1.6797941889378136,3.3046847486622224,4.695671129967405,4.784863907510599,4.192715052094907,4.213769076707499,3.8222109064889285,4.124684348103132,4.783096950552525,3.03418348375253,2.4324497773322737,4.153122086931133,4.3999638767377585,4.6890947779491805,3.8114977123218075,5.536219626227038,5.105898343995481,2.016280807776853,4.742044437379032,1.9123712585277355,1.5045822045648523,1.0680905755534087,3.5578175595062356,3.300129010724795,5.583742513794015,3.4848181901440665,4.339974109427035,4.3945681829255205,5.471502249079221,5.169531738955558,4.791598995369515,2.945331430962159,3.5168225512640894,4.432892672265011,4.168490162915018,4.845222428281279,5.233117123361882,5.085760812464541,5.581780800140246,4.854612290197003,5.145181998641942,3.7403650958844223,4.0076726500727,5.999325927025559,5.269785186461957,5.131499093926697,4.853327379635932,4.430546964353256,4.418315730523218,3.982468649434303,4.024086050497931,4.062298012030065,4.953557376518565,5.2571523598569305,5.080103356838435,4.885155488638104,4.944907243380662,5.193663997709799,5.0068289853800225,4.757405995809729,5.1368254382808205,5.464836811136753,5.139704808547771,3.537791183333187,4.842761121463673,4.1902747523375545,5.345860075822591,5.031258541709526,3.6224744970847635,4.3152135164340235,5.358625420652515,5.084489597807216,5.114184530712901,4.316921082465013,5.2526674614780475,4.858105880657332,4.716942418627485,4.303605559154075,4.241243220829987,4.763779956269855,4.7420523732956,5.263713676844661,4.988798522272857,4.816211380944597,4.661560103965916,5.254013339830512,5.564415606618229,2.939723044014164,4.361931705574802,4.863563765163747,2.543479450528894,3.878789716680727,4.783989856111993,4.6425513878816265,5.133239530378982,5.199492162754275,5.708294853859849,4.219064453463417,4.838803793676788,3.112889699367358,4.7791170449477205,4.687068985816373,2.056605565584198,4.105160797937547,3.537635673369172,5.497632944099872,3.4192381313880893,5.141503869383094,0.0,4.318810862862141
brothers in arms,0.7703424694026041,1.0710027066597707,2.636298169621994,3.2239049120611396,0.7446276033477134,3.308144460956935,1.9051790726052011,3.0566062588201937,4.438062031484094,3.7374069142655704,3.8546916865511025,3.588996238281055,4.511759705524117,3.035353301963396,4.226453009224103,3.87369852439888,4.235877293342363,4.105939969499203,1.8191330154671614,1.632023040345867,3.6243091796270996,2.3241678048765255,2.943707309377722,1.4767462914176002,1.1981058411997427,1.5321410878645567,1.4772913690957759,1.4575315763517858,1.5232788863357176,3.27548072228068,3.4089955270771366,1.1479532697119654,3.134279458271783,0.601434926072495,1.4494009068208553,3.043837127996751,3.0300636716483464,2.8216369508471115,4.098403702066765,4.660776009722384,3.2354531896473,3.89606586448584,3.7207533052824764,4.845130411132787,2.3539933274803713,2.5097247115489565,1.9790835902248862,2.3683222585215042,3.123743855118081,3.4415532442258536,2.149130070138389,3.5440876532552745,4.4802307143402365,2.7500674182435407,2.55402379526102,1.985375259940939,3.323736840525441,4.156815071915106,1.3612051398699556,2.140086313626752,1.508813091234373,4.042489042508646,4.251096149840224,2.611109733091106,3.815329757241293,4.20847768819473,2.4112679813542037,3.1758599877115783,2.998526018816646,3.072017675939649,3.4725557241989633,1.7591042870529954,1.6009430012451993,4.05438704749365,2.632855881313616,2.104321543338357,2.6581199332654526,3.3400541696688584,3.206406257630229,4.010326477093922,3.3608025122637026,2.264327557967429,2.5222257590223367,3.438230524137869,2.6143581427034017,2.3140688067686157,2.302757438061063,2.2558418869232253,2.2282482619891186,2.4070883092796675,3.543291389333782,2.9895015167502414,4.097535866692115,4.132962360156466,4.486033642905332,3.896415866502616,2.775034017210601,2.8782109139164387,3.149641457054029,3.8465725341480113,3.654377169861078,2.44375630228371,2.1756707642810724,3.292031955084524,3.0766488137126813,2.5293581245372936,2.2406221639087542,1.936122436425818,2.338328294957804,1.9109325730578937,3.8919213985342362,2.6116253538675296,4.028117416854425,3.5382446035996433,3.3978291351111203,3.178176998536933,3.145898490277076,4.090809130469352,2.444153683687358,3.3711561693878194,3.871619089872157,2.367588987093272,2.66515313149145,2.1269382392827363,2.5074791822860627,2.0555382065794476,2.8656465583938795,2.283174568245515,1.6974559737384562,2.3624815445612413,2.04124694785551,3.1045603240357345,3.015712539805647,3.523944915509663,3.2602482432099293,3.8686726810846293,2.701000905146609,1.401420863299122,1.5725078176147544,3.4096119703712096,3.040486988222153,1.8692343014031825,0.8320962865308394,3.3206254827539583,3.1795619336186274,3.766667489336933,2.729998569321637,3.1320193011838025,1.8451713984558658,3.4037134618277127,1.377717686683142,3.0454040419598605,2.462672653927372,2.6828589708569335,3.914032629753324,2.2505158233688523,1.7270791189972245,4.318810862862141,0.0
