"","暗恋对象-暗恋者","表兄弟姐妹之间","敌人之间","情敌之间","人 - 上帝","认识但不熟的人之间","商家-客户","上级-下级","生意伙伴之间","生意竞争对手之间","叔叔婶婶-侄子侄女","双胞胎之间","谈判中对立的双方","同父异母(或同母异父)的子女之间","继子女之间","同事之间","同学之间","房东-租户","夫妻之间","服务员-顾客","公公婆婆-媳妇","雇主-雇员","继父继母-儿女","继祖父母 - 继孙","寄养父母 - 寄养子女","老师-学生","假朋友之间（表面朋友，实则讨厌对方）","教徒之间","童年玩伴之间","未婚夫-未婚妻","校友之间","校长-老师","亲兄弟姐妹之间","演奏家 - 听众","爷爷奶奶-孙子女","主治医生-病人","姨父姨妈-侄子侄女","金主 - 援交男/女","经理-老板","经理-员工","军官-部下","邻居之间","卖家-买家","陌生人之间","玩伴之间","朋友之间","挚友之间","知己之间","前任官员-现任官员","狱警-囚犯","原告-被告","出轨者-小三","远房亲戚之间","战友之间","政治对手之间","政治盟友之间","主人-客人","主人-仆人","保姆-小孩","主职-副职","宗教领袖 - 信徒","祖先-后代","远房表兄弟姐妹之间","君臣之间","律师-法官","律师-委托人","警察-老百姓","罪犯 - 人质","罪犯-受害人","犯罪同伙之间","作家-读者","作家-评论家"
"暗恋对象-暗恋者",1,0.567542634487584,-0.139538852798065,0.476790796865426,0.202633624818527,0.334197747083396,-0.558050905434026,-0.542744988320199,-0.567156155191393,-0.344153651041767,0.404940417683869,0.516526214651261,-0.535309945987813,0.53124060771445,0.448638590802979,-0.488515620584987,0.241693448878672,-0.631118669641015,0.319777685317772,-0.547368189885597,0.174897700084761,-0.721945522184099,0.353258183449582,0.460376125609985,0.372121993403852,0.00444017413213151,-0.115096832892455,0.304703755571136,0.375501483351997,0.162751075772067,0.214344406004161,-0.565017015365956,0.348407860208912,-0.217657780265436,0.327588124217247,-0.438262114076489,0.508717707364787,-0.0666049071478957,-0.651942621042088,-0.55046158788353,-0.398162494868911,0.043270261893214,-0.644706084464042,0.334313614713787,0.203215288958614,0.521532256675441,0.39510406144149,0.326388889328704,-0.447324229967174,-0.111498681125838,-0.172483176435711,0.473579351341828,0.491494636154797,0.0178249731185245,-0.09834240008921,-0.324614554993354,-0.0710318852038878,-0.229695762547681,0.388535321587399,-0.612105484795834,-0.247552567878261,0.383622663714025,0.579297292719639,-0.452274877479921,-0.764512195802245,-0.697066909488116,-0.413133690324584,0.0314360201689053,0.0288873173364093,-0.251725811288948,0.1476152183529,-0.0836989672439348
"表兄弟姐妹之间",0.567542634487584,1,-0.421641305851881,-0.00719831926922829,0.131718570018373,0.131334695545172,-0.58355195114031,-0.561396838602575,-0.1638425494636,-0.579337991459019,0.653433777241642,0.874651899677163,-0.605937580682947,0.846929850583523,0.721934357686052,0.0867664870390446,0.676232573919366,-0.695825663368581,0.688093659604334,-0.748739715297377,0.157546142823864,-0.678175639169574,0.528231567888767,0.662333526318556,0.669003632141351,0.31597261134058,-0.430636990812698,0.475654536486519,0.810677619083892,0.564287676628564,0.664364825467115,-0.409312717452139,0.671072733251235,-0.428528613359786,0.542027381364698,-0.342929830337504,0.673492145886643,-0.423143333103391,-0.478806167151478,-0.517560776778167,-0.218736709420399,0.534654910069432,-0.63630818602615,0.0215044212575658,0.24623305743482,0.561796770135729,0.77369692750528,0.713210781038644,-0.394502009108218,-0.572014518338648,-0.403801833062639,0.23299991289887,0.435056390351261,0.580921895128435,-0.357964783860457,0.241815681797547,0.0210848194048335,-0.374655698720231,0.457255161539289,-0.487888895810098,-0.105443271809871,0.452245109676983,0.648045062494373,-0.197344281768265,-0.726885064782428,-0.585488653545266,-0.692025499308418,-0.444507679370798,-0.512711307592695,-0.236100032880536,0.0335414940456671,0.0277047398588587
"敌人之间",-0.139538852798065,-0.421641305851881,1,0.618157618958362,0.0839104359595965,0.331097164544032,0.00917876235848542,0.0761865276436878,-0.202804607738982,0.774911709842677,-0.656427261938977,-0.438412193627786,0.558746327497073,-0.112319691797718,-0.126021985144089,-0.120188382939687,-0.382753940171122,0.184930186754812,-0.562269450044167,0.13753869474389,-0.162660614308076,-0.0408191176253172,-0.400727741705202,-0.593027739738494,-0.650427809893756,-0.681012096244788,0.560205571391131,-0.372460938402398,-0.611035159190291,-0.476849944351752,-0.543852385239007,-0.209599955553092,-0.58635325423502,-0.14278463537875,-0.623756547558961,-0.337725381830497,-0.385353035138453,0.0855043638073487,-0.172479349932203,-0.122250922300743,-0.210314453028342,-0.272237780640464,0.100045847459415,0.318379742091338,-0.110027894923756,-0.127825389861536,-0.529554614476284,-0.578535360048772,0.19530778500023,0.649436994457982,0.749351550632103,-0.29719029084331,0.11374161795233,-0.537091816099629,0.832316363465354,-0.579690869240249,-0.355478113574929,0.0167843270334498,-0.640342734574645,-0.162573195856798,-0.355162149180896,-0.43963208262042,0.0060358098549127,-0.210126731903759,0.154495480468058,-0.145354543168313,0.380065714439101,0.809429934406621,0.854022199232798,0.111697154170767,-0.0648152323168144,-0.0618520701177564
"情敌之间",0.476790796865426,-0.00719831926922829,0.618157618958362,1,0.101411463742008,0.614415880084387,-0.354190424863308,-0.241842883923971,-0.490822618760541,0.396515152377709,-0.276387179152236,-0.133363397971002,0.188253175078311,0.210598125099712,0.191650309186025,-0.441531215679805,-0.156920748385795,-0.274977647913881,-0.389682221276406,-0.24913643539954,-0.0172273405545763,-0.493043821007659,-0.0870052329309981,-0.201666775428468,-0.339173333374715,-0.576709719810169,0.518018135920609,0.0129252435960488,-0.199708825285904,-0.431750274005367,-0.300209901811176,-0.518053148033676,-0.281227724962065,-0.218722753872678,-0.349530673332812,-0.619494203494198,0.09273568265396,0.0197971161831133,-0.571231961629304,-0.493467983991749,-0.618088484404322,-0.155808096672079,-0.307262112116254,0.559325945198318,0.206316830100714,0.320158017065009,-0.155625413549028,-0.25647322853401,0.0432208900700732,0.460417370039289,0.488583228861979,0.0715688082949591,0.509893946134114,-0.515927671345022,0.631488578076565,-0.681296696310866,-0.332083508750489,-0.269422194915014,-0.342769314670788,-0.46305699147535,-0.542112886563459,-0.17630490970431,0.462599714599481,-0.522744497589665,-0.316500585726802,-0.489468693810029,0.0108243926890872,0.623850478620704,0.646980136715975,0.0194513537227067,0.165758023182926,0.0839179967042833
"人 - 上帝",0.202633624818527,0.131718570018373,0.0839104359595965,0.101411463742008,1,0.214236186993857,-0.430203869006417,0.32035968271616,-0.463846948395518,-0.098198438170767,0.327580248518395,-0.141437600266365,-0.273969311062054,0.116882460070007,-0.116255045116813,-0.217728949558414,-0.223496946947595,-0.292166762168109,-0.0889768362482062,-0.086532701606722,0.0882820671351414,-0.297993687029599,0.250986072161833,0.319362830974042,0.270612904760205,0.0762014421457798,-0.213934234995065,0.0477425428455313,-0.206679181013928,-0.0861016958860102,-0.0821692197923691,-0.118960028818153,-0.185570333360775,-0.443967313412729,0.256427763915272,-0.254609355910199,0.463564209378675,-0.300302594861765,-0.223589492772561,-0.183910512186774,0.104081174659109,-0.0500455332616069,-0.403780527444564,0.167753064542672,-0.592158060951948,0.102679990451028,-0.111353417883221,-0.129126167540269,0.239816100222019,0.0548753581432567,-0.135285917721045,-0.341674656750362,0.574542544481037,-0.16454391775026,0.212230393108071,-0.283324673571054,-0.28014896132216,0.00429538486707643,0.0137287296954376,-0.147386810512917,0.311116524222737,0.55618830611001,0.403384016770274,0.167334478406058,-0.120194547054668,-0.242488470737318,0.192878453664133,-0.0616607344732861,-0.100566562771958,-0.610291171044011,0.264642955173754,0.253146252938168
"认识但不熟的人之间",0.334197747083396,0.131334695545172,0.331097164544032,0.614415880084387,0.214236186993857,1,0.00611222370335223,-0.212806589900887,-0.301730450776177,0.24801682861438,-0.281168004237649,-0.177004039135247,0.080247947302085,0.0723544857165625,0.161674470507368,-0.233005014132414,-0.0824002843591846,-0.113245544114029,-0.481938419891988,-0.0108163201209463,-0.485831924107526,-0.397861905505988,-0.289639092710184,-0.239806638189962,-0.3696735613441,-0.599956464767387,0.469576188313866,0.255732469630702,-0.0974936379692567,-0.376883973287893,-0.278866251373045,-0.240668865113698,-0.389378560073142,0.0611492623115951,-0.425111230926727,-0.343362655958518,0.18765987404891,0.0127407741952501,-0.208148010437763,-0.431790909677069,-0.621425706832267,0.106889687218404,-0.0461630543409055,0.8059818478364,0.240040744555429,0.711846753629525,-0.139957501722326,-0.235629123268375,0.235096706017914,0.180041961076582,0.207950004684788,-0.131539302335054,0.784895495016386,-0.290546086001126,0.252479891735733,-0.482378587556141,0.144327234994327,-0.491553655366639,-0.361232915948896,-0.491441969316844,-0.580150335436177,-0.153057642584218,0.679313155889124,-0.679088068446025,-0.219131106009122,-0.286479589088073,-0.113779805031437,0.234855529627114,0.230017602634393,0.0456353999089716,0.512456082082852,0.328599939407261
"商家-客户",-0.558050905434026,-0.58355195114031,0.00917876235848542,-0.354190424863308,-0.430203869006417,0.00611222370335223,1,0.258833515991664,0.503736296407297,0.307672653799209,-0.636956894251653,-0.490262719922934,0.438276002898946,-0.713722054921445,-0.415084388050625,0.239836977057216,-0.283860855592116,0.801987591468977,-0.483211686692592,0.811279771720664,-0.575797043562414,0.710916432301927,-0.710272167920464,-0.676224327170412,-0.592983982282193,-0.310188880435992,0.279179037036427,-0.252174172994811,-0.385660736602225,-0.242163715555814,-0.468667423833252,0.615575533053837,-0.42385747397885,0.765971281522113,-0.523057389254127,0.737775020504073,-0.66166260760174,0.413055302442833,0.768333375656135,0.530955459261484,0.0844657919948917,-0.0760213085737928,0.913182870563467,0.0937685076230572,0.0757839010533008,-0.166152109710791,-0.45706537997707,-0.399608488452874,0.268891232036336,0.11168258134511,0.0854006205845877,-0.179237281344244,-0.397648595224852,-0.138294289711379,-0.1396868815374,0.0937955010835313,0.357531604020672,0.174566415585799,-0.293668733823618,0.341825053651745,-0.109263638522229,-0.56097430176902,-0.433220239564389,-0.068826782124082,0.622194534039259,0.721483865922593,0.275338133994791,-0.0125125997564876,0.0568256542057178,0.366526298102469,0.240156252642953,0.0134555602624346
"上级-下级",-0.542744988320199,-0.561396838602575,0.0761865276436878,-0.241842883923971,0.32035968271616,-0.212806589900887,0.258833515991664,1,0.045604445343532,0.197672621266254,-0.207030498398405,-0.648795704625743,0.2251590313983,-0.512022633507116,-0.612264119572562,0.172397681640833,-0.57128852947324,0.307130183510145,-0.393486032601124,0.517320383832715,0.061960735367236,0.556037520737777,-0.178021070449416,-0.266863366648942,-0.256456929245347,0.0415143433323789,-0.0256600392326913,-0.252975913892601,-0.59054227087721,-0.358888534505835,-0.442317680802427,0.54253841910735,-0.48970568513209,0.0805799079654245,-0.106417733694318,0.279146990816845,-0.288947430796062,0.126365586764682,0.518606774287514,0.544183469265781,0.499559583049956,-0.336026113517905,0.262849022117045,-0.204543247218587,-0.613555858533628,-0.520399057787168,-0.600515241516863,-0.531321062407836,0.687045246820219,0.402698442925405,0.0229071371415915,-0.400559600111176,-0.212779415816844,-0.320207266192079,0.306060976815206,0.0223411149585287,-0.208517274824466,0.39918892725199,-0.248053310467403,0.69417327984984,0.372534110780075,0.0330630005749932,-0.424529518770241,0.543469523138454,0.701218704929748,0.550433599958829,0.783962992674529,-0.00793947515064124,0.0076092347725993,-0.22608307164838,0.0217619939405114,0.168333288747972
"生意伙伴之间",-0.567156155191393,-0.1638425494636,-0.202804607738982,-0.490822618760541,-0.463846948395518,-0.301730450776177,0.503736296407297,0.045604445343532,1,0.247424058576662,-0.26169478854203,-0.0765960728360878,0.321895455099583,-0.247086461416986,-0.0285321689450969,0.605657772215266,-0.00693726491813328,0.559737881991713,0.0554061514819932,0.302292240923965,-0.267358406373564,0.543709652328982,-0.350196068587607,-0.305280201744165,-0.141529375499346,-0.0334750993766749,0.220102613987245,-0.2555833706036,0.135590560013422,0.298467019542475,-0.0459052222642877,0.305189202996169,0.0923579330806086,0.226288172951483,-0.272917636909249,0.512837579898379,-0.513830940544219,0.215205410986998,0.56004361621086,0.353569286381112,0.079781530529768,0.164334221127523,0.638625099898989,-0.473062454581605,0.328902664867505,-0.139790883560577,0.0523413148597959,0.0247082763981872,0.0777153836519344,-0.38395515877612,-0.145632325747864,-0.0593837141239729,-0.45522848462285,0.200377373050467,-0.310759636411229,0.676176143539851,0.365454571698618,0.190605984121783,-0.209299697598273,0.268494055801978,0.0121933938157659,-0.42261875603847,-0.36467065706804,0.114832047409389,0.460910943585023,0.651336308105028,-0.137377542951067,-0.412530622758383,-0.255630406155493,0.65409560550698,-0.143976441361684,0.0447420102325874
"生意竞争对手之间",-0.344153651041767,-0.579337991459019,0.774911709842677,0.396515152377709,-0.098198438170767,0.24801682861438,0.307672653799209,0.197672621266254,0.247424058576662,1,-0.807213237672896,-0.588889660370406,0.728349972058488,-0.325594229124279,-0.213713055204208,0.0810086164216544,-0.594990603992213,0.534939937281362,-0.615068471091644,0.460459388658942,-0.250254550538909,0.254530536207499,-0.589006414997057,-0.722184414894749,-0.679484143572792,-0.747492254860571,0.696089440183006,-0.565748889517184,-0.653129086002697,-0.460948711688659,-0.736135665876661,0.0295031275127749,-0.626441887372854,-0.00844112985947191,-0.796471909269018,0.0215033981245415,-0.626140014410642,0.416563957321817,0.175150740834139,0.129852364719596,-0.205776660248869,-0.324766678095536,0.46839565899123,0.133614743850713,0.00537425893604881,-0.180975714232023,-0.666134152062967,-0.727123801986287,0.302306057637876,0.57711689097728,0.639387548083164,-0.25971180676002,-0.0895770491741938,-0.574511384916299,0.65754840273377,-0.334022303969751,-0.178173268912076,0.215044344485205,-0.681322863464319,0.0806480044350734,-0.427599075772521,-0.666955551210249,-0.218502269448607,-0.19087504325494,0.425165076506292,0.240828219216762,0.392208237733176,0.600332025535544,0.74548335598691,0.394210083156722,-0.123158068723562,-0.0656043600121007
"叔叔婶婶-侄子侄女",0.404940417683869,0.653433777241642,-0.656427261938977,-0.276387179152236,0.327580248518395,-0.281168004237649,-0.636956894251653,-0.207030498398405,-0.26169478854203,-0.807213237672896,1,0.655740105027491,-0.758789787679768,0.50973837867451,0.301350120008763,-0.12079258575489,0.521333241524624,-0.65191019734005,0.681144982124146,-0.628481741181023,0.543165067161873,-0.392749958443249,0.831725290458885,0.920167082877133,0.897977822840318,0.760092151205084,-0.650885988514962,0.405986536009157,0.667040225218259,0.499210305558635,0.742506592893707,-0.304325936205138,0.691992273457157,-0.377150425686416,0.841576936721508,-0.255485645222301,0.761854483289441,-0.398237515806807,-0.411362685978707,-0.181347568571565,0.18280966264338,0.301343760396178,-0.702433212584848,-0.304234008314863,-0.064904414873351,0.204062955749022,0.701981763751566,0.714901636939382,-0.426072496868018,-0.560646450223758,-0.624565265579426,0.277020344126153,0.186226572140419,0.537711275215674,-0.495600918786265,0.328369581560391,0.0300821909965348,-0.0623280108604732,0.756144380811793,-0.124953771565625,0.472279499971125,0.728330058717574,0.260856604744552,0.277426215912312,-0.573861095895194,-0.443664904046912,-0.4270957495565,-0.567281541976813,-0.664622061999093,-0.439399229585134,-0.101207638008248,-0.00525706585712488
"双胞胎之间",0.516526214651261,0.874651899677163,-0.438412193627786,-0.133363397971002,-0.141437600266365,-0.177004039135247,-0.490262719922934,-0.648795704625743,-0.0765960728360878,-0.588889660370406,0.655740105027491,1,-0.60477240487292,0.78912899488607,0.698483253736333,0.0736639726388371,0.715533296938385,-0.57891555430315,0.775981298575198,-0.713338571046464,0.294506536259871,-0.514242154939104,0.567868345942294,0.679646204219138,0.699976026311212,0.4153791758525,-0.476279258269449,0.300324026026758,0.823609372185318,0.594710043369128,0.725926080782883,-0.35012410018494,0.766494479357889,-0.312192517809982,0.536353682696202,-0.214711836487919,0.493296613073367,-0.335629129829297,-0.424495514510282,-0.334474129840265,-0.0679152863532625,0.406823881551175,-0.578140440730416,-0.182549014377427,0.311458769882591,0.312890410035694,0.799280603504775,0.778688584121461,-0.633056265357168,-0.561400966835375,-0.366693295915978,0.371283789432803,0.0818823662494297,0.628649855875688,-0.470009780539203,0.302252816161096,-0.0179351530951316,-0.171283473026696,0.61248201991854,-0.37668290836073,-0.0540814881274673,0.309717551439864,0.330960932559526,-0.0972005827148107,-0.705964423928855,-0.522280194985826,-0.7078078350143,-0.33739266222073,-0.407203587359727,-0.113821675647617,-0.214346053174289,-0.262515121786959
"谈判中对立的双方",-0.535309945987813,-0.605937580682947,0.558746327497073,0.188253175078311,-0.273969311062054,0.080247947302085,0.438276002898946,0.2251590313983,0.321895455099583,0.728349972058488,-0.758789787679768,-0.60477240487292,1,-0.379805364910293,-0.188947581315996,0.301499765808991,-0.365480820263954,0.585953347858825,-0.57046049811236,0.500379151415724,-0.357821825673442,0.280899038953861,-0.546716536954349,-0.730914325619528,-0.710390201647136,-0.524292427165037,0.402606347939208,-0.301187637634005,-0.591220697652658,-0.313042242556341,-0.51932090304242,0.30750383279603,-0.507047375235815,0.128118601666417,-0.724779473174996,0.166635485563044,-0.633007037455783,0.168253302306664,0.266606524819635,0.0446507164178992,-0.0252032597555285,-0.234212306266576,0.645596977793026,0.117856905283596,-0.107487273166642,-0.386497703042935,-0.59114674939466,-0.57852280761966,0.469375605206188,0.504189802589653,0.793866863436724,-0.436341398221956,-0.275208796791658,-0.397500117218389,0.520506866556129,-0.105334587504954,-0.0269373296506516,-0.0522346511707847,-0.734570931362714,0.239708352998833,-0.288973213183933,-0.672217918922412,-0.300691102398949,-0.00254367258218699,0.685635469054809,0.459139687086353,0.309557906205494,0.448009556140205,0.490472505240986,0.255917651049295,-0.0968730268574255,0.0265079616866747
"同父异母(或同母异父)的子女之间",0.53124060771445,0.846929850583523,-0.112319691797718,0.210598125099712,0.116882460070007,0.0723544857165625,-0.713722054921445,-0.512022633507116,-0.247086461416986,-0.325594229124279,0.50973837867451,0.78912899488607,-0.379805364910293,1,0.769249402164707,0.023041292222234,0.484416583496156,-0.609220267955514,0.586919761550644,-0.703453420220646,0.312583152862618,-0.669145059317171,0.603813526649197,0.630465989402782,0.595568224579576,0.121034549006242,-0.28447874317175,0.249549888348045,0.582773370185602,0.416101701572404,0.485186784297317,-0.438763173062938,0.501519139351742,-0.630786874957137,0.356708446999453,-0.563048796891583,0.593420210313348,-0.349042619079888,-0.58670117663053,-0.476569173764968,-0.237547189104614,0.349211861413958,-0.680241614846053,-0.0335451399672548,0.186263986683372,0.303179597466265,0.546222261124868,0.475550400274853,-0.407846463480992,-0.268933188755347,-0.0707897686314051,0.199170785757007,0.381668556641365,0.295971045792429,-0.073064494477434,0.0188913350492316,-0.233701361071918,-0.233324665853734,0.289799001016041,-0.41589809314586,-0.238310187959078,0.258931984881326,0.557208915398056,-0.193466222221311,-0.642516318592875,-0.601313236268884,-0.537651562292648,-0.0689820169163613,-0.182372957366551,-0.245996544532743,-0.278029378155552,-0.198590545014564
"继子女之间",0.448638590802979,0.721934357686052,-0.126021985144089,0.191650309186025,-0.116255045116813,0.161674470507368,-0.415084388050625,-0.612264119572562,-0.0285321689450969,-0.213713055204208,0.301350120008763,0.698483253736333,-0.188947581315996,0.769249402164707,1,0.143383155306153,0.483044665759638,-0.346340750173536,0.39223538303358,-0.555844458029345,0.0883666566309103,-0.55976524205502,0.380254917319786,0.388989174174709,0.339545509838411,-0.0576319027743007,-0.114647942400896,0.187995769913179,0.593243670074485,0.358525244710032,0.348551045522977,-0.336583438638615,0.471524306210432,-0.387523653402441,0.116067561704405,-0.319122965399669,0.384012866015676,-0.293821179686308,-0.466422313681674,-0.500293809697724,-0.37168647962563,0.416960998574468,-0.347480938380629,0.0662764997111494,0.373756497638453,0.410293832214893,0.511599925684482,0.452235435272775,-0.345039765019674,-0.334231092688308,0.00378139258307159,0.107329272775625,0.300967441344932,0.281358453087286,-0.143705063520596,0.0819348575571183,-0.029643522710823,-0.306343659114591,0.135327273776747,-0.449046484369542,-0.402604212704585,-0.0020951309857461,0.520766569538285,-0.333680778093507,-0.502965557973397,-0.416479246926055,-0.568495422493096,-0.107820735693631,-0.150693654805822,-0.0128901135751552,-0.178050487033382,-0.157092813149016
"同事之间",-0.488515620584987,0.0867664870390446,-0.120188382939687,-0.441531215679805,-0.217728949558414,-0.233005014132414,0.239836977057216,0.172397681640833,0.605657772215266,0.0810086164216544,-0.12079258575489,0.0736639726388371,0.301499765808991,0.023041292222234,0.143383155306153,1,0.326974616510677,0.217062517370439,0.0736670559961516,-0.000163438629760941,-0.289046653358763,0.237380341708099,-0.249685012705207,-0.165471369516066,-0.0994433678104186,0.148814083050613,-0.131717559409919,0.0799873973580568,0.181164089789292,0.206992980174697,0.185367724178721,0.334403280206591,0.126645208183123,-0.0222929279873713,-0.160197126887909,0.339511273605838,-0.25492966790389,-0.275533720582014,0.341343901098372,0.0916262561722837,0.338665520462879,0.391734306459983,0.323911949456694,-0.256997376608656,0.0181544041167967,-0.14344519627979,0.147223773421026,0.158254462949081,0.278960382435631,-0.243363753173522,-0.0114798556679216,-0.482321196764046,-0.346345816310873,0.501853486491502,-0.0346486196453569,0.62197400281134,0.143280211318472,-0.132109770248496,-0.276100085873365,0.397722316900129,0.0703474104356741,-0.267178080762776,-0.224036739246818,0.316514973606221,0.311411353797923,0.328865570368891,-0.00953662986309403,-0.392734192323982,-0.31439441658695,0.208856884347446,-0.0720042281733006,0.156218640630029
"同学之间",0.241693448878672,0.676232573919366,-0.382753940171122,-0.156920748385795,-0.223496946947595,-0.0824002843591846,-0.283860855592116,-0.57128852947324,-0.00693726491813328,-0.594990603992213,0.521333241524624,0.715533296938385,-0.365480820263954,0.484416583496156,0.483044665759638,0.326974616510677,1,-0.55522718396229,0.487621109928328,-0.669688854265832,-0.046866909412948,-0.477596809703574,0.26293599415146,0.417486106190133,0.376975737248769,0.520864107557148,-0.454182591574688,0.620139933873214,0.79649664967479,0.433242791648315,0.851230511657335,-0.332177982885129,0.685122905917027,-0.0693076213905154,0.415866959394288,-0.0586430312877652,0.40446585440867,-0.615361170002614,-0.396212814131687,-0.458624200445652,0.00595629914692566,0.687880669566874,-0.364760984384835,-0.00138019343893673,0.33448142134719,0.38427087661496,0.849117781499458,0.859609214986205,-0.413469060804978,-0.550464626299684,-0.264412205172073,0.0618008683010278,0.0333211688396972,0.853483997687334,-0.353025384623651,0.429436439428164,0.232148849513959,-0.58425098327602,0.357274827868615,-0.27628000542095,0.0751697049910909,0.209272015042363,0.292634254540767,-0.0113921252142957,-0.57415038380912,-0.456519589531172,-0.575332008721277,-0.411463223201879,-0.472883567473226,-0.11945917261796,0.0872568067853654,0.136256643353736
"房东-租户",-0.631118669641015,-0.695825663368581,0.184930186754812,-0.274977647913881,-0.292166762168109,-0.113245544114029,0.801987591468977,0.307130183510145,0.559737881991713,0.534939937281362,-0.65191019734005,-0.57891555430315,0.585953347858825,-0.609220267955514,-0.346340750173536,0.217062517370439,-0.55522718396229,1,-0.440994532201852,0.8218640446821,-0.321896747904026,0.798982880732351,-0.563519000360644,-0.603932164444889,-0.494980123231958,-0.44193954567144,0.427003044745556,-0.614985765566725,-0.527680666075063,-0.221626056248914,-0.641922765581242,0.567423656453035,-0.505281935244068,0.458828807117484,-0.594122608697062,0.532479333512461,-0.674293782961103,0.509324820200534,0.693066287616758,0.599901835850463,0.0454525084141809,-0.253021999508805,0.885321479371093,-0.092711623305643,0.00465155249195772,-0.393604004276278,-0.633673829885109,-0.605547727767364,0.244179504479583,0.221527018781652,0.222691984622395,-0.187122288050537,-0.424077416356276,-0.406464659699497,-0.0418918737161536,-0.00933076395947175,0.213275499513478,0.41500472687302,-0.408475584953874,0.372932262940283,-0.120984678273337,-0.62644281882051,-0.528662596530291,-0.018882268665549,0.70458940516395,0.729948560781275,0.310817498821612,0.162517409240829,0.24264304275439,0.428169014863838,-0.154153685306785,-0.271528821290292
"夫妻之间",0.319777685317772,0.688093659604334,-0.562269450044167,-0.389682221276406,-0.0889768362482062,-0.481938419891988,-0.483211686692592,-0.393486032601124,0.0554061514819932,-0.615068471091644,0.681144982124146,0.775981298575198,-0.57046049811236,0.586919761550644,0.39223538303358,0.0736670559961516,0.487621109928328,-0.440994532201852,1,-0.603897023696059,0.469603604692137,-0.268904558118864,0.592108293409883,0.65637560704447,0.774273510745956,0.553795298653082,-0.519372774880794,0.149795612456258,0.713060790507986,0.815471315667287,0.649505546499015,-0.271405922760243,0.830817737565013,-0.344035551415543,0.751200695139923,-0.151148936852292,0.398109842710365,-0.153851205955471,-0.270311674857351,-0.164723431057026,0.108175248400226,0.24710930620703,-0.491976106114621,-0.515931962660664,0.123477109377825,0.0585476626319699,0.670491642508922,0.664254065151137,-0.568676696133454,-0.608826910238669,-0.51866423271299,0.524960787535602,-0.1145656970374,0.558259439232739,-0.54741051444192,0.479540767635836,0.0172897284674994,0.0472438452297845,0.591124649882197,-0.164988171057262,0.25302717071276,0.514314147978549,0.105638655756695,0.192585539128163,-0.494892764575002,-0.33597524722495,-0.513735558025266,-0.494823893389847,-0.520190744693813,-0.0862795926652884,-0.395944199469723,-0.23438667194468
"服务员-顾客",-0.547368189885597,-0.748739715297377,0.13753869474389,-0.24913643539954,-0.086532701606722,-0.0108163201209463,0.811279771720664,0.517320383832715,0.302292240923965,0.460459388658942,-0.628481741181023,-0.713338571046464,0.500379151415724,-0.703453420220646,-0.555844458029345,-0.000163438629760941,-0.669688854265832,0.8218640446821,-0.603897023696059,1,-0.358408640058287,0.69795160957762,-0.536256840598278,-0.564775413914377,-0.498025993649012,-0.369107371020063,0.304254242102177,-0.446196271889733,-0.694156289450974,-0.435954038503681,-0.712293254587719,0.660571931340368,-0.675762189948054,0.508417528782251,-0.531655151289018,0.592658258612773,-0.596543842910457,0.521182861773226,0.738343947331285,0.628435775870728,0.148062564923147,-0.312003921674195,0.829970036767031,0.0838674327244886,-0.21740037472779,-0.397578792843048,-0.774036344060933,-0.72699254466713,0.384706748085348,0.423381790616752,0.217979941811536,-0.270220858165112,-0.322497887606041,-0.499949403632877,0.061056434434057,-0.198190906801423,0.100671392294298,0.401376872242192,-0.34973878960805,0.420344811062819,-0.0410243458923249,-0.459828996301758,-0.498573730115573,-0.00765625643694032,0.773809295318604,0.765697937937979,0.551865813555258,0.200378216791385,0.227642677886792,0.148812238081958,0.0753326143907671,-0.0786745753478403
"公公婆婆-媳妇",0.174897700084761,0.157546142823864,-0.162660614308076,-0.0172273405545763,0.0882820671351414,-0.485831924107526,-0.575797043562414,0.061960735367236,-0.267358406373564,-0.250254550538909,0.543165067161873,0.294506536259871,-0.357821825673442,0.312583152862618,0.0883666566309103,-0.289046653358763,-0.046866909412948,-0.321896747904026,0.469603604692137,-0.358408640058287,1,-0.0699374118853432,0.788318471347575,0.552631525759512,0.608122288803805,0.418667504012671,-0.272738982673006,-0.139355851339282,0.16611881885664,0.211031932154688,0.228821215307643,-0.279898230591752,0.388446804334691,-0.431457031586711,0.574557348290718,-0.424568454846939,0.33655439507142,0.0737053426488784,-0.334616298031451,0.175289054867842,0.132607004334912,-0.123769409152103,-0.506088961525447,-0.478209123006151,-0.139965854007622,-0.28374232343134,0.162534486089021,0.189029873200469,-0.384204900995683,-0.0246130639414324,-0.175232458589575,0.429034378730937,-0.206913905954592,-0.0428788653484315,-0.0210711506991106,0.0407138878149662,-0.348131558901564,0.414028300168583,0.550997097457832,0.159889547647453,0.258907584436505,0.422210592559883,-0.226734528372749,0.323848089112775,-0.256863419737589,-0.288934476471303,-0.0221230491188811,-0.0279251905127307,-0.0646158820758807,-0.209364815064662,-0.579182824109444,-0.363236928759897
"雇主-雇员",-0.721945522184099,-0.678175639169574,-0.0408191176253172,-0.493043821007659,-0.297993687029599,-0.397861905505988,0.710916432301927,0.556037520737777,0.543709652328982,0.254530536207499,-0.392749958443249,-0.514242154939104,0.280899038953861,-0.669145059317171,-0.55976524205502,0.237380341708099,-0.477596809703574,0.798982880732351,-0.268904558118864,0.69795160957762,-0.0699374118853432,1,-0.372736873691227,-0.445975666313368,-0.322186205988066,-0.0440366302882063,0.211751974733142,-0.464756839149014,-0.420601811139545,-0.149392297402585,-0.408154136396512,0.624806488027881,-0.33999265770799,0.525561604452281,-0.311111440109879,0.545351840767511,-0.605619570358184,0.475525598242964,0.812041460235301,0.84750074479855,0.327528950142915,-0.312300104747463,0.694357980039768,-0.4162091930172,-0.0909750640842967,-0.51238898125242,-0.471741153288144,-0.417171052812941,0.226711938592657,0.096300167026848,-0.116440318468236,-0.0746457163645226,-0.593827859264206,-0.209445941920888,-0.140567906222727,0.227871961833133,0.203061548566472,0.602087000245611,-0.139432531452783,0.637510800001229,0.257960473514508,-0.372452951044719,-0.700508703766223,0.323741732663019,0.701309337476535,0.778461229598995,0.416133931943539,-0.0707478665063802,-0.00405262681677347,0.38325162005686,-0.132234790454792,-0.165282207759021
"继父继母-儿女",0.353258183449582,0.528231567888767,-0.400727741705202,-0.0870052329309981,0.250986072161833,-0.289639092710184,-0.710272167920464,-0.178021070449416,-0.350196068587607,-0.589006414997057,0.831725290458885,0.567868345942294,-0.546716536954349,0.603813526649197,0.380254917319786,-0.249685012705207,0.26293599415146,-0.563519000360644,0.592108293409883,-0.536256840598278,0.788318471347575,-0.372736873691227,1,0.874472138252129,0.847748192379844,0.559917497270713,-0.492511125172595,0.19723096449996,0.465813294747609,0.343588484989777,0.535625456931594,-0.312849412776679,0.532213188898065,-0.525093748296655,0.713750001452898,-0.509128862490587,0.726595320863627,-0.224486175277655,-0.455829723098816,-0.101232586910918,0.0707488175236655,0.154869586246098,-0.678606397322612,-0.308184325108285,-0.0767352643183902,-0.00385790624119492,0.465762005828818,0.472035673671669,-0.437767745258319,-0.302764842912675,-0.31870712959012,0.302465182699538,0.128484431502865,0.207380767276626,-0.260041197607644,0.0953843698021963,-0.233773236875961,0.0844105582603674,0.66459870080831,-0.0879964329747878,0.254811549496392,0.594030918116733,0.158899967287969,0.183633705182876,-0.44396681560742,-0.42246874206843,-0.314395987309888,-0.253042388119785,-0.399858305811974,-0.388014435978525,-0.356528868063543,-0.188984278055666
"继祖父母 - 继孙",0.460376125609985,0.662333526318556,-0.593027739738494,-0.201666775428468,0.319362830974042,-0.239806638189962,-0.676224327170412,-0.266863366648942,-0.305280201744165,-0.722184414894749,0.920167082877133,0.679646204219138,-0.730914325619528,0.630465989402782,0.388989174174709,-0.165471369516066,0.417486106190133,-0.603932164444889,0.65637560704447,-0.564775413914377,0.552631525759512,-0.445975666313368,0.874472138252129,1,0.937515021264936,0.633862159630132,-0.571785971063135,0.268726153711306,0.62580987075484,0.375728903206744,0.642522511452285,-0.299318388722158,0.580977806403801,-0.499610701957839,0.772029809496117,-0.331226472606645,0.797724746818111,-0.34351692158144,-0.458114229131822,-0.166752498379773,0.117701190404721,0.298077645962784,-0.704171530269911,-0.214324497107889,-0.0172008991354632,0.140901726586442,0.607992942924579,0.608324511048685,-0.454737369588096,-0.45486878338511,-0.526543846929425,0.234734482632716,0.202583516917457,0.404256154347973,-0.47214302671167,0.147971908501158,-0.0682137635724026,-0.0289374278639191,0.725778974439444,-0.165651301992554,0.281742512156711,0.64707027058064,0.247186507666234,0.134332657053761,-0.572160091078348,-0.45598858180796,-0.420423479492897,-0.398707410131706,-0.548233848538691,-0.427519132268668,-0.214143068295102,-0.154173384377454
"寄养父母 - 寄养子女",0.372121993403852,0.669003632141351,-0.650427809893756,-0.339173333374715,0.270612904760205,-0.3696735613441,-0.592983982282193,-0.256456929245347,-0.141529375499346,-0.679484143572792,0.897977822840318,0.699976026311212,-0.710390201647136,0.595568224579576,0.339545509838411,-0.0994433678104186,0.376975737248769,-0.494980123231958,0.774273510745956,-0.498025993649012,0.608122288803805,-0.322186205988066,0.847748192379844,0.937515021264936,1,0.666134093379843,-0.607200213166853,0.181871410384644,0.64361953660385,0.529049801560773,0.631824297410331,-0.24910270225648,0.676249474346056,-0.476183598818957,0.818952527806206,-0.21337605876843,0.719411835667589,-0.249119651054944,-0.307919285684509,-0.0681486157784579,0.115431343839691,0.286434422749079,-0.593515354244373,-0.385050152633385,-0.0207092679341203,0.0906329483544696,0.619067232135921,0.617633830206999,-0.519921376638632,-0.555820405543728,-0.599754923171915,0.326772537328719,0.0902412907168108,0.427318287037412,-0.54845141575318,0.285918724995219,-0.0714843819659418,0.0817437669233403,0.764456604220407,-0.129888699203733,0.32060421324314,0.660677900729846,0.157341902115378,0.188429085346831,-0.519216179432184,-0.355554330102647,-0.473591019593048,-0.527062981286974,-0.618256306683147,-0.338272846373655,-0.261952795416891,-0.204469639739005
"老师-学生",0.00444017413213151,0.31597261134058,-0.681012096244788,-0.576709719810169,0.0762014421457798,-0.599956464767387,-0.310188880435992,0.0415143433323789,-0.0334750993766749,-0.747492254860571,0.760092151205084,0.4153791758525,-0.524292427165037,0.121034549006242,-0.0576319027743007,0.148814083050613,0.520864107557148,-0.44193954567144,0.553795298653082,-0.369107371020063,0.418667504012671,-0.0440366302882063,0.559917497270713,0.633862159630132,0.666134093379843,1,-0.773363760711808,0.430847772641512,0.525267814367646,0.35552398750801,0.792403124068189,0.0421195246097833,0.638246902251468,-0.0960286675208797,0.759836351514772,0.112245778083927,0.449847761106321,-0.434373421698417,-0.0402606437271467,0.0454808976712362,0.503639857452846,0.199865478312921,-0.383002659075432,-0.492549424615028,-0.172903235545772,-0.126164409315144,0.611270670189632,0.704911843075147,-0.234712466767711,-0.474340679556276,-0.561283991140026,0.0911301943734894,-0.267434845618203,0.677086522600548,-0.480825172191409,0.569136416406675,0.110538650514964,-0.0408607428495646,0.689045612754983,0.213471143336443,0.677688759305696,0.602396687760645,-0.198459954280424,0.577461836263454,-0.199071623658417,-0.103471658408296,-0.195548184044774,-0.615952733968489,-0.698690922332819,-0.328874794682618,-0.0440070584880336,0.0779251742393753
"假朋友之间（表面朋友，实则讨厌对方）",-0.115096832892455,-0.430636990812698,0.560205571391131,0.518018135920609,-0.213934234995065,0.469576188313866,0.279179037036427,-0.0256600392326913,0.220102613987245,0.696089440183006,-0.650885988514962,-0.476279258269449,0.402606347939208,-0.28447874317175,-0.114647942400896,-0.131717559409919,-0.454182591574688,0.427003044745556,-0.519372774880794,0.304254242102177,-0.272738982673006,0.211751974733142,-0.492511125172595,-0.571785971063135,-0.607200213166853,-0.773363760711808,1,-0.405708892236505,-0.391210236514365,-0.427188970001697,-0.628773028691047,-0.185293384810623,-0.514801779842963,0.163585622602425,-0.698241697140348,-0.109984405680694,-0.46029438512275,0.517882666052589,0.0506457748579604,0.11696631150381,-0.500002050315841,-0.111961044926852,0.365882026244426,0.261520853012355,0.46908871079114,0.172399122281129,-0.463336738054836,-0.549997656305981,0.10623451322729,0.289925936116366,0.264214180496307,0.0668314347198517,0.12532727100353,-0.58084995779874,0.321061080574725,-0.373118506641875,0.0388033443727095,0.10341619549675,-0.57644962991109,-0.149755261418632,-0.484521008343427,-0.619304748823297,0.00344717386667299,-0.490762492702985,0.194932755521224,0.13155607483614,0.165836173298344,0.453536250472167,0.607771085962057,0.658886856536365,0.0301079206538481,0.093892482108066
"教徒之间",0.304703755571136,0.475654536486519,-0.372460938402398,0.0129252435960488,0.0477425428455313,0.255732469630702,-0.252174172994811,-0.252975913892601,-0.2555833706036,-0.565748889517184,0.405986536009157,0.300324026026758,-0.301187637634005,0.249549888348045,0.187995769913179,0.0799873973580568,0.620139933873214,-0.614985765566725,0.149795612456258,-0.446196271889733,-0.139355851339282,-0.464756839149014,0.19723096449996,0.268726153711306,0.181871410384644,0.430847772641512,-0.405708892236505,1,0.430551552499873,0.121491541512763,0.64998361133716,-0.048348533716183,0.359811647212934,0.0190807782809882,0.27949987817005,-0.141530923520386,0.451713921208939,-0.515475499845732,-0.177654476861858,-0.421554705970117,0.0684897359851484,0.298106879014227,-0.37694622048114,0.238377789678977,0.0600691371600802,0.456108419327274,0.534151574937883,0.557508775577022,-0.0166017373648556,-0.284706647128332,-0.214057101610445,-0.0787630490806682,0.297804956317751,0.533586576990282,-0.171256968232663,0.235825560071896,0.309040459771947,-0.555940704159404,0.178837886809981,-0.0869311927120445,0.22628068617315,0.303712291212731,0.392331031385287,0.0596978300654969,-0.38354779078612,-0.297954827649543,-0.344034208630282,-0.384294999933663,-0.469625353751113,-0.227188957247315,0.45081892828086,0.486838871454614
"童年玩伴之间",0.375501483351997,0.810677619083892,-0.611035159190291,-0.199708825285904,-0.206679181013928,-0.0974936379692567,-0.385660736602225,-0.59054227087721,0.135590560013422,-0.653129086002697,0.667040225218259,0.823609372185318,-0.591220697652658,0.582773370185602,0.593243670074485,0.181164089789292,0.79649664967479,-0.527680666075063,0.713060790507986,-0.694156289450974,0.16611881885664,-0.420601811139545,0.465813294747609,0.62580987075484,0.64361953660385,0.525267814367646,-0.391210236514365,0.430551552499873,1,0.567399536927794,0.807688213425224,-0.39885886438121,0.84023999033914,-0.19821227962997,0.584564102291674,-0.163345694856162,0.556928498648742,-0.409325791503923,-0.351441724431574,-0.382050718553731,-0.207340631725876,0.614974488164338,-0.434694917198362,-0.176241243470207,0.483121161092064,0.506602004536081,0.94347717560361,0.901297168864297,-0.511024330801649,-0.739771077726869,-0.550411898279855,0.347715955530901,0.134145653587833,0.728276217101038,-0.584360486072742,0.50974378880934,0.260019800620502,-0.375461292204225,0.564051010894285,-0.384471023917397,-0.0160321162378903,0.369858001791874,0.359587879115436,-0.112001029074556,-0.635926920913567,-0.418775723325532,-0.70499537614236,-0.615069629133505,-0.650140256870475,0.0241627824329625,-0.0236392793967102,0.0259736433607189
