"","暗恋对象-暗恋者","表兄弟姐妹之间","敌人之间","情敌之间","人 - 上帝","认识但不熟的人之间","商家-客户","上级-下级","生意伙伴之间","生意竞争对手之间","叔叔婶婶-侄子侄女","双胞胎之间","谈判中对立的双方","同父异母(或同母异父)的子女之间","继子女之间","同事之间","同学之间","房东-租户","夫妻之间","服务员-顾客","公公婆婆-媳妇","雇主-雇员","继父继母-儿女","继祖父母 - 继孙","寄养父母 - 寄养子女","老师-学生","假朋友之间（表面朋友，实则讨厌对方）","教徒之间","童年玩伴之间","未婚夫-未婚妻","校友之间","校长-老师","亲兄弟姐妹之间","演奏家 - 听众","爷爷奶奶-孙子女","主治医生-病人","姨父姨妈-侄子侄女","金主 - 援交男/女","经理-老板","经理-员工","军官-部下","邻居之间","卖家-买家","陌生人之间","玩伴之间","朋友之间","挚友之间","知己之间","前任官员-现任官员","狱警-囚犯","原告-被告","出轨者-小三","远房亲戚之间","战友之间","政治对手之间","政治盟友之间","主人-客人","主人-仆人","保姆-小孩","主职-副职","宗教领袖 - 信徒","祖先-后代","远房表兄弟姐妹之间","君臣之间","律师-法官","律师-委托人","警察-老百姓","罪犯 - 人质","罪犯-受害人","犯罪同伙之间","作家-读者","作家-评论家"
"暗恋对象-暗恋者",1,0.65092955651649,0.0999906291180852,0.354560915310194,0.536752551020308,0.425851351184527,-0.691763298350993,-0.72244205768946,-0.650812198768765,-0.241754798112037,0.513044622940004,0.446570803259458,-0.477620552315496,0.502554286777704,0.457195407923367,-0.489681515956947,0.257864530628925,-0.633128516460004,0.319793076805413,-0.527008507786581,0.682044885746771,-0.795853412598799,0.365183973400967,0.632075757283172,0.198699475234406,-0.478988983050618,0.296953464562708,0.20785804203305,0.464040605183369,0.528059890404937,0.284387420430432,-0.732018016342608,0.300384285383876,-0.276583180943081,0.475929972836176,-0.261762952154113,0.556498684374457,0.159448649509832,-0.764709581622135,-0.786049678245364,-0.481403102776608,0.276748113081145,-0.674625813546898,0.184659644948142,0.339139854230324,0.437814864377396,0.412468516374827,0.52476383748291,-0.0934943997771729,-0.294469892042523,-0.478270424029529,0.53490357786286,0.473122282358843,0.107592171605557,-0.384147611994835,-0.521607231869481,-0.147913552558269,-0.126458871842865,-0.0780920741607986,-0.539217236392612,-0.122826240974547,0.635311101721227,0.625990453513402,-0.372130828114099,-0.704867126148022,-0.602810066008048,-0.303267357084206,-0.172241413395781,0.0308324203143341,-0.173836174882907,-0.0150374928939976,-0.332912122179559
"表兄弟姐妹之间",0.65092955651649,1,0.198705095701095,0.364580015156992,0.613045640086402,0.546788024306351,-0.706622306617759,-0.689091623194034,-0.50885142417771,-0.0824631133229104,0.634495729710821,0.652073395688783,-0.491348240232315,0.738527317077065,0.766512211300233,-0.411395197791215,0.326303328065101,-0.601617239148694,0.166701931095815,-0.686074412126469,0.816052825021724,-0.798383289233553,0.276701348201655,0.626228458570575,0.116213199332571,-0.501265233576423,0.399486685433627,0.34158674426175,0.623760163156064,0.313772195493195,0.453943850903066,-0.595684777904487,0.450101406938731,-0.360624059934271,0.427164897313697,-0.381421811215067,0.690188614399771,-0.268950166348056,-0.746311918764478,-0.755084203544285,-0.432098020514477,0.284777746448897,-0.742213128095851,0.237266975801316,0.348775500495711,0.565449887326007,0.460020640318053,0.588766533623133,-0.0754941638257889,-0.346803207002837,-0.474688489180599,0.0998533842569124,0.755830270649423,0.271693446676195,-0.208589343877348,-0.222960921416624,-0.324454038853728,-0.381097301532027,-0.274684699463315,-0.327549582909913,-0.128500645371542,0.766889016022295,0.905914882298142,-0.208034848550444,-0.674358687339653,-0.73819647550029,-0.314680850743248,-0.334266673183093,0.00662816394351363,-0.291832231035096,0.0737031733225954,-0.165591447557748
"敌人之间",0.0999906291180852,0.198705095701095,1,0.883921600058281,0.104630116118569,0.357320984682257,-0.156693968167044,0.0995423121114008,-0.520178265754735,0.757702559283361,-0.425920350954113,-0.242784792940977,0.507057112745436,0.0395264405774907,-0.0263509270382826,-0.507625454055599,0.042999124827818,-0.00192807438160426,-0.532339520327535,-0.225953948901803,0.228247341366414,-0.440268441491965,-0.432402987594309,-0.332931850074564,-0.541474487740726,-0.587299671774571,0.893728068569864,-0.428890811818822,-0.376855567266963,-0.452485969109179,0.392717949994463,-0.465075234608497,-0.26021437107659,-0.113999875733692,-0.473062636649745,-0.517409401299171,-0.262522822753591,-0.0329963651249092,-0.0874472698728089,-0.220042620116495,-0.0904782688336974,-0.0683712313230373,-0.0515928744886255,0.631304936645277,-0.256939494918617,-0.409149306980786,-0.497871850641661,-0.356928576870983,0.102508685586494,0.566259784760485,0.502148912867146,-0.114441085637589,0.443862177529266,-0.597024740288544,0.727195496813409,0.214268954569179,-0.454449268938422,0.509796290295326,-0.568857293219259,-0.445689410331927,-0.20815371518396,0.235860284035296,0.279112870501574,0.138589876079227,0.00708253285570554,-0.37230771291089,0.293462717763484,0.6756702467002,0.8008218268499,0.00727618982483876,0.0762351709232219,0.262342260391345
"情敌之间",0.354560915310194,0.364580015156992,0.883921600058281,1,0.357348401134888,0.4034569410903,-0.441434279399909,-0.106273674134662,-0.670214899185484,0.522518465967979,-0.191781919220923,-0.0212956895713883,0.257279690129005,0.191145275649656,0.151909200571395,-0.617898892296137,0.0788036628809156,-0.254422697042086,-0.302003921044683,-0.455488605018622,0.411600649921861,-0.620223787937819,-0.201441338389815,-0.104940613912696,-0.332185723832176,-0.617689166058048,0.852649929536247,-0.312283045208191,-0.173574013930594,-0.191224909624844,0.265098771220996,-0.597172648820569,-0.05680026048016,-0.246907098587487,-0.226916847084769,-0.483328947948076,-0.0139613802626431,0.0054091885635273,-0.339143770511138,-0.441684694828343,-0.203739439003524,0.00883824659649453,-0.263068189665715,0.486505708609249,-0.0387735350793963,-0.214097780962483,-0.241301023968074,-0.122368627950331,-0.06783789999646,0.398193477280172,0.336599975278722,0.0987029320615184,0.462178737409479,-0.448795234194953,0.482604892275283,-0.0316081735559226,-0.399073030772594,0.38641242059227,-0.411304184802825,-0.547442388276017,-0.212164620629129,0.329265466560635,0.372656553932758,-0.0879208508123058,-0.197701652281632,-0.525353940062239,0.120850480645806,0.656752397205176,0.728417024268906,0.0457615754575587,-0.0838841240011007,0.0164476123861386
"人 - 上帝",0.536752551020308,0.613045640086402,0.104630116118569,0.357348401134888,1,0.16148303646228,-0.731416779094021,-0.380312291002978,-0.583575430659704,-0.266175143229423,0.533361820904382,0.447302495356696,-0.567849244941778,0.343485847823184,0.353424861433049,-0.517191397430751,-0.177345889388059,-0.536898135970654,0.192333619277866,-0.647362931306116,0.609122944010714,-0.545486797047085,0.490683723986952,0.58427346583053,0.407113743094692,-0.172467965574944,0.130367866726185,0.087563112979565,0.345468229119743,0.283331598586714,0.00744410292577878,-0.428082429336559,0.385658542591485,-0.29157294747312,0.596801803920338,0.023900488771682,0.654338698364901,-0.122204277425881,-0.510227907687852,-0.554892462336111,-0.0335278286956284,0.0077981499806996,-0.686097050362684,-0.0330079948123584,0.242611576005079,0.31882968202907,0.353191071512006,0.343222492051919,-0.255544446775929,0.0223290727907826,-0.395558031621977,0.231032605607272,0.384127759177005,0.240916745072312,-0.31136201854209,-0.349222337980048,-0.327412550070669,-0.00608739161002143,0.139854787928888,-0.147499889896363,0.166677667083731,0.546655615544062,0.456665672220958,-0.0633095034227513,-0.496388595034389,-0.480406666748776,-0.0936405257503012,-0.111990282135561,0.0851711275626932,-0.178619414436033,-0.0640351616747083,-0.347381821897728
"认识但不熟的人之间",0.425851351184527,0.546788024306351,0.357320984682257,0.4034569410903,0.16148303646228,1,-0.221624478475353,-0.339830182623102,-0.62290093081749,0.208149542643507,-0.00435403513002205,-0.0170043284858511,-0.0285844799075415,0.158616559425287,0.218240933865671,-0.348834595729929,0.551965413406093,-0.17087146518178,-0.360342072558818,-0.129760931073085,0.339019513807112,-0.695435740111522,-0.343572870194583,0.132944332551026,-0.443934559864854,-0.556961731792335,0.480078372748622,0.166576560186386,0.0855736157326386,-0.210441971374512,0.727047891637212,-0.617009134357595,-0.235158246503794,0.173065917787142,-0.174164350508593,-0.598421828957991,0.00244699184472728,-0.164647767823329,-0.503025073898329,-0.532826728139214,-0.345610082653469,0.370672742220203,-0.348342020452868,0.763317823714704,0.10863767019382,-0.0509348139169218,-0.135742659932585,-0.0502446738232794,0.178991978619432,-0.0352865532874814,-0.168195180129749,-0.109445424213749,0.85972276781762,-0.289616464932889,0.0441929473055159,0.0216305334372569,-0.0416828728077428,-0.194851531374383,-0.447670855873101,-0.472486505101851,-0.1623768391578,0.745481273832559,0.689128363282974,-0.129501135516953,-0.29902173006648,-0.550972031408574,0.219768440224703,-0.00543001957267379,0.338335565044302,-0.42535136878173,0.358635408192716,0.159303727195522
"商家-客户",-0.691763298350993,-0.706622306617759,-0.156693968167044,-0.441434279399909,-0.731416779094021,-0.221624478475353,1,0.491011295356784,0.617472576585456,0.314383118895059,-0.610992757374783,-0.696572423610744,0.605142601798896,-0.594755298840458,-0.66400371414127,0.309308164115789,-0.193310463740472,0.867035833294657,-0.352625394262215,0.858877084189292,-0.640631677761845,0.652310271690623,-0.516650669262817,-0.663995957198708,-0.379856464578023,0.168718919813174,-0.219165964687077,-0.332970891843771,-0.510052714863084,-0.499319261164114,-0.0265949538441514,0.361244040382946,-0.554805149773639,0.448372293655928,-0.61405995185329,0.22755585701067,-0.728525182095468,0.269028109925196,0.669812739892208,0.58659421143118,0.0474835870357979,-0.245973166205627,0.914847270649501,0.115961117939857,-0.46845009294606,-0.486268455457271,-0.485428316324201,-0.535043663682463,0.225610373384556,0.101251173059451,0.371282510759108,-0.187937544708741,-0.363584517642728,-0.394983041113518,0.267294378828776,0.446326037539295,0.390492306838533,0.201870109119121,0.034203615776947,0.117502280305446,-0.121222496892224,-0.518377304698553,-0.547948251441403,0.175750624754085,0.55827088223943,0.767386424043279,0.241665507813112,0.099343607371183,-0.0370263826436986,0.156974555591878,0.403951836491596,0.513950669951657
"上级-下级",-0.72244205768946,-0.689091623194034,0.0995423121114008,-0.106273674134662,-0.380312291002978,-0.339830182623102,0.491011295356784,1,0.320497907617318,0.400558058808342,-0.669665045577271,-0.715205446291802,0.590579565743785,-0.730925990078083,-0.638791663652384,0.242597451821529,-0.380283468522626,0.474176488146742,-0.526774120410058,0.406559403030167,-0.600508789764545,0.6666855926194,-0.450698303441787,-0.652618511439353,-0.352515529477411,0.489290042872454,-0.091962945639305,-0.474816030491427,-0.744446019245027,-0.668683736191392,-0.204392402685327,0.633455335584556,-0.572767543563632,0.351862774692248,-0.541874873057892,0.221148186714875,-0.699045463714943,-0.23089670516754,0.809937521710787,0.77243085899273,0.613224957644421,-0.410720398288852,0.520280877244493,-0.0182131758201108,-0.584842476871037,-0.757726125653336,-0.676819947127027,-0.743565107833623,0.418420322176395,0.534602837447894,0.649267859547213,-0.551977115625784,-0.423500189562528,-0.351884495119468,0.556119627199114,0.489440024472733,-0.0192387677952747,0.431653284627287,-0.0060987440535406,0.515526424065107,0.328816891065734,-0.429335570909352,-0.624189703207658,0.594377156122015,0.758662822629293,0.550359374621659,0.575995989264628,0.409387108268992,0.194226437830945,0.0298648669318212,0.120185253426486,0.481756574076853
"生意伙伴之间",-0.650812198768765,-0.50885142417771,-0.520178265754735,-0.670214899185484,-0.583575430659704,-0.62290093081749,0.617472576585456,0.320497907617318,1,-0.0429640640496944,-0.103028847116385,-0.0965167124521377,0.228065749981546,-0.141872286694553,-0.183873006601557,0.660735467010335,-0.186879402090774,0.512672666639622,0.263577969960428,0.396396849681886,-0.462514166174528,0.750270933188175,-0.0345204278780606,-0.380171375855932,0.0560120538097605,0.393187179305874,-0.505741004768877,0.0702874247352617,-0.0453810508007999,0.0671528323929944,-0.344680909621131,0.665688376680086,0.0712751875735014,0.0205563604279638,-0.155407641679568,0.459508317318206,-0.227348369231727,0.114669087922756,0.566371028460979,0.572002360500235,0.0480717782204852,-0.197441112871274,0.623421615505715,-0.533965296539573,-0.0919107920473353,0.0911345129036485,0.117460782089102,0.0147301741817763,-0.00201924698204991,-0.336348255707661,0.135646944428434,-0.0982081721355398,-0.617798771873987,0.214485174386633,-0.00258695721578234,0.359887881703924,0.182418485011512,-0.224456760491973,0.0987531374857086,0.389845315279395,0.0107127769787222,-0.663726658078586,-0.541976395649545,0.0406905539346163,0.360281625861268,0.652389188340758,-0.241413554081223,-0.250318892646038,-0.541431120253217,0.33871917748457,-0.0388031628818731,0.0722799126094436
"生意竞争对手之间",-0.241754798112037,-0.0824631133229104,0.757702559283361,0.522518465967979,-0.266175143229423,0.208149542643507,0.314383118895059,0.400558058808342,-0.0429640640496944,1,-0.659665141750022,-0.569023636656241,0.791464086798043,-0.244932057851482,-0.34401206777222,-0.238969471055857,-0.0879740661281757,0.443148733860758,-0.621303180115356,0.0862819314798137,-0.0174213958007597,-0.0599098152920149,-0.696303798888131,-0.641925472033308,-0.734617840030318,-0.435946074746849,0.707538530732806,-0.578342388416902,-0.591933706303918,-0.645887024688867,0.440079236055169,-0.139318920792147,-0.50393957217186,0.0801235075099631,-0.741140725004837,-0.402334236636701,-0.602996161765731,0.00936621144711322,0.302897173068496,0.0808634413889695,-0.100182992494915,-0.296933772201203,0.383834114459333,0.630195674098969,-0.627648308084838,-0.605565860096299,-0.694523599139651,-0.609799105156685,0.433852664221697,0.410680068775965,0.714329210143685,-0.298027478441172,0.300356571329662,-0.733311683494162,0.879685521669189,0.594030942893144,-0.37201297505865,0.414519260724559,-0.551861118292874,-0.2524725146644,-0.150180218663195,0.0798628322190049,0.0643752582628927,0.339680272405429,0.29676404375358,0.0497509830696695,0.390604116703828,0.553586715506867,0.597390818744326,-0.0136616852918487,0.389838516126609,0.641336008029242
"叔叔婶婶-侄子侄女",0.513044622940004,0.634495729710821,-0.425920350954113,-0.191781919220923,0.533361820904382,-0.00435403513002205,-0.610992757374783,-0.669665045577271,-0.103028847116385,-0.659665141750022,1,0.845027981181302,-0.787891417549494,0.739777638477591,0.753256557477954,-0.0712854659470548,0.132344392106481,-0.623596771772427,0.69269779856743,-0.548491038158035,0.580186727892385,-0.36777442585695,0.811745858280126,0.889371905580824,0.725145046600859,-0.0028791736548714,-0.277643422528719,0.581218161878484,0.874344819370174,0.75759668768395,-0.1452672823122,-0.19773775216198,0.759345692826495,-0.427270015391221,0.904969252105243,-0.0176342839851051,0.951289748034555,-0.0497235210858799,-0.617223166678863,-0.547086218905373,-0.316466656315624,0.357666655694856,-0.625263085526013,-0.438376736316006,0.585460652301384,0.854574864527208,0.837207917186611,0.817895833313149,-0.368954252537484,-0.60309885595685,-0.677691427794652,0.345529829927652,0.118126939943358,0.676097892372797,-0.667524233889491,-0.544484769293361,-0.0682033838706696,-0.570438321225839,0.192854457369228,-0.0681636479783255,-0.00584512503419372,0.322673625538945,0.442352392034871,-0.364086322501913,-0.674406031314232,-0.491357065089281,-0.639486198381762,-0.578669941768299,-0.44883073964679,-0.165031329417618,-0.310299118537358,-0.600178396923193
"双胞胎之间",0.446570803259458,0.652073395688783,-0.242784792940977,-0.0212956895713883,0.447302495356696,-0.0170043284858511,-0.696572423610744,-0.715205446291802,-0.0965167124521377,-0.569023636656241,0.845027981181302,1,-0.700274662261688,0.822911813411246,0.865525577589204,0.075666392758993,0.324996040357312,-0.699061951461799,0.68402106333451,-0.648120852061794,0.50139327171986,-0.421349323045408,0.696389438627433,0.699917586552992,0.586251503900277,-0.054010337267829,-0.140311060721288,0.64452986328448,0.871635197201989,0.756201196149771,-0.168066898188575,-0.184655931512282,0.850742458296019,-0.472384647606099,0.738341580802562,-0.0258976613072961,0.890383439243664,-0.15811312136229,-0.66351756511173,-0.524849187472487,-0.254684498381925,0.393915042625585,-0.672917263041819,-0.461851319678997,0.752270000972481,0.873749968584652,0.863922387097882,0.861947684719445,-0.521595596145116,-0.50318072134367,-0.57924920128866,0.260320202710934,0.105061092539666,0.765490269155112,-0.488977236687216,-0.45701354863348,-0.12940536946247,-0.564796520296613,0.085606932530641,-0.0662588623387688,-0.051075358706733,0.165016832906467,0.447631060590304,-0.444053139712873,-0.616829168149757,-0.578803009386951,-0.62618041403512,-0.453397745120942,-0.403408060223698,-0.0120615145397999,-0.536314172616534,-0.668006810356093
"谈判中对立的双方",-0.477620552315496,-0.491348240232315,0.507057112745436,0.257279690129005,-0.567849244941778,-0.0285844799075415,0.605142601798896,0.590579565743785,0.228065749981546,0.791464086798043,-0.787891417549494,-0.700274662261688,1,-0.409212174748885,-0.465848122235593,0.026547735370489,-0.0986739636343042,0.566646434326008,-0.512944491717188,0.369498960899335,-0.286448857214895,0.287257611656548,-0.584438352254753,-0.775774603961083,-0.583866135300455,-0.164179216340302,0.433920044026949,-0.587634507251795,-0.691003217337879,-0.611366479270018,0.0751523168890994,0.0510334321246844,-0.483865250815013,0.101816950941129,-0.801637496779967,-0.144670795300906,-0.787408305770496,0.0735509961223993,0.478861381491223,0.365710563892353,-0.0421313225304953,-0.163803527296765,0.675612830019762,0.3819328992711,-0.555102450740469,-0.65425104920559,-0.67297257712945,-0.65173970863197,0.367774024919685,0.441852096252987,0.827800476458053,-0.23083291165604,-0.129596493822517,-0.692570424805387,0.813616127404489,0.541212736189791,-0.0856708067849448,0.410664362117646,-0.358656094176529,-0.17035104705196,-0.180910358026609,-0.324401310249077,-0.382771798757847,0.198802052303162,0.598115975675996,0.38242713557989,0.387091294103231,0.660509516256743,0.459831095232148,0.141857595626953,0.182635619358412,0.506581982063128
"同父异母(或同母异父)的子女之间",0.502554286777704,0.738527317077065,0.0395264405774907,0.191145275649656,0.343485847823184,0.158616559425287,-0.594755298840458,-0.730925990078083,-0.141872286694553,-0.244932057851482,0.739777638477591,0.822911813411246,-0.409212174748885,1,0.878042192188499,-0.142640367201356,0.379693122319625,-0.569820899203214,0.541698697367812,-0.644708735278002,0.662831768896208,-0.547569932236694,0.536331563965183,0.624449201711135,0.384233034310017,-0.397718704128598,0.250816683858046,0.44183527215101,0.766202993388487,0.616745095527108,0.113549162631857,-0.431109553414709,0.772315539484629,-0.626589248589771,0.548879485725385,-0.368725619738447,0.769583882577359,-0.0639552611740868,-0.681227131146192,-0.626046764766734,-0.499423234364369,0.403306424537901,-0.533089840530592,-0.165790102112219,0.533573689146824,0.788173570841604,0.685412127293321,0.739236056551412,-0.345480604449389,-0.451690777175172,-0.373525639958236,0.301177289213332,0.313916260483613,0.438452821544352,-0.280754431409657,-0.33303912793977,-0.338754679541966,-0.477747320041791,-0.275598366995906,-0.35438153693417,-0.234962021670021,0.32783383849843,0.626508005769531,-0.426589224429334,-0.616572495840917,-0.668266080182638,-0.597485235843893,-0.309571550360324,-0.178197478863195,-0.0458532657988861,-0.316749612131393,-0.47596567725841
"继子女之间",0.457195407923367,0.766512211300233,-0.0263509270382826,0.151909200571395,0.353424861433049,0.218240933865671,-0.66400371414127,-0.638791663652384,-0.183873006601557,-0.34401206777222,0.753256557477954,0.865525577589204,-0.465848122235593,0.878042192188499,1,-0.0239593134890186,0.409205456997132,-0.715331953637617,0.501385463624626,-0.677237512160992,0.652219729304118,-0.526759209406074,0.582380980141634,0.633313694716345,0.409671205926505,-0.233422795249616,0.123389281878356,0.555861971721685,0.807957978756803,0.584568439750552,0.0285334066544003,-0.330937021689711,0.780943050839498,-0.560562570468203,0.562082011605681,-0.264694015501902,0.777853548653346,-0.274942228233717,-0.687030827272016,-0.584358258614609,-0.379852103944037,0.500208931829805,-0.661973290324562,-0.226473651025759,0.617298258737841,0.778983046739206,0.731756697169761,0.779833898064733,-0.267982258222696,-0.441266072106628,-0.413838153860323,0.149851767358376,0.307649200593928,0.595601612409985,-0.293071401584756,-0.384096261849765,-0.226871031336915,-0.545769559457008,-0.162529197404519,-0.180877802627436,-0.139807982397051,0.342034079439653,0.563900077960388,-0.423120049999438,-0.570861578622778,-0.669704795835076,-0.528789238266222,-0.29909503097454,-0.212220114126899,-0.0837371313842598,-0.401171863635276,-0.528141353120328
"同事之间",-0.489681515956947,-0.411395197791215,-0.507625454055599,-0.617898892296137,-0.517191397430751,-0.348834595729929,0.309308164115789,0.242597451821529,0.660735467010335,-0.238969471055857,-0.0712854659470548,0.075666392758993,0.026547735370489,-0.142640367201356,-0.0239593134890186,1,0.262337392772883,0.0940549215800119,0.210262818703289,0.252202033383713,-0.463182953881857,0.497591483642255,0.000286599903951057,-0.270675521673491,0.0837058482790727,0.631687192395993,-0.554368627336699,0.520012950594287,0.127808076492575,0.118926476906067,-0.269598483427563,0.66689188169381,0.128802983241689,0.0519786606684325,-0.114689211302959,0.284767271801401,-0.178612947225666,-0.260216232104635,0.242425383026529,0.484837626811422,0.345382589501223,0.189903831936639,0.204256494393376,-0.483367451915808,0.287235267634072,0.145621162256344,0.184163328410304,0.0495361521959588,0.0264481338479569,-0.218635003804546,0.0397094074904284,-0.36584889099925,-0.486604093475419,0.496603786445411,-0.0497320256884928,0.312850052205446,0.310196869630657,-0.463718669633094,0.042853758965719,0.496445904454668,0.209349241149913,-0.538446745130162,-0.475586178823633,0.0384553202580035,0.428604518754169,0.291990971779685,0.0195159250836047,-0.316697999245959,-0.603567192783737,0.081303217825151,-0.282860996996843,-0.20788213518075
"同学之间",0.257864530628925,0.326303328065101,0.042999124827818,0.0788036628809156,-0.177345889388059,0.551965413406093,-0.193310463740472,-0.380283468522626,-0.186879402090774,-0.0879740661281757,0.132344392106481,0.324996040357312,-0.0986739636343042,0.379693122319625,0.409205456997132,0.262337392772883,1,-0.374504013143486,0.0187406433355047,-0.0823286907237479,0.0606242078165575,-0.443674176506863,-0.110185709585061,0.084267815869237,-0.149557864023528,-0.17206228314329,0.176232362791645,0.597032589277783,0.426064358618771,0.0941281324894596,0.401596597064892,-0.309756996608936,0.171562528845076,0.0994473685704759,-0.0251196505964414,-0.481893727312846,0.0647158870221761,-0.373125893532063,-0.48173330353706,-0.328676214549142,-0.2040832784574,0.513115953348759,-0.307097046014017,0.244966748974024,0.557234050223917,0.308039003117682,0.241002340655754,0.221174223029668,-0.0842515711730437,-0.253317813295901,-0.155400666182312,-0.198928184347677,0.305256994778382,0.202117236971979,-0.0170049555540624,0.0436713658445568,0.145091134903766,-0.575995961917552,-0.414974243956095,-0.258563843722245,-0.0814195710602164,0.146820096232474,0.400803042556205,-0.408630864543095,-0.200248114021888,-0.547357952832657,0.0527987512961423,-0.200893248780749,-0.0340798670584983,-0.276472349776808,-0.0388284429229159,-0.163556711883801
"房东-租户",-0.633128516460004,-0.601617239148694,-0.00192807438160426,-0.254422697042086,-0.536898135970654,-0.17087146518178,0.867035833294657,0.474176488146742,0.512672666639622,0.443148733860758,-0.623596771772427,-0.699061951461799,0.566646434326008,-0.569820899203214,-0.715331953637617,0.0940549215800119,-0.374504013143486,1,-0.433315777493931,0.716061519382631,-0.510768898509159,0.587282352210438,-0.594789307980203,-0.659817878738619,-0.498162196576006,-0.0210556560708099,-0.0597073465180054,-0.483240132550203,-0.62269752913953,-0.562972344019547,0.0731347323177095,0.332910613059614,-0.602913116269997,0.442077089004272,-0.641097439824112,0.183601638332538,-0.660501346018661,0.35953445778556,0.708448857176743,0.54620780294572,0.045708969992722,-0.389390951104861,0.862592105268974,0.205367826712135,-0.597040659574158,-0.593326476374079,-0.595493471891266,-0.61482763929211,0.221604893762563,0.139427759945938,0.397803452379337,-0.166798678980121,-0.190029132072061,-0.564560315548715,0.277765039354447,0.488386565132991,0.130688991641024,0.329359791588652,-0.0573229148555123,0.114014105700506,-0.0661672403889833,-0.351681656896045,-0.408048609195121,0.321617986282507,0.477332149016793,0.723301635881067,0.221704760704743,0.198505719645114,0.115417968060521,0.215612437438102,0.453870159019131,0.563140795546929
"夫妻之间",0.319793076805413,0.166701931095815,-0.532339520327535,-0.302003921044683,0.192333619277866,-0.360342072558818,-0.352625394262215,-0.526774120410058,0.263577969960428,-0.621303180115356,0.69269779856743,0.68402106333451,-0.512944491717188,0.541698697367812,0.501385463624626,0.210262818703289,0.0187406433355047,-0.433315777493931,1,-0.397522914801966,0.248821572034857,-0.0246261306636147,0.798239630031547,0.54511102881002,0.754691261897852,0.10598966479448,-0.465814417587781,0.42263308742369,0.671683053186117,0.954415219180315,-0.496861257193688,-0.00372152780267024,0.789022050937339,-0.530314288479255,0.745195246800267,0.25026620518288,0.669488930122504,0.230375959100578,-0.415764989506952,-0.330371382396371,-0.302795700794115,0.263992875717022,-0.274503313210738,-0.694016824173537,0.507483216069534,0.803777633824399,0.860341824916715,0.746664649204477,-0.526514877742245,-0.568546891741956,-0.443224115586242,0.578057039883276,-0.327599989247615,0.620148417856606,-0.543444312077763,-0.436192650375143,-0.0598201918951696,-0.471447855371076,0.315374075683209,-0.0672813414612932,-0.133209378072739,-0.135427918803475,-0.024886990532937,-0.561508966130929,-0.435985490648098,-0.12999239176272,-0.6488535894558,-0.419597840945141,-0.57172811950698,0.15835363269066,-0.533289157975746,-0.710953928974969
"服务员-顾客",-0.527008507786581,-0.686074412126469,-0.225953948901803,-0.455488605018622,-0.647362931306116,-0.129760931073085,0.858877084189292,0.406559403030167,0.396396849681886,0.0862819314798137,-0.548491038158035,-0.648120852061794,0.369498960899335,-0.644708735278002,-0.677237512160992,0.252202033383713,-0.0823286907237479,0.716061519382631,-0.397522914801966,1,-0.701177197568572,0.564339573476911,-0.482620533490538,-0.533304665351884,-0.312517463639101,0.273027034591961,-0.306180213148804,-0.211009785674887,-0.454792307675362,-0.477314441610154,-0.0167400048818392,0.280800500181169,-0.615026344162722,0.680279807566417,-0.515256886088706,0.250356751599591,-0.672122106431557,0.20906466095319,0.57562663622726,0.540445740348506,0.218282571617959,-0.161713820802895,0.742470851197655,0.130832044536976,-0.300698510030239,-0.509784783494756,-0.495600160429939,-0.532211321691838,0.196135426315185,0.214544346693225,0.199235777215794,-0.219774000433123,-0.343891368979685,-0.293928989291157,0.0759317484443252,0.128949215322881,0.548032597529509,0.262318380467262,0.182439564096963,0.156260988440469,-0.0911604287628961,-0.458875070473438,-0.522161616717442,0.090377108792269,0.392090922438836,0.653126357664509,0.335391323313061,0.00931522196409487,0.0390283471517291,0.0712890935790391,0.38782034005866,0.449674473556255
"公公婆婆-媳妇",0.682044885746771,0.816052825021724,0.228247341366414,0.411600649921861,0.609122944010714,0.339019513807112,-0.640631677761845,-0.600508789764545,-0.462514166174528,-0.0174213958007597,0.580186727892385,0.50139327171986,-0.286448857214895,0.662831768896208,0.652219729304118,-0.463182953881857,0.0606242078165575,-0.510768898509159,0.248821572034857,-0.701177197568572,1,-0.706307984504956,0.428369348329067,0.625510822240752,0.258053512505332,-0.539242970347125,0.435386251606225,0.131771039266468,0.492080669247323,0.371900115985964,0.253347992584492,-0.605886215358809,0.514251775335363,-0.583406586307657,0.430383064912595,-0.246676607966666,0.624826166059747,-0.0264861083761131,-0.678897606112666,-0.734655733435297,-0.508793727999639,0.340986510845609,-0.590118804619466,0.137304486620205,0.186966354836878,0.462909830584202,0.410333207050953,0.558204716980705,0.0770929131027295,-0.313851396366297,-0.294218577029028,0.308446123743155,0.562289543418544,0.114319964778548,-0.190542307610242,-0.27386237732889,-0.371942515191583,-0.210609627306449,-0.186707978117497,-0.426680715447822,-0.214931912524933,0.674749525386569,0.665865039680327,-0.170997405821913,-0.544968833735859,-0.553531856095923,-0.411367054335753,-0.103173257907342,0.0683751941960654,-0.115053737786444,0.00622114246669581,-0.244632512657015
"雇主-雇员",-0.795853412598799,-0.798383289233553,-0.440268441491965,-0.620223787937819,-0.545486797047085,-0.695435740111522,0.652310271690623,0.6666855926194,0.750270933188175,-0.0599098152920149,-0.36777442585695,-0.421349323045408,0.287257611656548,-0.547569932236694,-0.526759209406074,0.497591483642255,-0.443674176506863,0.587282352210438,-0.0246261306636147,0.564339573476911,-0.706307984504956,1,-0.108539231624424,-0.446507092240514,0.0710994679684633,0.654172641677241,-0.596734703954169,-0.250292991365275,-0.434543887941614,-0.225604782832642,-0.530202382572201,0.838788869853125,-0.228747235759903,0.283002005597776,-0.218288015031078,0.532652569304991,-0.445153677322085,0.02331022625886,0.848973521514881,0.887493523660904,0.500873217380631,-0.400400433731092,0.638910966059717,-0.460668812879346,-0.380413243686901,-0.320269113705714,-0.270530472365083,-0.402052967267606,0.0969636579114341,0.141746291479077,0.342095621750459,-0.253134050494592,-0.746898380283499,0.0113105412981808,0.077321663106805,0.288085092057717,0.209441000310151,0.141772145989835,0.40276715550712,0.682423861700502,0.210377491943157,-0.707487820984997,-0.798233123057279,0.277799897215887,0.645416723975593,0.800308323823417,0.148516741878136,0.0033703743940351,-0.265041905732025,0.221400304433905,-0.0473112878066901,0.215521447842521
"继父继母-儿女",0.365183973400967,0.276701348201655,-0.432402987594309,-0.201441338389815,0.490683723986952,-0.343572870194583,-0.516650669262817,-0.450698303441787,-0.0345204278780606,-0.696303798888131,0.811745858280126,0.696389438627433,-0.584438352254753,0.536331563965183,0.582380980141634,0.000286599903951057,-0.110185709585061,-0.594789307980203,0.798239630031547,-0.482620533490538,0.428369348329067,-0.108539231624424,1,0.758804566090732,0.943655474986967,0.208591733688423,-0.412198386949892,0.341571585866477,0.692265764471506,0.790698133363489,-0.559581860065388,-0.074470714563168,0.833878098674266,-0.552722552743393,0.90172813032154,0.202026876644182,0.80115064955328,0.0239439566173926,-0.464066775681867,-0.36735934769878,-0.123038404617099,0.339952296583683,-0.463799038641289,-0.652666279463192,0.47913873852894,0.709461695368361,0.781436561853146,0.679102773933962,-0.424817290264014,-0.315285706193241,-0.422417664554405,0.436696742616321,-0.265504331999431,0.646034797565515,-0.573001902254892,-0.600919845280433,-0.07372913830312,-0.353113317667741,0.438244992230699,0.0212861377596104,0.0110541761601676,0.00963754125567637,0.00377313121922346,-0.395077357709001,-0.421743030915519,-0.243077507088346,-0.499782443364165,-0.290727255302183,-0.364939747618665,0.0340711403705663,-0.532413852100099,-0.744977638576167
"继祖父母 - 继孙",0.632075757283172,0.626228458570575,-0.332931850074564,-0.104940613912696,0.58427346583053,0.132944332551026,-0.663995957198708,-0.652618511439353,-0.380171375855932,-0.641925472033308,0.889371905580824,0.699917586552992,-0.775774603961083,0.624449201711135,0.633313694716345,-0.270675521673491,0.084267815869237,-0.659817878738619,0.54511102881002,-0.533304665351884,0.625510822240752,-0.446507092240514,0.758804566090732,1,0.688073585697324,-0.0493733248204671,-0.188781344953253,0.418336909176576,0.708060524075456,0.637814747767416,-0.0611531045944295,-0.304537268934091,0.613693353808526,-0.363022194974897,0.896684678397989,-0.114509969062705,0.879929954705467,-0.0157177209943098,-0.649496526712542,-0.575618672497219,-0.237965036654791,0.352561446377387,-0.697843623539078,-0.242108692761682,0.414152263278952,0.671124065334586,0.644010473745593,0.66602250635782,-0.221632840592935,-0.436596381542201,-0.686347089977475,0.364355537776391,0.24276027818646,0.500467072274699,-0.678790323226363,-0.64625598425771,-0.103468636087273,-0.403797459616336,0.253425332421308,-0.0958487671276675,0.0145300753141122,0.505584028018256,0.508268300777871,-0.215028419541971,-0.636493612640081,-0.545473365163115,-0.46689185393339,-0.499170103802123,-0.288878700117145,-0.270258346109625,-0.20454983133814,-0.465448598201488
"寄养父母 - 寄养子女",0.198699475234406,0.116213199332571,-0.541474487740726,-0.332185723832176,0.407113743094692,-0.443934559864854,-0.379856464578023,-0.352515529477411,0.0560120538097605,-0.734617840030318,0.725145046600859,0.586251503900277,-0.583866135300455,0.384233034310017,0.409671205926505,0.0837058482790727,-0.149557864023528,-0.498162196576006,0.754691261897852,-0.312517463639101,0.258053512505332,0.0710994679684633,0.943655474986967,0.688073585697324,1,0.379194106039462,-0.560183067513746,0.333064171924433,0.616770090149772,0.707470558828155,-0.654651643956375,0.0787723996348111,0.76330344625744,-0.40181769586324,0.871522111308512,0.299823233596431,0.676919534134466,-0.00550088170064036,-0.314791466484438,-0.202386466275347,0.0350649206552388,0.280347586012118,-0.341525281274367,-0.70250896149189,0.418530591402523,0.631378937259867,0.703574746848976,0.551911959330503,-0.406248588535302,-0.258574824528544,-0.375854108563944,0.3409092714605,-0.391683707217813,0.64264518272104,-0.588605608772748,-0.567079395486075,0.0804665453232438,-0.345708123740451,0.619124273731414,0.160021626024808,0.0335931993599844,-0.120332466168963,-0.150563139197734,-0.353246471814188,-0.284518958633847,-0.100995786678878,-0.409921396468361,-0.335300402876358,-0.407098907476747,0.00280427824935656,-0.494928787364481,-0.674123955977822
"老师-学生",-0.478988983050618,-0.501265233576423,-0.587299671774571,-0.617689166058048,-0.172467965574944,-0.556961731792335,0.168718919813174,0.489290042872454,0.393187179305874,-0.435946074746849,-0.0028791736548714,-0.054010337267829,-0.164179216340302,-0.397718704128598,-0.233422795249616,0.631687192395993,-0.17206228314329,-0.0210556560708099,0.10598966479448,0.273027034591961,-0.539242970347125,0.654172641677241,0.208591733688423,-0.0493733248204671,0.379194106039462,1,-0.74709311251017,0.217256780856797,-0.0375934542172213,-0.00134589058251546,-0.575192014184758,0.754104802412233,0.0128384718841607,0.245623365676605,0.163940758395586,0.468630787996968,-0.0997770014509269,-0.385174704756687,0.396014193346109,0.611267721992726,0.716801746720726,-0.0751237222353174,0.0885142287501264,-0.593676275663907,0.0676555685004524,-0.0657656678072074,0.0280246206044242,-0.143143793091726,0.0232230872143713,0.130177295876663,0.0428348261575281,-0.422568586793198,-0.643900515249357,0.475614843477853,-0.141736241223343,-0.000182111237551364,0.361063327671445,-0.106044264811866,0.524377314073005,0.77714147720525,0.467718100966385,-0.511522151929797,-0.615241378606486,0.221452960083363,0.425346000802278,0.386331617429128,0.236631840753421,-0.228007923943013,-0.433882140523013,-0.0797873332410323,-0.278594578518976,-0.100307273707984
"假朋友之间（表面朋友，实则讨厌对方）",0.296953464562708,0.399486685433627,0.893728068569864,0.852649929536247,0.130367866726185,0.480078372748622,-0.219165964687077,-0.091962945639305,-0.505741004768877,0.707538530732806,-0.277643422528719,-0.140311060721288,0.433920044026949,0.250816683858046,0.123389281878356,-0.554368627336699,0.176232362791645,-0.0597073465180054,-0.465814417587781,-0.306180213148804,0.435386251606225,-0.596734703954169,-0.412198386949892,-0.188781344953253,-0.560183067513746,-0.74709311251017,1,-0.329381537366973,-0.219059766913851,-0.350599213174886,0.580339708013917,-0.61801281267443,-0.169334879705234,-0.21435814139417,-0.424625786325688,-0.611936419312732,-0.147474963953384,0.00500021252349969,-0.243402094755581,-0.364378762324493,-0.338426712352946,-0.0195401263538367,-0.112458716480083,0.682216175467322,-0.196294612106404,-0.249127663010739,-0.36892331145364,-0.172254672549941,0.219720122607561,0.291516635164214,0.354164074320023,-0.0132300310463256,0.59917399971471,-0.545798470464811,0.569846832155529,0.198497531438051,-0.449220812036062,0.324353122851536,-0.683493045857769,-0.581437336305073,-0.246508160074198,0.410117513934443,0.504096185966887,0.0894133257133482,-0.120738106921045,-0.447349651238152,0.147258543069358,0.510466713684409,0.665642460988462,-0.0141452042153984,0.213220026462687,0.298364280857129
"教徒之间",0.20785804203305,0.34158674426175,-0.428890811818822,-0.312283045208191,0.087563112979565,0.166576560186386,-0.332970891843771,-0.474816030491427,0.0702874247352617,-0.578342388416902,0.581218161878484,0.64452986328448,-0.587634507251795,0.44183527215101,0.555861971721685,0.520012950594287,0.597032589277783,-0.483240132550203,0.42263308742369,-0.211009785674887,0.131771039266468,-0.250292991365275,0.341571585866477,0.418336909176576,0.333064171924433,0.217256780856797,-0.329381537366973,1,0.731838319366043,0.494695947824521,0.0187202490176442,0.0161015186654895,0.507905840094148,-0.0620117912102037,0.428368628624391,-0.0480145334885161,0.503567053039719,-0.25128710925385,-0.487556595470411,-0.260085019497229,-0.0852935725485857,0.539527582194042,-0.428037130287595,-0.324817475309844,0.818812864004544,0.687284245088931,0.662121681906254,0.572921604715046,-0.324541149779967,-0.561475645276295,-0.58226853926261,-0.0484684980326681,0.0746589327834934,0.721659798586867,-0.490430007135326,-0.190402279543812,0.299368082617283,-0.727771360032675,-0.0321582696866053,0.02441434288008,0.149683493307124,0.0533702589087198,0.232315983016777,-0.324031972598309,-0.339176108419293,-0.428738734538786,-0.325970619636411,-0.575933552053363,-0.582507371126158,-0.157853943011045,-0.329474238911046,-0.574416860854049
"童年玩伴之间",0.464040605183369,0.623760163156064,-0.376855567266963,-0.173574013930594,0.345468229119743,0.0855736157326386,-0.510052714863084,-0.744446019245027,-0.0453810508007999,-0.591933706303918,0.874344819370174,0.871635197201989,-0.691003217337879,0.766202993388487,0.807957978756803,0.127808076492575,0.426064358618771,-0.62269752913953,0.671683053186117,-0.454792307675362,0.492080669247323,-0.434543887941614,0.692265764471506,0.708060524075456,0.616770090149772,-0.0375934542172213,-0.219059766913851,0.731838319366043,1,0.740431826179813,-0.0664195574516806,-0.253405712668969,0.811723871296978,-0.375520282968111,0.729319160531331,-0.10160512340347,0.808061732115621,-0.139846656995382,-0.713868419877671,-0.589859743273101,-0.360926698279495,0.538509565944972,-0.551230363490217,-0.381440709977105,0.727657241082102,0.892436659977155,0.896486983727373,0.850167097499862,-0.384733211267587,-0.630061063088093,-0.616652654192301,0.211519189856589,0.126041848061539,0.748621198308488,-0.561956806950546,-0.421001667882445,0.0497731962284696,-0.71861131887566,0.0635720468327188,-0.147960141824768,-0.0768390118601909,0.198109260351051,0.444113654332349,-0.51954998584153,-0.642079970036164,-0.50214550063952,-0.533948343865089,-0.574106518901839,-0.471745943784476,-0.121285319793886,-0.298336770575494,-0.613095872995848
